1612713600000,420.12,578.9,393.92,463.32,1431765.6027,1613318399999
1613318400000,463.13,497.66,385.72,439.84,1677694.7512,1613923199999
1613923200000,439.68,448.46,285.28,305.75,1558654.9164,1614527999999
1614528000000,305.59,419.21,302.24,410.43,1253184.1081,1615132799999
1615132800000,410.5,458.64,360,380.32,1208354.5574,1615737599999
1615737600000,380.61,396.34,350.42,368.41,730325.4883,1616342399999
1616342400000,368.28,371.77,296.61,348.01,642193.2627,1616947199999
1616947200000,348.01,425.23,332.2,402.1,887120.2021,1617551999999
1617552000000,401.67,414.39,340.31,369.28,768993.8305,1618156799999
1618156800000,369.23,488.16,276.01,376,1703936.7401,1618761599999
1618761600000,376.27,414.07,309.19,348.74,1494510.340844,1619366399999
1619366400000,348.8,512.02,322.19,487.67,1690790.814316,1619971199999
1619971200000,487.67,535.67,432.14,457.56,1248424.2282,1620575999999
1620576000000,457.65,636,400.44,510.8,2483843.414245,1621180799999
1621180800000,511.25,665.71,246.59,251.72,3405125.419236,1621785599999
1621785600000,251.68,417.17,208.33,322.06,2149191.850683,1622390399999
1622390400000,321.99,408.88,304.46,363.4,1249506.295984,1622995199999
1622995200000,363.48,387.51,265.75,280.04,947314.389515,1623599999999
1623600000000,279.99,336.23,242.27,255.25,781373.782622,1624204799999
1624204800000,255.25,277.22,170,192.59,1619841.854789,1624809599999
1624809600000,192.54,276.66,183.18,272.09,1492337.793919,1625414399999
1625414400000,272.37,347.14,261.06,307.1,2245399.394135,1626019199999
1626019200000,307.23,321.93,246.05,252.1,1201667.965278,1626623999999
1626624000000,252,298.98,212.59,278.09,1137898.108409,1627228799999
1627228800000,278.03,339.54,275.31,324.72,1263966.282855,1627833599999
1627833600000,324.76,399,300.23,363.88,1010736.46958,1628438399999
1628438400000,363.86,428.11,347.46,401.08,829589.748777,1629043199999
1629043200000,401.07,448.36,361.18,393.33,1001081.52331,1629647999999
1629648000000,393.45,415.48,340.4,359.32,621223.392225,1630252799999
1630252800000,359.3,425.41,345.93,415.32,803609.328708,1630857599999
1630857600000,415.26,424.91,304.35,336.24,1087128.836799,1631462399999
1631462400000,336.17,417.93,303.36,346.74,1032584.752594,1632067199999
1632067200000,346.74,351.01,252,299.55,1031632.933453,1632671999999
1632672000000,299.67,323.67,259.28,314.83,730093.549382,1633276799999
1633276800000,314.83,324.7,284.68,302.38,678425.870537,1633881599999
1633881600000,302.35,320.96,270.9,305.57,618506.247349,1634486399999
1634486400000,305.58,338,289.85,305.05,529214.677282,1635091199999
1635091200000,305.05,535.64,299.9,308.29,1882017.110154,1635695999999
1635696000000,308.24,346.54,301.9,322.1,750980.866548,1636300799999
1636300800000,322.01,349.99,294.81,312.01,790550.71856,1636905599999
1636905600000,312.17,317.01,255.39,270.82,754480.811152,1637510399999
1637510400000,270.71,277.46,224.28,226.09,730870.028307,1638115199999
1638115200000,226.1,268.84,158.25,189.29,936481.400126,1638719999999
1638720000000,189.14,203.69,162.8,179.58,970023.850961,1639324799999
1639324800000,179.58,202.1,157.54,185.43,915456.810516,1639929599999
1639929600000,185.43,280.9,167.28,269.03,1478869.51097,1640534399999
1640534400000,269.1,296.72,231.05,256.26,1352016.722679,1641139199999
1641139200000,256.17,285.92,199.9,210.65,1389368.085285,1641743999999
1641744000000,210.62,245.51,187.13,240.39,1032479.603334,1642348799999
1642348800000,240.34,244.3,134.96,152.01,1339891.062564,1642953599999
1642953600000,151.99,164.1,131.02,153.12,1112097.682912,1643558399999
1643558400000,153.2,173.48,141.59,170.4,738172.97621,1644163199999
1644163200000,170.39,192.76,159.88,162.74,685000.760663,1644767999999
1644768000000,162.68,174.37,135.63,138.74,568228.888267,1645372799999
1645372800000,138.7,144.7,112.41,143.58,1060734.850362,1645977599999
1645977600000,143.55,150.79,118.08,119.57,1218394.608707,1646582399999
1646582400000,119.59,130.45,113.33,119.14,897779.289299,1647187199999
1647187200000,119.13,165.61,113.44,149.33,1520977.662303,1647791999999
1647792000000,149.35,174.33,146.54,161.68,1184286.250949,1648396799999
1648396800000,161.59,261.38,161.02,241.9,2811236.829859,1649001599999
1649001600000,241.93,248.41,176.75,180.35,1224082.11463,1649606399999
1649606400000,180.36,188.94,155.62,176.21,858972.467812,1650211199999
1650211200000,176.22,198.8,157.68,169.08,1007631.746736,1650815999999
1650816000000,169.18,178.95,137.85,146.49,1499730.073937,1651420799999
1651420800000,146.54,162.16,127.33,128.98,1112188.436737,1652025599999
1652025600000,129,131.41,64.38,86.74,1559589.178262,1652630399999
1652630400000,86.75,98.22,79.27,91.93,527994.513389,1653235199999
1653235200000,91.85,109.84,89.57,95.01,520978.246764,1653839999999
1653840000000,95.07,124.05,93.82,105.95,464492.753332,1654444799999
1654444800000,105.91,111.87,69.22,76.49,318227.222854,1655049599999
1655049600000,76.44,77.14,45.62,52,960880.755432,1655654399999
1655654400000,51.93,78,50.33,68.89,718314.860213,1656259199999
1656259200000,68.82,69.56,53.09,55.48,668572.66377,1656863999999
1656864000000,55.47,83.2,55.38,75.76,946735.888263,1657468799999
1657468800000,75.71,95.96,65.67,88.12,1330539.117943,1658073599999
1658073600000,88.08,102.43,85.28,91.25,935027.769366,1658678399999
1658678400000,91.25,109.39,76.46,103.5,990433.930519,1659283199999
1659283200000,103.5,106.08,88.28,101.31,836415.933023,1659887999999
1659888000000,101.31,115.78,95.38,109.32,753634.307374,1660492799999
1660492800000,109.28,112.49,79.91,85.18,837710.872035,1661097599999
1661097600000,85.18,95.82,80.4,82.74,949978.986351,1661702399999
1661702400000,82.75,92.15,77.92,88.43,762728.738748,1662307199999
1662307200000,88.49,94.48,82,91.51,727475.417255,1662911999999
1662912000000,91.48,97.05,77.17,78.16,1007558.561155,1663516799999
1663516800000,78.15,79.71,70.39,75.87,642797.400725,1664121599999
1664121600000,75.81,80.86,72.66,73.39,547348.267314,1664726399999
1664726400000,73.39,80.45,71.83,75.65,352062.168002,1665331199999
1665331200000,75.65,76.5,64.85,74.26,416713.326673,1665935999999
1665936000000,74.25,85.65,73.98,82.81,595979.111153,1666540799999
1666540800000,82.78,90.1,80.54,83.58,857155.395924,1667145599999
1667145600000,83.6,98.33,79.16,91,904815.193475,1667750399999
1667750400000,90.97,91.57,56.1,58.05,1013725.148704,1668355199999
1668355200000,58.04,65,53.3,58.63,449480.091322,1668959999999
1668960000000,58.63,63.3,50.18,62.73,528408.943282,1669564799999
1669564800000,62.75,66.34,58.49,63.89,315932.40517,1670169599999
1670169600000,63.9,67.28,60.26,61.18,206770.26743,1670774399999
1671379200000,55.49,56.53,52.97,54.53,155871.418168,1671983999999
1671984000000,54.5,58.29,51.12,51.7,222619.573181,1672588799999
1672588800000,51.7,58.91,51.33,58.29,268339.31733,1673193599999
1673193600000,58.3,82.93,57.42,80.95,612626.984237,1673798399999
1673798400000,80.94,91.21,76.35,87.97,757160.066836,1674403199999
1674403200000,88,90.61,78.05,87.8,532907.532108,1675007999999
1675008000000,87.83,94.93,79.16,85.23,514221.359721,1675612799999
1675612800000,85.22,90.36,75.91,80.06,519334.342568,1676217599999
1676217600000,80.07,95.48,73.59,93.78,613136.641068,1676822399999
1676822400000,93.81,94.38,77.17,81.01,351832.82702,1677427199999
1677427200000,81.05,83.53,72.95,76.6,221607.00044,1678031999999
1678032000000,76.56,77.74,63.83,66.01,311988.423138,1678636799999
1678636800000,66.04,81.88,65.9,79.96,410529.913481,1679241599999
1679241600000,79.98,81.61,70.1,72.71,264601.920846,1679846399999
1679846400000,72.69,74.85,68.11,72.48,176784.338912,1680451199999
1680451200000,72.47,81.49,70.77,75.54,192028.63844,1681055999999
1681056000000,75.5,84.35,75,81.71,214893.023839,1681660799999
1681660800000,81.68,84.51,68.08,69.82,228442.718887,1682265599999
1682265600000,69.75,74.62,65.94,71.93,163854.078213,1682870399999
1682870400000,71.9,74.27,67.56,69.54,105633.686612,1683475199999
1683475200000,69.62,69.8,60.14,63.21,146003.915359,1684079999999
1684080000000,63.21,67.4,61.41,63.83,106172.569451,1684684799999
1684684800000,63.88,66.94,62.28,66.76,67036.332372,1685289599999
1685289600000,66.81,69.54,62.13,63.09,80879.530682,1685894399999
1685894400000,63.13,63.81,46.8,52.15,215007.375748,1686499199999
1686499200000,52.15,56.11,49.02,51.78,140810.236511,1687103999999
1687104000000,51.8,78,50.15,74.64,448904.488778,1687708799999
1687708800000,74.66,75.34,57.35,70.26,733755.426122,1688313599999
1688313600000,70.28,81.55,68.2,72.85,557821.505085,1688918399999
1688918400000,72.86,88,68.81,78.3,488335.543109,1689523199999
1689523200000,78.29,79.6,70.72,72.31,174253.672115,1690127999999
1690128000000,72.32,75.15,68.07,74.05,151559.850394,1690732799999
1690732800000,74.08,74.66,61.5,65.53,486591.74832,1691337599999
1691337600000,65.54,69.57,62.92,65.41,163258.768498,1691942399999
1691942400000,65.43,66.6,49.53,56.65,215645.356289,1692547199999
1692547200000,56.71,58.96,52.65,57.92,68606.743919,1693151999999
1693152000000,57.93,60.75,53.59,54.57,118211.775882,1693756799999
1693756800000,54.54,57.37,53.93,54.29,72930.111958,1694361599999
1694361600000,54.22,62.39,51.36,60.63,188302.643189,1694966399999
1694966400000,60.62,66.1,58.14,62.24,222828.514777,1695571199999
1695571200000,62.24,70.41,59.86,69.11,158643.881722,1696175999999
1696176000000,69.12,72.79,63,65.55,225392.683244,1696780799999
1696780800000,65.56,66.31,61.69,64.06,97278.001645,1697385599999
1697385600000,63.99,79.96,61.05,74.58,349532.14554,1697990399999
1697990400000,74.59,90.92,74.51,84.64,759871.702186,1698595199999
1698595200000,84.66,102.61,79,88.03,711421.560508,1699199999999
1699200000000,88.07,109.97,87.01,96.3,610667.604374,1699804799999
1699804800000,96.44,104.6,82.82,88.82,349131.143145,1700409599999
1700409600000,88.85,103.26,83.56,98.6,328559.29312,1701014399999
1701014400000,98.6,105.99,92.89,102.19,205391.34125,1701619199999
1701619200000,102.3,104.91,94.57,98.07,383923.737111,1702223999999
1702224000000,98.1,118.8,86,103.27,648783.774268,1702828799999
1702828800000,103.34,107.92,93.22,101.48,440182.688853,1703433599999
1703433600000,101.5,129.88,97.46,116.2,894296.761661,1704038399999
1704038400000,116.18,119.92,90,97.98,372317.685727,1704643199999
1704643200000,97.92,117.96,88.47,103.68,412578.982725,1705247999999
1705248000000,103.64,110.99,91.61,97.63,264758.436258,1705852799999
1705852800000,97.64,98.48,84.26,91.4,135786.587848,1706457599999
1706457600000,91.35,95.37,82.35,85.02,231542.744098,1707062399999
1707062400000,84.93,89.97,81.51,87.89,215485.491781,1707667199999
1707667200000,87.86,95.49,85.06,94.9,222749.991163,1708271999999
1708272000000,94.96,104.11,88.08,98.11,479579.487452,1708876799999
1708876800000,98.06,118.96,97.24,112.83,494856.948745,1709481599999
1709481600000,112.77,138.09,88,125.15,628111.705868,1710086399999
1710086400000,125.17,153.83,113.34,126.57,453117.670206,1710691199999
1710691200000,126.48,129.56,105,122.22,286019.217001,1711295999999
1711296000000,122.22,132.19,120.02,126.23,162775.950863,1711900799999
1711900800000,126.36,131.73,109.46,120.99,236153.025435,1712505599999
1712505600000,121.06,134.02,67.42,83.63,545243.753762,1713110399999
1713110400000,83.61,93.28,78.7,91.15,279074.529832,1713715199999
1713715200000,91.26,97.49,86.08,92.14,128740.036041,1714319999999
1714320000000,92.16,92.59,78.5,90.15,129579.695045,1714924799999
1714924800000,90.2,92.9,82.1,83.84,113357.483433,1715529599999
1715529600000,83.82,90.05,79.96,86.17,109132.341871,1716134399999
1716134400000,86.12,111.12,84.17,109.3,380810.683236,1716739199999
1716739200000,109.19,114.76,100.05,104.71,226130.246469,1717343999999
1717344000000,104.75,105.52,87.97,93.56,141073.112008,1717948799999
1717948800000,93.52,94.3,80.42,85.65,169037.387635,1718553599999
1718553600000,85.65,90.18,73.7,81.33,273319.253907,1719158399999
1719158400000,81.35,98.13,76.73,96.5,339481.927228,1719763199999
1719763200000,96.56,100.03,71.01,79.12,293983.738701,1720367999999
1720368000000,79.32,103.24,75.39,102.66,228790.830432,1720972799999
1720972800000,102.62,106.79,95.45,97.41,226607.216453,1721577599999
1721577600000,97.21,103.21,85.8,99.75,314796.334103,1722182399999
1722182400000,99.67,117.97,97.95,103.94,527877.347093,1722787199999
1722787200000,103.88,107.9,76.27,93.38,579701.927402,1723391999999
1723392000000,93.34,116.75,90.21,110.78,384111.595551,1723996799999
1723996800000,110.81,148.88,107.6,136.95,504113.852332,1724601599999
1724601600000,136.93,139.97,117.17,124.43,295405.409244,1725206399999
1725206400000,124.41,138.94,116.13,123.76,540814.293786,1725811199999
1725811200000,123.9,159.26,123.24,147.11,457674.694537,1726415999999
1726416000000,147.09,162.14,134.14,156.46,292219.473562,1727020799999
1727020800000,156.55,178.71,154.25,160.82,283631.267522,1727625599999
1727625600000,160.8,164.68,134.74,149.11,258432.593285,1728230399999
1728230400000,149.12,157,136.11,150.92,143366.343399,1728835199999
1728835200000,151.04,165.9,150.2,158.75,137374.941364,1729439999999
1729440000000,158.89,160.11,131.75,145.42,130668.975068,1730044799999
1730044800000,145.41,158.34,130.83,132.5,139030.390102,1730649599999
1730649600000,132.44,199.46,125.77,192.86,437184.262188,1731254399999
1731254400000,192.95,196.99,150.64,164.96,471542.923411,1731859199999
1731859200000,164.99,184.1,151.83,163.5,471542.144249,1732463999999
1732464000000,163.5,214.69,162.41,207.34,438976.405238,1733068799999
1733068800000,207.34,297.22,202.73,279.23,628506.973777,1733673599999
1733673600000,279.32,396.21,220.01,371.37,772022.297752,1734278399999
1734278400000,371.44,399.89,271.42,301.52,612758.468446,1734883199999
1734883200000,301.67,390.23,298.12,333.89,382689.456283,1735487999999
1735488000000,334.05,361.25,306,342.22,263718.051448,1736092799999
1736092800000,342.26,355.18,273.35,292.97,275586.917298,1736697599999
1736697600000,293,341.88,256.34,330.76,344771.140379,1737302399999
1737302400000,330.76,378.48,296.49,329.43,493829.411835,1737907199999
1737907200000,329.41,349.73,280.75,285.2,411338.432557,1738511999999
1738512000000,285.25,285.49,192.13,245.08,617408.696462,1739116799999
1739116800000,245.12,270.18,229.82,255.53,308472.318382,1739721599999
1739721600000,255.66,278.65,238.54,243.73,340618.502118,1740326399999
1740326400000,243.82,249.28,178.22,197.9,459072.570637,1740931199999
1740931200000,198,239.77,167.49,190.78,620319.223902,1741535999999
1741536000000,190.79,201.98,160.08,165.33,574004.643026,1742140799999
1742140800000,165.31,186.57,163.29,183.52,235549.52797,1742745599999
1742745600000,183.45,194.75,162.31,164,305478.177461,1743350399999
1743350400000,163.93,171.43,141.9,144.03,391707.381605,1743955199999
1743955200000,144.02,150.18,114.1,140.87,576962.456649,1744559999999
1744560000000,140.86,147.2,129.71,137.5,220629.656621,1745164799999
1745164800000,137.49,179.47,137.22,166.56,361108.662083,1745769599999
1745769600000,166.55,181.1,155.46,173.72,267295.342373,1746374399999
1746374400000,173.69,230.54,163.29,216.59,337525.313844,1746979199999
1746979200000,216.48,245.09,210.27,241.96,316283.652612,1747583999999
1747584000000,241.96,276.98,212.01,264.56,612703.58595,1748188799999
1748188800000,264.57,282.8,237.61,250.34,337915.008004,1748793599999
1748793600000,250.34,275.9,239.18,253.02,226853.942304,1749398399999
1749398400000,253.04,325.64,250.38,273.87,307325.66244,1750003199999
1750003200000,274.04,293.88,218.81,222.2,223670.473527,1750607999999
1750608000000,222.1,274.85,213.1,271.9,236668.169044,1751212799999
1751212800000,271.9,285.51,257.41,276,170102.445156,1751817599999
1751817600000,276.14,318.04,273.54,311.7,195298.695814,1752422399999
1752422400000,311.6,337.92,304,333.84,251854.326626,1753027199999
1753027200000,333.78,335.31,276.19,297.1,184828.902826,1753631999999
1753632000000,297.11,308.95,245.04,257.6,139333.479338,1754236799999
1754236800000,257.5,311.38,250.26,307.87,179685.491208,1754841599999
1754841600000,307.74,340.4,290.24,310.32,248356.89564,1755446399999
1755446400000,310.32,386.09,275.8,351.78,240813.046982,1756051199999
1756051200000,351.75,360.59,304.12,320.13,171729.050218,1756655999999
1756656000000,320.11,331.77,297.45,299.82,110337.602886,1757260799999
1757260800000,299.77,321.76,294.88,303.28,136060.811487,1757865599999
1757865600000,303.31,312.93,289.5,295.65,106950.446353,1758470399999
1758470400000,295.65,299.01,247.82,266.28,209343.786315,1759075199999
1759075200000,266.37,299.98,266.16,290.2,174636.922117,1759679999999
1759680000000,290.34,301.76,80.98,245.1,368838.519274,1760284799999
1760284800000,245.16,263.61,200.08,224.78,245809.552639,1760889599999
1760889600000,224.81,241.05,208.22,238.02,153744.817984,1761494399999
1761494400000,237.88,249.03,207.34,220.3,134040.492041,1762099199999
1762099200000,220.29,237.37,176.63,208.21,289771.499543,1762703999999
1762704000000,208.23,232.21,172.89,173.28,229284.57123,1763308799999
1763308800000,173.28,182.26,146.67,165,214610.794732,1763913599999
1763913600000,165.04,190.74,164.01,180.25,201355.885956,1764518399999
1764518400000,180.23,200.71,162.33,188.24,177567.669171,1765123199999
1765123200000,188.23,207.1,184.49,191.5,188275.607923,1765727999999
1765728000000,191.53,196.71,169.54,175.31,154966.321756,1766332799999
1766332800000,175.3,177.21,146.52,154.96,276535.486448,1766937599999
1766937600000,154.97,167.96,143.7,164.63,170869.761858,1767542399999
1767542400000,164.64,176.98,161.19,166.92,130197.08437,1768147199999
1768147200000,166.95,180.31,160.84,174.44,137540.023636,1768751999999
1768752000000,174.46,177.29,151.76,153.33,102228.223984,1769356799999
1769356800000,153.37,163.94,115.69,124.05,260331.678976,1769961599999
