1766404800000,159.1,159.31,153.49,154.36,30842.219552,1766419199999
1766419200000,154.39,158.55,152.71,153.37,12179.575662,1766433599999
1766433600000,153.25,153.89,148.19,150.54,10085.866821,1766447999999
1766448000000,150.63,153.72,148.55,152.41,11845.121375,1766462399999
1766462400000,152.38,155.65,151.82,152.73,9683.193025,1766476799999
1766476800000,152.73,153.36,150.87,151.32,4239.833831,1766491199999
1766491200000,151.24,153.09,147.58,150.3,12162.917905,1766505599999
1766505600000,150.35,151.8,149.26,150.81,4640.095298,1766519999999
1766520000000,150.88,152.47,150.12,150.84,3672.733444,1766534399999
1766534400000,150.83,151.82,148.94,149.89,3993.038801,1766548799999
1766548800000,149.93,150.19,147.43,147.57,3961.811964,1766563199999
1766563200000,147.52,149.46,146.52,149.06,4287.331959,1766577599999
1766577600000,149.06,149.64,147.46,148.31,3044.092529,1766591999999
1766592000000,148.32,150,147.69,148.39,2814.343607,1766606399999
1766606400000,148.38,149.7,147.62,148.74,3021.841421,1766620799999
1766620800000,148.74,151.44,148.09,150.57,3647.338886,1766635199999
1766635200000,150.59,150.97,149.95,150.5,1634.607222,1766649599999
1766649600000,150.5,151.71,149.49,150.02,3000.890229,1766663999999
1766664000000,150.07,153.82,149.98,153.59,3864.763848,1766678399999
1766678400000,153.6,154.53,152.16,152.9,3481.371442,1766692799999
1766692800000,152.74,152.91,148.27,149.21,4322.211049,1766707199999
1766707200000,149.1,153.9,148.6,152.41,3893.021234,1766721599999
1766721600000,152.46,154.48,151.49,152.7,3066.741074,1766735999999
1766736000000,152.7,154.95,152.59,154.03,3842.709849,1766750399999
1766750400000,154.08,157.38,151.87,154.72,10685.634636,1766764799999
1766764800000,154.75,156.7,154.28,155.26,9814.085719,1766779199999
1766779200000,155.18,155.33,153.26,154.29,3593.105485,1766793599999
1766793600000,154.34,156.22,153.93,155.99,3771.614326,1766807999999
1766808000000,156,156.89,154.72,156.79,2859.512268,1766822399999
1766822400000,156.8,157.22,155.83,156.9,3798.297318,1766836799999
1766836800000,156.87,157.15,155.54,156.65,4275.520419,1766851199999
1766851200000,156.63,156.74,155.3,156.16,1142.986984,1766865599999
1766865600000,156.18,157.68,155.97,157.2,1124.648314,1766879999999
1766880000000,157.19,157.41,155.63,156.17,1668.827542,1766894399999
1766894400000,156.17,156.17,154.08,155.3,4540.503455,1766908799999
1766908800000,155.31,156.19,154.51,155.04,2124.540932,1766923199999
1766923200000,155.07,155.94,154.33,154.96,2527.006209,1766937599999
1766937600000,154.97,155.4,153.08,153.28,2160.514978,1766951999999
1766952000000,153.26,154.36,152.71,153.66,3169.450069,1766966399999
1766966400000,153.7,157.92,152.93,157.51,4486.704456,1766980799999
1766980800000,157.52,159.28,153.64,154.09,10466.521435,1766995199999
1766995200000,154.09,154.23,150.79,152.04,8945.174236,1767009599999
1767009600000,152.02,152.37,149.88,151.2,5274.000133,1767023999999
1767024000000,151.14,151.64,149.34,149.66,2060.384684,1767038399999
1767038400000,149.66,150.14,148.68,149.54,2246.3374,1767052799999
1767052800000,149.52,151.28,149.35,151.14,1578.578297,1767067199999
1767067200000,151.14,152.15,150.12,151,1163.038159,1767081599999
1767081600000,150.99,152.53,149.7,150.02,3042.013707,1767095999999
1767096000000,150.05,151.9,149.67,150.88,5078.04187,1767110399999
1767110400000,150.9,151.68,149.18,150.23,2468.229301,1767124799999
1767124800000,150.19,150.33,149.02,149.5,1840.959751,1767139199999
1767139200000,149.49,150.24,148.81,149.51,1241.410089,1767153599999
1767153600000,149.52,150.9,149.21,150.17,1512.81935,1767167999999
1767168000000,150.21,150.68,149.12,149.67,2819.637443,1767182399999
1767182400000,149.66,150.36,146.88,147.41,4323.537966,1767196799999
1767196800000,147.43,148.04,144.11,144.36,8727.567841,1767211199999
1767211200000,144.38,147.19,143.7,145.92,3861.246706,1767225599999
1767225600000,146.05,146.73,145.67,146.15,2032.521231,1767239999999
1767240000000,146.16,146.7,145.44,146.09,1502.953862,1767254399999
1767254400000,146.09,146.52,145.81,146.38,658.526651,1767268799999
1767268800000,146.36,147.01,145.1,146.5,2170.882794,1767283199999
1767283200000,146.49,148.7,146.26,148.62,3641.611937,1767297599999
1767297600000,148.64,149.56,147.34,148.96,1725.041368,1767311999999
1767312000000,148.94,151.31,147.93,150.86,2099.709119,1767326399999
1767326400000,150.88,151.19,149.37,149.61,1992.918226,1767340799999
1767340800000,149.62,153.08,149.55,150.72,5604.001342,1767355199999
1767355200000,150.7,155.14,149.95,154.1,6166.108005,1767369599999
1767369600000,154.13,157.33,153.07,156.84,6430.651538,1767383999999
1767384000000,156.88,165.99,156.66,165.2,15912.585043,1767398399999
1767398400000,165.23,166,163.99,165.14,5597.088434,1767412799999
1767412800000,165.15,167.96,161.07,161.76,9254.904551,1767427199999
1767427200000,161.71,162.36,158.2,158.52,6037.756772,1767441599999
1767441600000,158.53,160.73,157.89,159.75,3404.360033,1767455999999
1767456000000,159.82,161.14,159.72,160.53,1105.83461,1767470399999
1767470400000,160.56,163.12,159.44,163.12,2325.902871,1767484799999
1767484800000,163.08,164.84,162.58,164.34,3327.289832,1767499199999
1767499200000,164.37,164.99,161.16,161.58,2758.115784,1767513599999
1767513600000,161.59,164.74,160.71,164.21,5789.568728,1767527999999
1767528000000,164.21,166.17,163.32,164.63,4865.261256,1767542399999
1767542400000,164.64,166.12,161.92,162.6,2435.148249,1767556799999
1767556800000,162.69,165.27,162.36,164.22,2469.069676,1767571199999
1767571200000,164.19,167.86,163.67,165.84,5295.930141,1767585599999
1767585600000,165.82,165.97,161.76,164.58,5164.080627,1767599999999
1767600000000,164.58,166.59,162.9,166.15,3934.892665,1767614399999
1767614400000,166.14,170.04,163.63,169.32,6187.312104,1767628799999
1767628800000,169.3,174.7,168.22,173.53,7475.271315,1767643199999
1767643200000,173.58,175.21,169.91,170.94,5386.156216,1767657599999
1767657600000,171.09,173.89,170.69,173.28,1926.74907,1767671999999
1767672000000,173.23,174.65,171.1,171.72,3619.256768,1767686399999
1767686400000,171.68,174.81,171.63,174.7,4314.499611,1767700799999
1767700800000,174.77,176.98,172.03,172.87,6942.184968,1767715199999
1767715200000,172.83,173.26,167.81,169.89,7639.535584,1767729599999
1767729600000,169.93,176.79,169.93,176.18,3577.546313,1767743999999
1767744000000,176.09,176.15,171.45,172.18,2165.817602,1767758399999
1767758400000,172.2,173.5,170.74,173.46,1940.294688,1767772799999
1767772800000,173.53,174.69,169.72,172.11,3789.929942,1767787199999
1767787200000,172.08,172.09,166.58,167.07,4979.999098,1767801599999
1767801600000,167,168.68,166.24,167.14,3806.584766,1767815999999
1767816000000,167.3,168.64,165.85,167.86,1660.537293,1767830399999
1767830400000,167.86,169.22,166.26,166.62,1551.172319,1767844799999
1767844800000,166.64,168.12,162.33,165.59,5419.214871,1767859199999
1767859200000,165.58,166.4,163.03,164.38,3548.363337,1767873599999
1767873600000,164.43,166,161.19,165.96,6864.296068,1767887999999
1767888000000,165.95,167.46,164.09,164.35,2880.807236,1767902399999
1767902400000,164.29,166.14,162.82,164.31,1320.671659,1767916799999
1767916800000,164.43,166.69,163.66,166.29,2386.625218,1767931199999
1767931200000,166.28,166.75,165.03,165.1,1473.820786,1767945599999
1767945600000,165.13,165.62,162.7,165.31,1773.332836,1767959999999
1767960000000,165.25,169.83,163.87,167.91,5297.324026,1767974399999
1767974400000,167.94,170.37,163.83,164.42,2728.762064,1767988799999
1767988800000,164.38,166.57,164.25,165.69,1646.455484,1768003199999
1768003200000,165.66,165.67,163.98,164.82,1006.0687,1768017599999
1768017600000,164.77,165.59,163.47,165.29,814.320517,1768031999999
1768032000000,165.27,166.61,165,166.53,533.442106,1768046399999
1768046400000,166.6,167.24,165.91,165.91,1097.315855,1768060799999
1768060800000,165.92,166.34,164.92,165.72,559.771879,1768075199999
1768075200000,165.81,165.96,163.94,164.95,685.123961,1768089599999
1768089600000,164.96,166,164.71,165.5,902.472919,1768103999999
1768104000000,165.5,166.03,165.08,166.03,476.881621,1768118399999
1768118400000,166.02,167.25,165.74,166.8,1244.689044,1768132799999
1768132800000,166.88,168.28,166.42,166.92,1275.355168,1768147199999
1768147200000,166.95,171.68,166.92,168.88,3978.337917,1768161599999
1768161600000,168.7,168.7,165.36,167.93,1629.678844,1768175999999
1768176000000,167.95,171.5,165.77,169.07,5290.027406,1768190399999
1768190400000,169.14,170.79,166.32,166.5,2245.679071,1768204799999
1768204800000,166.47,167.36,163.35,164.65,3631.128712,1768219199999
1768219200000,164.6,165.35,160.84,164.79,3743.724749,1768233599999
1768233600000,164.78,167.2,162.7,166.74,3623.038992,1768247999999
1768248000000,166.64,167.67,163.86,165.08,1805.070497,1768262399999
1768262400000,164.99,167.54,164.8,167.26,1922.904944,1768276799999
1768276800000,167.29,171.26,167.09,169.31,3302.576601,1768291199999
1768291200000,169.31,171.98,169.06,169.58,5235.504672,1768305599999
1768305600000,169.62,173.03,169.07,172.39,5371.976911,1768319999999
1768320000000,172.6,175.5,171.67,174.94,5103.940349,1768334399999
1768334400000,175.1,180,173.42,177.71,6336.211788,1768348799999
1768348800000,177.72,179.72,177.18,178.58,4554.874594,1768363199999
1768363200000,178.62,179.09,176.26,177.03,3104.129649,1768377599999
1768377600000,177.1,178.42,174.5,174.65,1933.877867,1768391999999
1768392000000,174.65,178.15,174.16,177.42,2579.983263,1768406399999
1768406400000,177.48,180.31,175.56,178.5,6791.495057,1768420799999
1768420800000,178.49,179.55,177.62,178.59,1623.743174,1768435199999
1768435200000,178.38,178.55,172.16,172.84,5398.658415,1768449599999
1768449600000,172.77,176.02,172.7,175.67,2115.816938,1768463999999
1768464000000,175.63,178.49,173.97,174.7,5806.570873,1768478399999
1768478400000,174.71,176.82,170.84,173.85,4622.750299,1768492799999
1768492800000,173.75,174.45,169.24,170.59,5570.356971,1768507199999
1768507200000,170.51,171.76,169.12,171.68,3085.21249,1768521599999
1768521600000,171.73,172.65,170.63,170.97,1713.325111,1768535999999
1768536000000,171.05,173.23,170.09,172.8,2318.409772,1768550399999
1768550400000,172.83,174.25,172.34,172.99,1453.630764,1768564799999
1768564800000,173,173.33,168.37,169.35,2474.055135,1768579199999
1768579200000,169.32,172.45,168.92,171.99,3092.065463,1768593599999
1768593600000,172.03,176.44,171.59,175.37,2428.079962,1768607999999
1768608000000,175.33,177.42,173.82,174.89,6173.598252,1768622399999
1768622400000,174.86,175.96,174.18,174.18,742.15581,1768636799999
1768636800000,174.16,175.81,173.75,174.73,2161.790374,1768651199999
1768651200000,174.72,176.5,174.65,176.5,1879.556884,1768665599999
1768665600000,176.51,176.66,174.58,175.04,1749.067989,1768679999999
1768680000000,175.05,175.5,173.46,173.83,2185.267747,1768694399999
1768694400000,173.78,174.86,171.94,173.95,6229.8136,1768708799999
1768708800000,173.92,173.92,172.48,172.91,536.380931,1768723199999
1768723200000,172.7,173.66,172.6,172.97,448.807848,1768737599999
1768737600000,173.02,174.57,172.23,174.44,1546.746951,1768751999999
1768752000000,174.46,177.29,174.16,175.28,2608.076653,1768766399999
1768766400000,175.29,176.1,168.7,168.78,6418.514163,1768780799999
1768780800000,168.84,168.84,156.68,163.51,15134.798145,1768795199999
1768795200000,163.51,163.65,161.46,162.4,3370.422802,1768809599999
1768809600000,162.4,164.5,162.04,163.62,2414.368738,1768823999999
1768824000000,163.63,164.05,162.35,162.61,1875.33171,1768838399999
1768838400000,162.58,165.78,162.49,165.41,2996.960573,1768852799999
1768852800000,165.64,166.19,162.92,163.91,1970.305446,1768867199999
1768867200000,163.92,164.51,162.92,164.05,1346.908116,1768881599999
1768881600000,164.04,164.14,160.83,160.9,3119.927652,1768895999999
1768896000000,160.86,161.29,158.97,159.56,2812.297012,1768910399999
1768910400000,159.63,160.13,155.43,157.18,3238.075806,1768924799999
1768924800000,157.1,157.31,153.7,154.93,3619.720194,1768939199999
1768939200000,154.81,155.83,151.76,153.27,2646.370809,1768953599999
1768953600000,153.22,156.72,153.08,156.29,1919.815187,1768967999999
1768968000000,156.29,158.22,155.99,157.02,1625.315249,1768982399999
1768982400000,156.97,158.02,155.84,156.21,4249.765366,1768996799999
1768996800000,156.23,160.45,153.93,159.18,6858.98359,1769011199999
1769011200000,159.23,162.15,152,162.15,6442.775106,1769025599999
1769025600000,162.13,163.59,158.97,159.46,3016.799854,1769039999999
1769040000000,159.53,161.92,159.5,159.95,2105.718214,1769054399999
1769054400000,159.95,161.01,159.23,159.33,1315.297135,1769068799999
1769068800000,159.39,160.78,158.8,159.12,988.853979,1769083199999
1769083200000,159.06,160.06,155.18,156.5,1975.330398,1769097599999
1769097600000,156.46,158.54,156.2,157.97,1504.855347,1769111999999
1769112000000,157.92,158.04,156.24,157.27,1121.398868,1769126399999
1769126400000,157.25,158.9,156.92,158.6,657.292924,1769140799999
1769140800000,158.61,159.64,157.49,158.35,702.694637,1769155199999
1769155200000,158.34,158.54,156.4,158.12,1134.091322,1769169599999
1769169600000,158.08,158.58,154.89,158.32,1945.103234,1769183999999
1769184000000,158.34,161.41,157.08,157.43,2306.557456,1769198399999
1769198400000,157.47,157.86,155.54,157.08,1301.000721,1769212799999
1769212800000,157.09,157.58,156.74,157.34,390.329779,1769227199999
1769227200000,157.33,158.09,157.04,157.71,237.9937,1769241599999
1769241600000,157.71,157.75,155.85,155.95,677.227745,1769255999999
1769256000000,155.96,156.83,155.55,155.7,1243.153168,1769270399999
1769270400000,155.67,156.53,155.4,155.75,742.638882,1769284799999
1769284800000,155.83,157,155.83,156.25,453.318957,1769299199999
1769299200000,156.23,156.74,154.75,155.07,1029.282829,1769313599999
1769313600000,154.99,155.67,154.62,155.07,852.582632,1769327999999
1769328000000,155.17,155.64,154.32,154.67,584.150025,1769342399999
1769342400000,154.7,155.1,152.92,153.33,1273.819861,1769356799999
1769356800000,153.37,153.37,145.53,146.19,8833.113629,1769371199999
1769371200000,146.23,148.07,145.55,147.97,2393.698677,1769385599999
1769385600000,147.89,152.18,147.62,149.81,2645.793018,1769399999999
1769400000000,149.98,152.61,149.98,152.4,1403.54827,1769414399999
1769414400000,152.42,153.5,150.91,151.66,1700.760719,1769428799999
1769428800000,151.68,154.88,151.23,152.66,2316.691418,1769443199999
1769443200000,152.66,154.8,151.71,153.63,3802.141234,1769457599999
1769457600000,153.67,155.42,152.59,154.31,3046.109776,1769471999999
1769472000000,154.26,154.92,153.58,154.45,1682.722609,1769486399999
1769486400000,154.45,155.28,153.69,153.9,1530.034838,1769500799999
1769500800000,154.08,154.98,153.19,153.78,1431.369844,1769515199999
1769515200000,153.69,156.39,153.2,154.8,5794.542115,1769529599999
1769529600000,154.79,157.86,152.82,156.24,2987.843726,1769543999999
1769544000000,156.23,159.81,156.23,158.99,2209.640533,1769558399999
1769558400000,159.02,159.64,157.5,158.46,2420.403973,1769572799999
1769572800000,158.46,159.19,156.56,158.18,4612.871519,1769587199999
1769587200000,158.28,162.96,158.02,162.91,3384.916619,1769601599999
1769601600000,162.9,163.94,159.97,160.44,4022.224335,1769615999999
1769616000000,160.49,161.78,158.78,160.17,1935.713443,1769630399999
1769630400000,160.09,161.5,158.58,160.26,1582.243636,1769644799999
1769644800000,160.26,160.32,156.69,156.96,1564.80542,1769659199999
1769659200000,156.87,157.37,155.77,156.73,713.489369,1769673599999
1769673600000,156.73,157.28,153.72,153.99,4429.95246,1769687999999
1769688000000,153.98,155.15,145.32,147.26,7247.625691,1769702399999
1769702400000,147.32,149.5,143.08,145.2,8217.865545,1769716799999
1769716800000,145.23,148,144.94,147.26,2544.741995,1769731199999
1769731200000,147.27,147.8,140.44,142.64,10992.634738,1769745599999
1769745600000,142.64,144.48,139.74,142.01,4432.295657,1769759999999
1769760000000,141.99,143.52,140.01,142.86,4993.467531,1769774399999
1769774400000,142.91,143.06,138.63,139.86,10560.077314,1769788799999
1769788800000,139.83,141.96,135.54,140.38,8644.874292,1769803199999
1769803200000,140.33,140.33,137.39,137.99,4968.423962,1769817599999
1769817600000,137.98,138.61,137.18,137.87,1654.700215,1769831999999
1769832000000,137.88,138.54,135.54,136.31,2248.21748,1769846399999
1769846400000,136.38,136.86,133,134.63,5759.564671,1769860799999
1769860800000,134.6,134.66,127.65,132.2,33899.427028,1769875199999
1769875200000,132.21,132.87,115.69,123.49,57220.252946,1769889599999
1769889600000,123.49,129.78,122.57,129.09,8915.396766,1769903999999
1769904000000,129.1,130.42,128.47,129.02,5516.073266,1769918399999
1769918400000,129.09,129.83,126.64,127.38,3551.816286,1769932799999
1769932800000,127.4,128.28,125.47,127.17,2829.335667,1769947199999
1769947200000,127.2,127.33,122.43,124.05,9690.256746,1769961599999
1769961600000,124.03,126.9,123.06,124.76,4742.748451,1769975999999
1769976000000,124.75,126.58,121.55,124.21,5910.343349,1769990399999
1769990400000,124.22,127.45,120.47,125.15,6484.817526,1770004799999
1770004800000,125.1,126.73,120.64,125.1,7653.439832,1770019199999
1770019200000,124.86,127.94,124.84,127.09,4322.50318,1770033599999
1770033600000,127.11,131.02,127.11,129.63,7966.653106,1770047999999
1770048000000,129.52,130.32,127.81,127.92,2022.414142,1770062399999
1770062400000,127.92,128.93,126.67,128.38,1343.172106,1770076799999
1770076800000,128.39,128.65,125.67,128,2035.9689,1770091199999
1770091200000,128.06,128.99,126.72,128.4,2237.747004,1770105599999
1770105600000,128.43,129.08,125.79,126.65,2554.436853,1770119999999
1770120000000,126.66,129.38,125.66,128.98,4143.44111,1770134399999
1770134400000,129,129.04,120.94,127.45,12048.890339,1770148799999
1770148800000,127.4,131,124.26,125.29,8871.805586,1770163199999
1770163200000,125.28,128.63,124.57,128.06,2319.917775,1770177599999
1770177600000,128.06,128.4,126.76,127.97,1875.923693,1770191999999
1770192000000,127.9,128.76,125.53,126.95,3440.122365,1770206399999
1770206400000,126.94,127.05,121.11,122.67,6180.619794,1770220799999
1770220800000,122.67,125.52,119.54,125.24,12774.557294,1770235199999
1770235200000,125.28,125.43,121.14,123.75,5411.432578,1770249599999
1770249600000,123.78,125.51,121.46,121.75,5576.44151,1770263999999
1770264000000,121.75,122.51,119.22,120.09,5858.474324,1770278399999
1770278400000,120.15,122.76,116.9,118.3,6724.508219,1770292799999
1770292800000,118.34,120.34,110.35,112.55,20406.504959,1770307199999
1770307200000,112.57,115.92,109.36,109.8,17049.306135,1770321599999
1770321600000,109.82,110.51,98.77,100.99,40481.281238,1770335999999
1770336000000,101.04,106.74,92.1,104.38,45061.000582,1770350399999
1770350400000,104.38,107.82,102.74,102.94,12771.320251,1770364799999
1770364800000,102.95,107.45,101.96,106.48,10477.00873,1770379199999
1770379200000,106.44,110.73,105.84,110.25,13438.524923,1770393599999
1770393600000,110.24,115.39,109.86,114.37,12905.742849,1770407999999
1770408000000,114.33,115.42,113.13,114.06,4254.250831,1770422399999
1770422400000,114.07,115.02,112.35,114.67,3011.79579,1770436799999
1770436800000,114.67,116.43,110.2,111.55,8259.458802,1770451199999
1770451200000,111.54,112.58,110.18,111,6524.500561,1770465599999
1770465600000,110.98,114.67,110.9,113.2,7620.935022,1770479999999
1770480000000,113.29,115.8,112.63,114.41,12086.917303,1770494399999
1770494400000,114.44,115.56,113.6,114.01,2522.753512,1770508799999
1770508800000,114,114.2,112.3,112.43,2530.713592,1770523199999
1770523200000,112.44,113.26,112.15,112.53,1160.767192,1770537599999
1770537600000,112.52,115.14,112.23,114.96,3015.946251,1770551999999
1770552000000,114.96,115.05,112.78,113.2,3580.729705,1770566399999
1770566400000,113.16,114.93,111.01,114.68,3251.389395,1770580799999
1770580800000,114.78,115.23,111.49,112.49,4038.598869,1770595199999
1770595200000,112.52,114.63,111.58,114.49,5229.739517,1770609599999
1770609600000,114.49,114.92,112.28,112.45,5031.580461,1770623999999
1770624000000,112.44,112.65,108.95,110.22,3715.941177,1770638399999
1770638400000,110.12,112.72,109.38,112.6,4327.556524,1770652799999
1770652800000,112.55,115.12,111.55,114.47,4477.745943,1770667199999
1770667200000,114.47,114.78,111.98,112.69,3303.229555,1770681599999
1770681600000,112.72,113.25,110.51,110.97,3188.315421,1770695999999
1770696000000,110.97,111.82,108.02,108.74,6872.978995,1770710399999
