1769580000000,156.86,158.07,156.86,157.98,392.285446,1769583599999
1769583600000,157.99,159.19,157.54,158.18,1429.351681,1769587199999
1769587200000,158.28,159.01,158.02,158.2,971.548359,1769590799999
1769590800000,158.21,160.2,158.04,160.08,953.785528,1769594399999
1769594400000,160.14,160.69,159.76,160.38,464.361425,1769597999999
1769598000000,160.36,162.96,160.35,162.91,995.221307,1769601599999
1769601600000,162.9,163.94,161.62,162.06,1446.629543,1769605199999
1769605200000,162.04,163.78,161.73,163.21,1241.14372,1769608799999
1769608800000,163.26,163.56,161.51,161.89,715.020956,1769612399999
1769612400000,161.84,162.49,159.97,160.44,619.430116,1769615999999
1769616000000,160.49,160.78,159.22,159.7,407.18836,1769619599999
1769619600000,159.7,161.78,158.78,160.95,633.971887,1769623199999
1769623200000,160.9,160.9,159.56,160.21,362.452537,1769626799999
1769626800000,160.13,160.89,159.36,160.17,532.100659,1769630399999
1769630400000,160.09,161.36,159.48,159.8,452.829352,1769633999999
1769634000000,159.8,160.61,158.58,160.2,529.397256,1769637599999
1769637600000,160.26,161.08,159.59,161.08,389.977705,1769641199999
1769641200000,161.08,161.5,160.01,160.26,210.039323,1769644799999
1769644800000,160.26,160.32,158.99,159.79,261.82474,1769648399999
1769648400000,159.85,160.02,158.59,159.34,217.01144,1769651999999
1769652000000,159.3,159.7,157.09,157.56,701.310397,1769655599999
1769655600000,157.48,158.42,156.69,156.96,384.658843,1769659199999
1769659200000,156.87,157.11,155.77,157,367.357097,1769662799999
1769662800000,156.95,157.37,156.27,156.35,135.951968,1769666399999
1769666400000,156.28,157.11,156.28,156.7,50.540178,1769669999999
1769670000000,156.86,157.22,156.7,156.73,159.640126,1769673599999
1769673600000,156.73,157.28,156.08,156.62,518.555358,1769677199999
1769677200000,156.52,156.7,155.37,155.38,830.660419,1769680799999
1769680800000,155.38,155.38,154.57,154.57,1334.975136,1769684399999
1769684400000,154.57,154.99,153.72,153.99,1745.761547,1769687999999
1769688000000,153.98,154.24,153.23,153.56,375.356432,1769691599999
1769691600000,153.74,154.58,153.74,154.5,97.45789,1769695199999
1769695200000,154.56,155.15,150.3,150.32,975.076458,1769698799999
1769698800000,150.3,150.3,145.32,147.26,5799.734911,1769702399999
1769702400000,147.32,147.71,145.62,147.48,1394.116427,1769705999999
1769706000000,147.48,149.5,146.47,146.59,1209.706202,1769709599999
1769709600000,146.62,147.3,143.25,143.5,3367.105065,1769713199999
1769713200000,143.54,145.55,143.08,145.2,2246.937851,1769716799999
1769716800000,145.23,147.01,144.94,146.78,887.270042,1769720399999
1769720400000,146.8,148,146.76,147.17,991.208317,1769723999999
1769724000000,147.24,147.68,146.52,146.88,448.643344,1769727599999
1769727600000,146.79,147.32,146.49,147.26,217.620292,1769731199999
1769731200000,147.27,147.8,146.27,146.65,329.781459,1769734799999
1769734800000,146.64,147,140.44,144.19,8338.180047,1769738399999
1769738400000,144.09,144.09,140.69,142.32,1894.340616,1769741999999
1769742000000,142.32,143.26,142.07,142.64,430.332616,1769745599999
1769745600000,142.64,144.48,142.64,143.61,593.082202,1769749199999
1769749200000,143.68,144.03,143.13,143.37,306.29911,1769752799999
1769752800000,143.29,143.3,139.74,140.7,2360.089924,1769756399999
1769756400000,140.7,142.75,140.7,142.01,1172.824421,1769759999999
1769760000000,141.99,142.18,140.43,140.82,1522.816623,1769763599999
1769763600000,140.99,141.33,140.01,140.71,516.225768,1769767199999
1769767200000,140.7,142.26,140.44,141.22,2034.928931,1769770799999
1769770800000,141.35,143.52,141.09,142.86,919.496209,1769774399999
1769774400000,142.91,143.06,141.08,141.51,1199.433267,1769777999999
1769778000000,141.52,141.88,139.75,140.52,1513.727486,1769781599999
1769781600000,140.54,142.21,140.14,140.55,1900.431815,1769785199999
1769785200000,140.57,141.27,138.63,139.86,5946.484746,1769788799999
1769788800000,139.83,140.98,138.48,139.83,2030.083465,1769792399999
1769792400000,139.87,140.45,138.54,138.78,763.942428,1769795999999
1769796000000,138.74,141.27,135.54,140.64,4555.425124,1769799599999
1769799600000,140.7,141.96,140.38,140.38,1295.423275,1769803199999
1769803200000,140.33,140.33,137.56,138.16,1763.082223,1769806799999
1769806800000,138.11,139.75,137.94,139.06,1295.582065,1769810399999
1769810400000,139.04,139.62,138.16,138.6,351.010191,1769813999999
1769814000000,138.55,138.68,137.39,137.99,1558.749483,1769817599999
1769817600000,137.98,138.25,137.49,137.6,637.076566,1769821199999
1769821200000,137.6,138.17,137.18,137.93,381.521276,1769824799999
1769824800000,137.92,138.61,137.24,137.94,295.536303,1769828399999
1769828400000,137.94,138.39,137.68,137.87,340.56607,1769831999999
1769832000000,137.88,138.54,137.88,137.89,565.868677,1769835599999
1769835600000,137.88,138.27,137.23,137.95,507.920631,1769839199999
1769839200000,138,138.25,136.73,137.06,383.62591,1769842799999
1769842800000,137.04,137.13,135.54,136.31,790.802262,1769846399999
1769846400000,136.38,136.86,133,134.22,4453.839746,1769849999999
1769850000000,134.31,135.22,133.89,134.26,724.675156,1769853599999
1769853600000,134.27,135.54,133.82,135.41,301.230299,1769857199999
1769857200000,135.46,135.46,134.37,134.63,279.81947,1769860799999
1769860800000,134.6,134.66,133.65,133.91,967.998492,1769864399999
1769864400000,133.97,134.05,132.94,133.37,1064.693288,1769867999999
1769868000000,133.4,133.8,127.65,133,25471.654332,1769871599999
1769871600000,133.02,133.38,131.7,132.2,6395.080916,1769875199999
1769875200000,132.21,132.87,128.66,129.21,5747.928237,1769878799999
1769878800000,129.18,129.54,123.4,124.14,19707.624186,1769882399999
1769882400000,124.13,124.76,115.69,122.75,27460.842067,1769885999999
1769886000000,122.61,125.24,122.51,123.49,4303.858456,1769889599999
1769889600000,123.49,124.94,122.57,124.22,2219.031594,1769893199999
1769893200000,124.05,126.84,123.75,126.54,1699.672517,1769896799999
1769896800000,126.75,127.9,125.77,127.5,2347.117558,1769900399999
1769900400000,127.49,129.78,127.25,129.09,2649.575097,1769903999999
1769904000000,129.1,130.38,128.98,129.95,3579.892856,1769907599999
1769907600000,129.99,130.05,128.47,129.58,683.422331,1769911199999
1769911200000,129.67,130.42,129.11,129.39,729.802368,1769914799999
1769914800000,129.27,129.41,128.75,129.02,522.955711,1769918399999
1769918400000,129.09,129.83,129.09,129.15,616.235545,1769921999999
1769922000000,129.13,129.26,127.79,127.87,720.278938,1769925599999
1769925600000,127.93,128.57,127.15,127.25,1191.763345,1769929199999
1769929200000,127.29,128.64,126.64,127.38,1023.538458,1769932799999
1769932800000,127.4,128.1,126.87,127.26,728.86562,1769936399999
1769936400000,127.31,128.28,126.81,128.18,723.717833,1769939999999
1769940000000,128,128.08,125.47,125.61,711.724327,1769943599999
1769943600000,125.58,127.62,125.58,127.17,665.027887,1769947199999
1769947200000,127.2,127.25,125.89,126.38,3286.601311,1769950799999
1769950800000,126.38,127.33,125.22,125.58,1998.393312,1769954399999
1769954400000,125.6,126.75,123.75,125.81,1542.48982,1769957999999
1769958000000,125.81,125.81,122.43,124.05,2862.772303,1769961599999
1769961600000,124.03,125.5,123.06,124.62,1697.377707,1769965199999
1769965200000,124.57,125,123.33,124.47,1143.96516,1769968799999
1769968800000,124.44,126.9,124.36,125.91,1281.369847,1769972399999
1769972400000,126.02,126.28,124.06,124.76,620.035737,1769975999999
1769976000000,124.75,126.5,123.87,124.95,934.172582,1769979599999
1769979600000,124.95,125.39,123.71,124.31,579.011691,1769983199999
1769983200000,124.41,126.58,124.32,125.47,919.349936,1769986799999
1769986800000,125.39,126.13,121.55,124.21,3477.80914,1769990399999
1769990400000,124.22,127.06,123.38,126.23,1094.919313,1769993999999
1769994000000,126.22,127.45,124.1,126.35,838.239552,1769997599999
1769997600000,126.32,126.82,125.13,125.23,647.669233,1770001199999
1770001200000,125.25,125.51,120.47,125.15,3903.989428,1770004799999
1770004800000,125.1,126.73,123.2,125.31,791.104674,1770008399999
1770008400000,125.22,125.22,121.8,122.8,1340.159363,1770011999999
1770012000000,122.74,125.71,120.64,124.31,4502.992612,1770015599999
1770015600000,124.35,126,124.22,125.1,1019.183183,1770019199999
1770019200000,124.86,125.87,124.84,125.39,388.10103,1770022799999
1770022800000,125.39,127.33,125,126.5,2205.191982,1770026399999
1770026400000,126.57,127.23,126.4,126.76,779.721339,1770029999999
1770030000000,126.81,127.94,126.68,127.09,949.488829,1770033599999
1770033600000,127.11,128.44,127.11,127.98,800.678678,1770037199999
1770037200000,127.95,129.19,127.66,128.94,846.322765,1770040799999
1770040800000,128.88,130.35,127.5,128.47,4232.865571,1770044399999
1770044400000,128.5,131.02,127.95,129.63,2086.786092,1770047999999
1770048000000,129.52,130.32,128.93,129.19,390.7003,1770051599999
1770051600000,129.08,129.88,128.17,128.56,968.337647,1770055199999
1770055200000,128.55,129.01,127.84,128.45,445.85958,1770058799999
1770058800000,128.29,128.55,127.81,127.92,217.516615,1770062399999
1770062400000,127.92,128.32,126.67,127.21,500.475746,1770065999999
1770066000000,127.23,128.34,127.2,128.15,247.050828,1770069599999
1770069600000,128.35,128.88,128.14,128.65,404.490379,1770073199999
1770073200000,128.67,128.93,128.33,128.38,191.155153,1770076799999
1770076800000,128.39,128.65,127.3,127.99,226.718714,1770080399999
1770080400000,128,128.15,127.17,127.98,241.851176,1770083999999
1770084000000,127.97,128,125.93,126.06,726.511131,1770087599999
1770087600000,126.12,128.12,125.67,128,840.887879,1770091199999
1770091200000,128.06,128.99,127.57,128.8,458.37031,1770094799999
1770094800000,128.76,128.76,127.35,127.44,192.323788,1770098399999
1770098400000,127.45,128.18,126.72,128.02,613.258736,1770101999999
1770102000000,128,128.78,127.7,128.4,973.79417,1770105599999
1770105600000,128.43,129.08,127.93,128.14,265.043372,1770109199999
1770109200000,128.15,128.49,126.13,126.8,1068.168897,1770112799999
1770112800000,126.79,127.16,125.79,126.35,688.249677,1770116399999
1770116400000,126.41,126.97,126.24,126.65,532.974907,1770119999999
1770120000000,126.66,128.16,126.44,127.97,754.994546,1770123599999
1770123600000,127.87,128.36,127.41,128.2,251.701607,1770127199999
1770127200000,128.05,128.59,125.66,125.8,557.546632,1770130799999
1770130800000,125.96,129.38,125.71,128.98,2579.198325,1770134399999
1770134400000,129,129.04,125.65,125.99,2010.632916,1770137999999
1770138000000,126.08,126.23,123.09,123.16,2610.198832,1770141599999
1770141600000,123.22,123.77,121.12,121.26,2517.66971,1770145199999
1770145200000,121.25,128.26,120.94,127.45,4910.388881,1770148799999
1770148800000,127.4,131,125.44,129.08,5925.626934,1770152399999
1770152400000,129.07,130.48,127.07,127.23,1058.87152,1770155999999
1770156000000,127.22,127.22,124.98,125.39,849.713959,1770159599999
1770159600000,125.35,125.74,124.26,125.29,1037.593173,1770163199999
1770163200000,125.28,126.32,124.57,125.67,373.948855,1770166799999
1770166800000,125.75,127.95,125.75,127.4,472.902232,1770170399999
1770170400000,127.33,127.72,126.23,126.71,741.87095,1770173999999
1770174000000,126.62,128.63,126.51,128.06,731.195738,1770177599999
1770177600000,128.06,128.27,127.58,127.77,338.483145,1770181199999
1770181200000,127.78,128.05,126.76,127.18,244.16055,1770184799999
1770184800000,127.2,128.02,126.91,127.71,393.142886,1770188399999
1770188400000,127.7,128.4,127.12,127.97,900.137112,1770191999999
1770192000000,127.9,128.76,127.44,128.58,577.475343,1770195599999
1770195600000,128.52,128.62,126.66,126.9,1391.42615,1770199199999
1770199200000,126.9,127.36,126.71,127.02,517.372681,1770202799999
1770202800000,126.98,127.45,125.53,126.95,953.848191,1770206399999
1770206400000,126.94,127.05,126.02,126.66,380.819149,1770209999999
1770210000000,126.64,126.78,124.56,124.63,1166.201319,1770213599999
1770213600000,124.63,125.82,123.55,123.6,1916.14692,1770217199999
1770217200000,123.6,124.88,121.11,122.67,2717.452406,1770220799999
1770220800000,122.67,123.29,120.47,122.05,4315.16376,1770224399999
1770224400000,122.04,122.74,119.9,121.66,2330.475241,1770227999999
1770228000000,121.65,124.08,119.54,122.51,4226.501258,1770231599999
1770231600000,122.52,125.52,122.11,125.24,1902.417035,1770235199999
1770235200000,125.28,125.43,124.17,124.59,791.278313,1770238799999
1770238800000,124.63,124.81,122.17,123.35,1662.550632,1770242399999
1770242400000,123.36,125.21,121.14,122.59,1158.169646,1770245999999
1770246000000,122.59,124.86,122.27,123.75,1799.433987,1770249599999
1770249600000,123.78,124.68,123.4,124.01,483.87101,1770253199999
1770253200000,124.04,125.51,122.92,123.96,1707.767065,1770256799999
1770256800000,123.98,124.49,121.99,122.19,2063.506281,1770260399999
1770260400000,122.21,123.12,121.46,121.75,1321.297154,1770263999999
1770264000000,121.75,122.48,120.77,121.03,1746.164524,1770267599999
1770267600000,121.03,122.51,119.63,120.99,1842.378134,1770271199999
1770271200000,121.01,121.11,119.22,119.72,1191.036315,1770274799999
1770274800000,119.74,121.73,119.62,120.09,1078.895351,1770278399999
1770278400000,120.15,122.66,120.15,121.73,987.648877,1770281999999
1770282000000,121.74,122.76,121.26,121.59,943.820745,1770285599999
1770285600000,121.61,122,118.53,118.57,2077.809785,1770289199999
1770289200000,118.59,119.62,116.9,118.3,2715.228812,1770292799999
1770292800000,118.34,118.93,116.76,117.8,2194.121257,1770296399999
1770296400000,117.76,119.64,116.99,117.31,4319.757465,1770299999999
1770300000000,117.33,120.34,117.07,117.3,2929.292812,1770303599999
1770303600000,117.32,117.69,110.35,112.55,10963.333425,1770307199999
1770307200000,112.57,115.92,111.91,114.43,5023.372204,1770310799999
1770310800000,114.43,115.03,110.34,111.81,4631.703298,1770314399999
1770314400000,111.82,112.98,110.48,112.89,3935.069797,1770317999999
1770318000000,112.66,112.83,109.36,109.8,3459.160836,1770321599999
1770321600000,109.82,110.51,102.97,104.61,11386.132367,1770325199999
1770325200000,104.64,108.19,101.48,101.61,13055.385172,1770328799999
1770328800000,101.6,103.43,98.77,102.15,12990.41412,1770332399999
1770332400000,102.15,105.49,100.53,100.99,3049.349579,1770335999999
1770336000000,101.04,101.99,92.1,100.66,30252.606919,1770339599999
1770339600000,100.67,105.78,100.36,105.78,8195.035395,1770343199999
1770343200000,105.78,106.74,103.27,103.88,4397.585025,1770346799999
1770346800000,103.89,104.88,103.21,104.38,2215.773243,1770350399999
1770350400000,104.38,106.01,104.02,105.11,1844.520996,1770353999999
1770354000000,105.07,107.82,104.96,107.34,2464.317213,1770357599999
1770357600000,107.34,107.63,103.81,104,5705.813351,1770361199999
1770361200000,104.03,104.05,102.74,102.94,2756.668691,1770364799999
1770364800000,102.95,103.98,102.15,102.37,2770.616047,1770368399999
1770368400000,102.36,105.95,101.96,105.63,3001.250433,1770371999999
1770372000000,105.66,107.05,105.23,106.59,2641.941146,1770375599999
1770375600000,106.57,107.45,106.25,106.48,2063.201104,1770379199999
1770379200000,106.44,106.65,105.84,106.54,1617.791156,1770382799999
1770382800000,106.54,108.55,106.27,108.12,3741.183891,1770386399999
1770386400000,108.08,110.59,107.26,109.56,5253.389814,1770389999999
1770390000000,109.6,110.73,108.95,110.25,2826.160062,1770393599999
1770393600000,110.24,113.61,109.86,113.17,4323.854392,1770397199999
1770397200000,113.13,115.39,112.68,114.15,2367.00454,1770400799999
1770400800000,114.14,114.29,112.06,113.34,2825.533678,1770404399999
1770404400000,113.39,114.81,112.17,114.37,3389.350239,1770407999999
1770408000000,114.33,115.42,113.13,113.9,1479.155793,1770411599999
1770411600000,113.84,114.46,113.24,113.71,748.633253,1770415199999
1770415200000,113.75,115.16,113.64,114.56,804.90095,1770418799999
1770418800000,114.56,115.28,113.55,114.06,1221.560835,1770422399999
1770422400000,114.07,114.07,112.35,112.97,1194.540809,1770425999999
1770426000000,112.94,114.32,112.56,114.18,483.776733,1770429599999
1770429600000,114.12,114.44,113.29,113.83,544.79759,1770433199999
1770433200000,113.85,115.02,113.78,114.67,788.680658,1770436799999
1770436800000,114.67,116.25,114.52,115.14,1236.007191,1770440399999
1770440400000,115.14,116.43,114.55,114.77,908.111724,1770443999999
1770444000000,114.75,115.4,112.7,112.7,2225.193373,1770447599999
1770447600000,112.67,113.2,110.2,111.55,3890.146514,1770451199999
1770451200000,111.54,112.58,111.23,112.08,1085.324162,1770454799999
1770454800000,112.02,112.44,110.38,110.97,2403.483738,1770458399999
1770458400000,110.95,111.32,110.18,110.85,2260.097632,1770461999999
1770462000000,110.78,111.17,110.43,111,775.595029,1770465599999
1770465600000,110.98,114.67,110.9,113.25,2484.218807,1770469199999
1770469200000,113.3,113.68,112.31,112.7,2666.826265,1770472799999
1770472800000,112.76,113.26,111.76,111.93,799.932827,1770476399999
1770476400000,111.94,113.85,111.73,113.2,1669.957123,1770479999999
1770480000000,113.29,115.8,112.77,113.4,9177.9813,1770483599999
1770483600000,113.45,114.32,112.63,113.85,933.717272,1770487199999
1770487200000,113.87,115.8,113.72,115.24,1505.673359,1770490799999
1770490800000,115.22,115.22,114.19,114.41,469.545372,1770494399999
1770494400000,114.44,115.56,114.39,115.29,822.33875,1770497999999
1770498000000,115.33,115.51,114.57,114.73,463.723904,1770501599999
1770501600000,114.76,115.31,114.25,114.45,756.974066,1770505199999
1770505200000,114.42,114.5,113.6,114.01,479.716792,1770508799999
1770508800000,114,114.03,113.35,113.52,776.441687,1770512399999
1770512400000,113.57,113.96,113.34,113.67,310.660492,1770515999999
1770516000000,113.7,114.2,112.61,113.06,527.447668,1770519599999
1770519600000,113.05,113.22,112.3,112.43,916.163745,1770523199999
1770523200000,112.44,113.07,112.18,113.07,286.288263,1770526799999
1770526800000,113.06,113.26,112.58,112.73,203.886663,1770530399999
1770530400000,112.73,112.8,112.4,112.48,340.587507,1770533999999
1770534000000,112.52,112.72,112.15,112.53,330.004759,1770537599999
1770537600000,112.52,114.34,112.25,114.25,851.240412,1770541199999
1770541200000,114.27,114.47,112.8,113.1,477.949234,1770544799999
1770544800000,113.09,113.56,112.23,112.78,735.744585,1770548399999
1770548400000,112.79,115.14,112.79,114.96,951.01202,1770551999999
1770552000000,114.96,115,114.02,114.72,685.621933,1770555599999
1770555600000,114.65,115.05,113.95,114.15,1593.609674,1770559199999
1770559200000,114.17,114.47,113.79,114.32,488.962006,1770562799999
1770562800000,114.33,114.57,112.78,113.2,812.536092,1770566399999
1770566400000,113.16,113.71,111.01,111.44,806.759233,1770569999999
1770570000000,111.46,113.09,111.46,113.02,1015.429089,1770573599999
1770573600000,113.02,114.81,112.89,113.89,931.073589,1770577199999
1770577200000,113.88,114.93,113.65,114.68,498.127484,1770580799999
1770580800000,114.78,114.84,113.3,113.3,496.525249,1770584399999
1770584400000,113.29,113.63,112.02,112.43,729.48047,1770587999999
1770588000000,112.37,113,112.11,112.91,489.353905,1770591599999
1770591600000,112.92,115.23,111.49,112.49,2323.239245,1770595199999
1770595200000,112.52,113.12,111.83,112.56,941.056819,1770598799999
1770598800000,112.54,113.44,111.58,112.13,2091.804606,1770602399999
1770602400000,112.11,113.44,111.87,112.85,664.556287,1770605999999
1770606000000,112.84,114.63,112.84,114.49,1532.321805,1770609599999
1770609600000,114.49,114.54,113.19,113.25,1261.841065,1770613199999
1770613200000,113.22,114.88,112.99,114.87,2248.303847,1770616799999
1770616800000,114.85,114.92,112.87,113.1,858.792878,1770620399999
1770620400000,113.07,113.42,112.28,112.45,662.642671,1770623999999
1770624000000,112.44,112.65,110.64,111.3,1099.990976,1770627599999
1770627600000,111.31,111.55,110.92,111.11,704.403068,1770631199999
1770631200000,111.16,111.35,108.95,109.37,793.338715,1770634799999
1770634800000,109.42,110.58,109.42,110.22,1118.208418,1770638399999
1770638400000,110.12,111.08,110.12,110.87,562.802083,1770641999999
1770642000000,110.9,111.52,109.83,109.91,982.194697,1770645599999
1770645600000,109.92,111.58,109.38,111.1,1553.094335,1770649199999
1770649200000,111.08,112.72,110.57,112.6,1229.465409,1770652799999
1770652800000,112.55,114.63,111.55,113.44,1015.106968,1770656399999
