1612713600000,0.61136,0.98253,0.57989,0.83253,162096262.52082148,1613318399999
1613318400000,0.83323,1.19828,0.68683,1.10681,124415593.90340015,1613923199999
1613923200000,1.10711,1.4863,0.80664,1.20421,227316878.15366304,1614527999999
1614528000000,1.20323,1.3595,1.03342,1.12736,137596616.36772603,1615132799999
1615132800000,1.12673,1.21964,0.984,1.07259,102298800.21636909,1615737599999
1615737600000,1.07287,1.4737,0.99959,1.20309,198501482.75914547,1616342399999
1616342400000,1.20231,1.28927,1.03722,1.18944,90272121.5558896,1616947199999
1616947200000,1.18934,1.245,1.15057,1.17802,61061520.49476538,1617551999999
1617552000000,1.17709,1.34303,1.15863,1.24032,112760545.80586942,1618156799999
1618156800000,1.23998,1.55758,1.02938,1.24215,259144550.98047042,1618761599999
1618761600000,1.2413,1.32394,0.91312,1.14237,178574758.5634595,1619366399999
1619366400000,1.14161,1.4111,1.01992,1.33309,138735672.34794226,1619971199999
1619971200000,1.33309,1.8311,1.25541,1.79306,222248660.83003908,1620575999999
1620576000000,1.79188,2.47013,1.49496,2.2797,255156949.9232429,1621180799999
1621180800000,2.27699,2.33249,1.00653,1.16742,401563016.67811686,1621785599999
1621785600000,1.16946,1.83131,1.0509,1.62711,170108611.4208463,1622390399999
1622390400000,1.62526,1.89149,1.5246,1.68222,99938085.60088535,1622995199999
1622995200000,1.68155,1.75455,1.35658,1.4207,88825363.02037857,1623599999999
1623600000000,1.42028,1.61057,1.30683,1.37161,57471845.10035633,1624204799999
1624204800000,1.37087,1.46,1.00046,1.26834,131891626.00179929,1624809599999
1624809600000,1.26847,1.45,1.24763,1.43928,73874716.94359614,1625414399999
1625414400000,1.43993,1.49553,1.28633,1.34602,37562806.02907856,1626019199999
1626019200000,1.34617,1.37435,1.15,1.17557,38029201.3313564,1626623999999
1626624000000,1.17426,1.24888,1.02119,1.20249,54663171.18119189,1627228799999
1627228800000,1.20223,1.39933,1.1899,1.35662,75852125.2188864,1627833599999
1627833600000,1.35661,1.49437,1.26129,1.44958,45962318.36469415,1628438399999
1628438400000,1.44926,2.25099,1.39336,2.11482,109306888.96251132,1629043199999
1629043200000,2.11454,2.65203,1.86939,2.56769,109805345.10599676,1629647999999
1629648000000,2.56769,2.9727,2.471,2.86383,128662043.17563984,1630252799999
1630252800000,2.86328,3.09949,2.703,2.85939,105491742.48537341,1630857599999
1630857600000,2.85936,2.95624,2.01677,2.65862,243502788.55686,1631462399999
1631462400000,2.65835,2.788,2.31,2.35737,82233323.59497052,1632067199999
1632067200000,2.35743,2.45767,1.91,2.28245,176541914.05121934,1632671999999
1632672000000,2.28299,2.32248,2.0206,2.26711,84304151.4312932,1633276799999
1633276800000,2.26697,2.37388,2.1114,2.24321,62791542.15345214,1633881599999
1633881600000,2.24321,2.25166,2.0715,2.1519,62163807.10939053,1634486399999
1634486400000,2.15217,2.3,2.08908,2.10469,66728460.50166207,1635091199999
1635091200000,2.10469,2.20316,1.8024,1.94556,110349938.86911006,1635695999999
1635696000000,1.9454,2.1434,1.9125,2.03267,212741574.41968724,1636300799999
1636300800000,2.03261,2.37722,1.93038,2.02829,296074860.65467983,1636905599999
1636905600000,2.02799,2.09374,1.70224,1.8766,240304996.09172994,1637510399999
1637510400000,1.8771,1.88428,1.4762,1.50047,272365563.6615707,1638115199999
1638115200000,1.5005,1.7591,1.18,1.31594,385270316.69937694,1638719999999
1638720000000,1.31623,1.47864,1.19229,1.33074,342716700.6815867,1639324799999
1639324800000,1.33065,1.38693,1.18243,1.27686,267721946.1994701,1639929599999
1639929600000,1.27651,1.48968,1.20125,1.44051,257866208.65516555,1640534399999
1640534400000,1.44051,1.59267,1.28122,1.3693,248719060.48237056,1641139199999
1641139200000,1.36936,1.39076,1.12452,1.1618,269500140.8899451,1641743999999
1641744000000,1.16187,1.42276,1.0692,1.41011,326220849.6768814,1642348799999
1642348800000,1.41022,1.63687,0.91553,1.09318,685402514.4803929,1642953599999
1642953600000,1.09334,1.1583,0.95127,1.05451,464135642.7708167,1643558399999
1643558400000,1.05451,1.19336,1.00803,1.11316,289063506.9544399,1644163199999
1644163200000,1.11318,1.26323,1.0292,1.05757,392429985.17248505,1644767999999
1644768000000,1.0576,1.11437,0.91846,0.94081,245570425.8873845,1645372799999
1645372800000,0.94079,0.99233,0.7466,0.89986,466519606.42964274,1645977599999
1645977600000,0.89976,1.0104,0.81838,0.84144,347258738.5963095,1646582399999
1646582400000,0.84112,0.86356,0.77711,0.8135,244715631.11166352,1647187199999
1647187200000,0.81373,0.91571,0.77689,0.87523,229638895.10290366,1647791999999
1647792000000,0.87524,1.18948,0.86312,1.13308,438452695.9337335,1648396799999
1648396800000,1.13293,1.2453,1.10406,1.18015,353434279.0786,1649001599999
1649001600000,1.18038,1.24583,1.01844,1.04021,284554782.4234,1649606399999
1649606400000,1.04024,1.07868,0.91568,0.95514,196504303.605,1650211199999
1650211200000,0.95514,0.97517,0.87412,0.89224,156442601.4478,1650815999999
1650816000000,0.89253,0.90337,0.73468,0.7908,243517343.7168,1651420799999
1651420800000,0.79063,0.90561,0.73138,0.73848,316295169.8943,1652025599999
1652025600000,0.73852,0.76141,0.40098,0.54671,770911549.0504,1652630399999
1652630400000,0.54675,0.6144,0.49178,0.53506,244097477.6939,1653235199999
1653235200000,0.53516,0.55947,0.44553,0.4718,128279265.536,1653839999999
1653840000000,0.47201,0.6896,0.47094,0.56486,211776021.498,1654444799999
1654444800000,0.56497,0.66945,0.49766,0.53452,195383663.0442,1655049599999
1655049600000,0.5343,0.54674,0.41942,0.47064,386306667.9786,1655654399999
1655654400000,0.47036,0.52647,0.45602,0.50827,130564013.0967,1656259199999
1656259200000,0.50832,0.51161,0.4351,0.44706,150410435.1821,1656863999999
1656864000000,0.44704,0.49322,0.44436,0.45862,150611021.7359,1657468799999
1657468800000,0.45864,0.46873,0.40258,0.45055,210367732.2221,1658073599999
1658073600000,0.45055,0.54891,0.44201,0.52763,364249634.6,1658678399999
1658678400000,0.5276,0.55609,0.45077,0.53043,311548178.413,1659283199999
1659283200000,0.53043,0.54449,0.4883,0.5188,143040930.8012,1659887999999
1659888000000,0.5188,0.59489,0.50206,0.57904,177495009.6791,1660492799999
1660492800000,0.57904,0.58219,0.4348,0.46118,222088869.6661,1661097599999
1661097600000,0.46115,0.48254,0.4255,0.44495,220881756.8865,1661702399999
1661702400000,0.445,0.51,0.4235,0.50044,202996254.3708,1662307199999
1662307200000,0.50031,0.5242,0.45356,0.51111,271469297.1735,1662911999999
1662912000000,0.51112,0.51959,0.45413,0.46918,283023230.4304,1663516799999
1663516800000,0.46918,0.48267,0.42874,0.45206,376876711.3462,1664121599999
1664121600000,0.45205,0.4632,0.41904,0.42351,279707409.4507,1664726399999
1664726400000,0.42348,0.43766,0.41567,0.42356,198143686.2235,1665331199999
1665331200000,0.42368,0.42695,0.34862,0.36621,299062587.3666,1665935999999
1665936000000,0.36611,0.37588,0.32975,0.35129,231968451.4755,1666540799999
1666540800000,0.35126,0.44,0.34934,0.40292,410364689.2858,1667145599999
1667145600000,0.4029,0.43773,0.38,0.42409,306386782.5061,1667750399999
1667750400000,0.42405,0.42677,0.31001,0.33668,341085603.4493,1668355199999
1668355200000,0.33667,0.34486,0.31425,0.31923,124731707.8215,1668959999999
1668960000000,0.31921,0.32285,0.29518,0.31857,137592048.6041,1669564799999
1669564800000,0.31861,0.32633,0.3,0.32199,115343658.5946,1670169599999
1670169600000,0.32202,0.32907,0.30667,0.31262,82039708.2619,1670774399999
1671379200000,0.2662,0.26941,0.24649,0.25641,138854114.5472,1671983999999
1671984000000,0.25642,0.26658,0.23922,0.24616,134716496.8369,1672588799999
1672588800000,0.24621,0.28977,0.24612,0.288,180462268.8536,1673193599999
1673193600000,0.28811,0.37,0.28562,0.35063,430156623.7074,1673798399999
1673798400000,0.3506,0.38675,0.32333,0.38072,291585333.9292,1674403199999
1674403200000,0.38072,0.39799,0.34688,0.3889,254310066.9044,1675007999999
1675008000000,0.3889,0.41363,0.3655,0.39079,218283788.3689,1675612799999
1675612800000,0.39083,0.40372,0.35376,0.36993,151653444.8005,1676217599999
1676217600000,0.36985,0.42162,0.345,0.41074,191531005.4299,1676822399999
1676822400000,0.41083,0.41201,0.35105,0.36235,168969955.4868,1677427199999
1677427200000,0.36235,0.37032,0.31864,0.33868,139120520.6792,1678031999999
1678032000000,0.33866,0.34048,0.29761,0.30268,262367035.3955,1678636799999
1678636800000,0.3027,0.36776,0.3022,0.34598,371523576.2587,1679241599999
1679241600000,0.34561,0.39,0.32914,0.35584,340436894.5189,1679846399999
1679846400000,0.3557,0.40927,0.33655,0.37987,275426193.2198,1680451199999
1680451200000,0.37985,0.40489,0.37066,0.38808,221412095.1008,1681055999999
1681056000000,0.38809,0.46211,0.38471,0.44745,216679290.2223,1681660799999
1681660800000,0.44739,0.45412,0.37893,0.38551,140124471.8572,1682265599999
1682265600000,0.38553,0.41854,0.37613,0.40686,108704073.9752,1682870399999
1682870400000,0.40687,0.4149,0.37342,0.38087,81922942.8621,1683475199999
1683475200000,0.3809,0.38155,0.34857,0.37229,81843141.5633,1684079999999
1684080000000,0.37243,0.38061,0.35756,0.3601,45192031.8315,1684684799999
1684684800000,0.3601,0.37933,0.35363,0.37594,50657099.3829,1685289599999
1685289600000,0.37593,0.38638,0.36088,0.38002,50784632.8927,1685894399999
1685894400000,0.38017,0.38184,0.21489,0.26418,387108230.3665,1686499199999
1686499200000,0.26419,0.28959,0.25237,0.2674,199352611.0425,1687103999999
1687104000000,0.26749,0.30516,0.25218,0.29342,137292101.9567,1687708799999
1687708800000,0.29339,0.29976,0.25973,0.28914,167181547.5929,1688313599999
1688313600000,0.28928,0.30171,0.276,0.28625,129522116.0063,1688918399999
1688918400000,0.28633,0.3805,0.27802,0.32109,252553832.3836,1689523199999
1689523200000,0.32125,0.3327,0.29952,0.31448,129868208.2404,1690127999999
1690128000000,0.31448,0.319,0.2999,0.31403,88091321.9537,1690732799999
1690732800000,0.31387,0.31925,0.28856,0.2912,120576658.3765,1691337599999
1691337600000,0.29119,0.30276,0.28144,0.29082,77801930.8852,1691942399999
1691942400000,0.29076,0.2935,0.23126,0.26889,122153247.7219,1692547199999
1692547200000,0.26886,0.27317,0.25,0.26343,60293516.3418,1693151999999
1693152000000,0.26357,0.28041,0.24925,0.25395,54310183.5212,1693756799999
1693756800000,0.25397,0.26146,0.24198,0.24791,36658187.5918,1694361599999
1694361600000,0.24791,0.25521,0.23675,0.24989,44068676.0352,1694966399999
1694966400000,0.24987,0.25796,0.2428,0.24526,42754273.5762,1695571199999
1695571200000,0.24523,0.26344,0.24034,0.26031,50762156.3365,1696175999999
1696176000000,0.2603,0.26956,0.2524,0.257,49479180.0185,1696780799999
1696780800000,0.25703,0.25867,0.24216,0.24614,42911789.2454,1697385599999
1697385600000,0.2461,0.26331,0.239,0.25732,53558104.4034,1697990399999
1697990400000,0.25734,0.29795,0.2569,0.2967,98555979.904,1698595199999
1698595200000,0.29673,0.34569,0.28383,0.34203,139696680.3835,1699199999999
1699200000000,0.34163,0.3955,0.33351,0.3858,183500910.6813,1699804799999
1699804800000,0.386,0.4094,0.3389,0.3769,160521286.6132,1700409599999
1700409600000,0.3769,0.3995,0.3552,0.386,106321974.1597,1701014399999
1701014400000,0.3862,0.403,0.3695,0.3905,82687595.5838,1701619199999
1701619200000,0.3905,0.6477,0.3879,0.594,470244844.3129,1702223999999
1702224000000,0.5938,0.681,0.5088,0.593,375905282.4783,1702828799999
1702828800000,0.5932,0.6511,0.5433,0.6151,156651103.3185,1703433599999
1703433600000,0.6152,0.6774,0.5598,0.6005,229573204.625,1704038399999
1704038400000,0.6003,0.6372,0.4685,0.5143,206468097.0009,1704643199999
1704643200000,0.5142,0.6173,0.4641,0.5457,225216115.9429,1705247999999
1705248000000,0.5454,0.5486,0.4711,0.5142,83195733.8783,1705852799999
1705852800000,0.5143,0.5146,0.4477,0.4914,101261669.8587,1706457599999
1706457600000,0.4913,0.5369,0.4835,0.5049,130560928.4194,1707062399999
1707062400000,0.5047,0.5654,0.4741,0.5428,181410662.7052,1707667199999
1707667200000,0.5428,0.639,0.5307,0.6212,161358720.3071,1708271999999
1708272000000,0.6212,0.6416,0.5681,0.5839,153390662.831,1708876799999
1708876800000,0.584,0.764,0.573,0.7227,314908819.9644,1709481599999
1709481600000,0.7226,0.7987,0.55,0.7153,361266949.941,1710086399999
1710086400000,0.7153,0.8107,0.6288,0.684,337160000.3465,1710691199999
1710691200000,0.6839,0.699,0.5666,0.6352,219026797.5115,1711295999999
1711296000000,0.6352,0.6839,0.6249,0.6462,123647890.7045,1711900799999
1711900800000,0.6464,0.6516,0.5592,0.5899,117407743.7174,1712505599999
1712505600000,0.59,0.6241,0.3976,0.4541,356397132.3324,1713110399999
1713110400000,0.4544,0.5128,0.4228,0.4981,222153999.0386,1713715199999
1713715200000,0.4983,0.5225,0.4437,0.4672,119113573.258,1714319999999
1714320000000,0.4673,0.476,0.4185,0.4638,118720398.5199,1714924799999
1714924800000,0.4639,0.4758,0.4363,0.4416,89645310.6082,1715529599999
1715529600000,0.4417,0.4907,0.425,0.4708,107568972.1118,1716134399999
1716134400000,0.4708,0.5108,0.4434,0.4595,131842232.3662,1716739199999
1716739200000,0.4597,0.475,0.4433,0.4508,79121575.0831,1717343999999
1717344000000,0.451,0.4902,0.4228,0.4395,135024659.7199,1717948799999
1717948800000,0.4396,0.4513,0.3977,0.4167,139436048.5585,1718553599999
1718553600000,0.4166,0.4209,0.3553,0.3867,124052070.8824,1719158399999
1719158400000,0.3868,0.4039,0.3609,0.3867,94923307.3753,1719763199999
1719763200000,0.3867,0.4235,0.3162,0.3561,146150142.1707,1720367999999
1720368000000,0.3563,0.4466,0.3302,0.4304,118729029.9449,1720972799999
1720972800000,0.4303,0.4565,0.4146,0.4302,132688927.6166,1721577599999
1721577600000,0.4302,0.4503,0.3817,0.4078,134139742.9843,1722182399999
1722182400000,0.4079,0.4271,0.3461,0.3476,121789213.9976,1722787199999
1722787200000,0.3477,0.3565,0.275,0.3403,234838279.1861,1723391999999
1723392000000,0.3403,0.3455,0.3205,0.3387,64882849.6472,1723996799999
1723996800000,0.3387,0.4013,0.3278,0.3875,57322066.7321,1724601599999
1724601600000,0.3876,0.3908,0.3353,0.3403,63345641.6584,1725206399999
1725206400000,0.3403,0.3421,0.3034,0.3319,76475565.1683,1725811199999
1725811200000,0.3322,0.365,0.33,0.3488,52054993.6179,1726415999999
1726416000000,0.3489,0.3613,0.3264,0.3478,54644476.4866,1727020799999
1727020800000,0.3477,0.4158,0.3429,0.4005,89897303.7587,1727625599999
1727625600000,0.4006,0.4045,0.3318,0.3534,85305208.3219,1728230399999
1728230400000,0.3534,0.3684,0.3315,0.3457,64011283.8651,1728835199999
1728835200000,0.3455,0.371,0.3393,0.3601,70907783.9769,1729439999999
1729440000000,0.3599,0.373,0.3127,0.3397,90261641.6342,1730044799999
1730044800000,0.3397,0.364,0.3296,0.3335,77257366.1358,1730649599999
1730649600000,0.3333,0.6599,0.3202,0.599,375582298.1983,1731254399999
1731254400000,0.5991,0.82,0.519,0.7256,897150501.2358,1731859199999
1731859200000,0.7257,1.155,0.6971,0.9483,790022284.5065,1732463999999
1732464000000,0.9483,1.1499,0.8743,1.0734,411427920.3676,1733068799999
1733068800000,1.0734,1.3265,1.0555,1.1874,517060233.6343,1733673599999
1733673600000,1.1873,1.199,0.8918,1.0874,358441916.8898,1734278399999
1734278400000,1.0876,1.1215,0.7611,0.8876,391818920.5018,1734883199999
1734883200000,0.8878,0.9506,0.8508,0.8838,142845148.4023,1735487999999
1735488000000,0.8839,1.1195,0.8298,1.0902,197673954.8325,1736092799999
1736092800000,1.0903,1.152,0.8798,0.9932,268589491.8582,1736697599999
1736697600000,0.9933,1.1665,0.8754,1.0742,299821449.4491,1737302399999
1737302400000,1.0735,1.1014,0.9513,0.9926,198286261.2123,1737907199999
1737907200000,0.9927,1.0005,0.8561,0.8705,126025550.6648,1738511999999
1738512000000,0.8705,0.871,0.5028,0.6943,395935435.5347,1739116799999
1739116800000,0.6942,0.831,0.6503,0.7704,252512684.5846,1739721599999
1739721600000,0.7704,0.829,0.7328,0.7616,171910624.9144,1740326399999
1740326400000,0.7615,0.8999,0.5803,0.8661,264958625.338,1740931199999
1740931200000,0.866,1.1752,0.7502,0.7563,1226189506.1642,1741535999999
1741536000000,0.7562,0.7784,0.6467,0.7048,382973571.0948,1742140799999
1742140800000,0.7045,0.7554,0.6817,0.709,155762205.0761,1742745599999
1742745600000,0.709,0.7745,0.6588,0.6697,170366586.51,1743350399999
1743350400000,0.6697,0.7101,0.613,0.6273,228567530.2607,1743955199999
1743955200000,0.6273,0.6687,0.511,0.6442,395555742.5042,1744559999999
1744560000000,0.6441,0.662,0.5946,0.6115,155520954.6473,1745164799999
1745164800000,0.6116,0.746,0.6098,0.6957,240025306.9839,1745769599999
1745769600000,0.6961,0.7299,0.6646,0.6904,229060781.8813,1746374399999
1746374400000,0.6902,0.8467,0.6426,0.7902,270389605.7498,1746979199999
1746979200000,0.79,0.8649,0.7267,0.7738,223080065.6733,1747583999999
1747584000000,0.7742,0.8422,0.7101,0.7401,202714734.8061,1748188799999
1748188800000,0.7401,0.777,0.654,0.6749,192286678.7754,1748793599999
1748793600000,0.6749,0.7071,0.6187,0.6699,143550267.3669,1749398399999
1749398400000,0.67,0.7314,0.6132,0.6305,167428655.2348,1750003199999
1750003200000,0.6306,0.6576,0.5203,0.5233,158759855.7325,1750607999999
1750608000000,0.5231,0.5935,0.51,0.5562,119630888.5057,1751212799999
1751212800000,0.5559,0.6116,0.5367,0.5855,113589127.0251,1751817599999
1751817600000,0.5856,0.7777,0.572,0.7418,261357866.6855,1752422399999
1752422400000,0.742,0.8955,0.7104,0.8708,325155696.1544,1753027199999
1753027200000,0.8708,0.9342,0.7615,0.8218,326712086.5292,1753631999999
1753632000000,0.8221,0.8561,0.6843,0.726,183299159.2982,1754236799999
1754236800000,0.726,0.8343,0.7108,0.8011,199518649.5646,1754841599999
1754841600000,0.8009,1.019,0.7656,0.9754,541362405.2075,1755446399999
1755446400000,0.9756,0.9764,0.8217,0.8992,339764427.4434,1756051199999
1756051200000,0.8991,0.964,0.8054,0.827,243746607.8394,1756655999999
1756656000000,0.827,0.85,0.7814,0.834,139741827.8527,1757260799999
1757260800000,0.8342,0.9542,0.8231,0.8866,203243680.0806,1757865599999
1757865600000,0.8865,0.9386,0.8523,0.8856,184089840.8808,1758470399999
1758470400000,0.8857,0.8895,0.7541,0.7815,205801815.9515,1759075199999
1759075200000,0.7815,0.8924,0.7781,0.8538,200713322.6488,1759679999999
1759680000000,0.854,0.8811,0.2742,0.6801,533310139.6005,1760284799999
1760284800000,0.6804,0.7362,0.5923,0.6602,358304555.4345,1760889599999
1760889600000,0.6604,0.6855,0.6062,0.6778,240611385.5802,1761494399999
1761494400000,0.6779,0.6937,0.5862,0.5995,253271058.0148,1762099199999
1762099200000,0.5994,0.6123,0.4895,0.5756,341948020.2753,1762703999999
1762704000000,0.5752,0.6072,0.4827,0.4839,186206050.8223,1763308799999
1763308800000,0.484,0.4996,0.3877,0.4169,332086284.0455,1763913599999
1763913600000,0.4169,0.439,0.402,0.4229,135913036.1763,1764518399999
1764518400000,0.423,0.4559,0.3708,0.42,194259652.0634,1765123199999
1765123200000,0.4199,0.484,0.397,0.3994,344763908.9412,1765727999999
1765728000000,0.3994,0.4078,0.3466,0.361,189338352.2184,1766332799999
1766332800000,0.361,0.3824,0.3392,0.3695,151136315.2344,1766937599999
1766937600000,0.3696,0.4056,0.329,0.3989,258400907.7148,1767542399999
1767542400000,0.3989,0.4375,0.3845,0.3904,206406630.1054,1768147199999
1768147200000,0.3905,0.4271,0.379,0.3923,173782797.3016,1768751999999
1768752000000,0.3923,0.3971,0.3413,0.3524,210134194.8774,1769356799999
1769356800000,0.3523,0.3652,0.2685,0.2894,376530023.7337,1769961599999
