1679241600000,0.5,1.96,0.5,1.303,453867697.9017,1679846399999
1679846400000,1.3029,1.4444,1.1091,1.1854,318008839.1362,1680451199999
1680451200000,1.1851,1.29,1.0963,1.1564,182566856.999,1681055999999
1681056000000,1.1563,1.7488,1.1529,1.6347,329453208.696,1681660799999
1681660800000,1.6346,1.82,1.3726,1.3841,285166405.8907,1682265599999
1682265600000,1.3844,1.505,1.2787,1.4038,169715345.3226,1682870399999
1682870400000,1.4038,1.4196,1.2156,1.2424,105410859.297,1683475199999
1683475200000,1.2425,1.2452,1.0018,1.1937,154146635.7403,1684079999999
1684080000000,1.1938,1.23,1.1303,1.1396,61854310.2628,1684684799999
1684684800000,1.1392,1.2149,1.0669,1.1899,62574708.6382,1685289599999
1685289600000,1.1897,1.2798,1.1272,1.2212,86414192.7507,1685894399999
1685894400000,1.2213,1.2326,0.9278,0.9888,140428332.2162,1686499199999
1686499200000,0.9883,1.0345,0.9074,1.0124,100283676.0335,1687103999999
1687104000000,1.0127,1.1757,0.9824,1.0956,106031981.0759,1687708799999
1687708800000,1.0956,1.2444,1.06,1.139,120837657.4501,1688313599999
1688313600000,1.1388,1.1983,1.0516,1.1323,66508377.5317,1688918399999
1688918400000,1.1323,1.3354,1.0952,1.2852,99512661.4865,1689523199999
1689523200000,1.2851,1.35,1.2126,1.2375,85396844.2583,1690127999999
1690128000000,1.2378,1.2693,1.15,1.176,36037293.6809,1690732799999
1690732800000,1.1764,1.197,1.1196,1.133,37103114.3017,1691337599999
1691337600000,1.133,1.1955,1.11,1.1542,30304978.2868,1691942399999
1691942400000,1.1544,1.1665,0.89,1.03,68884299.2905,1692547199999
1692547200000,1.03,1.0399,0.931,0.9586,34829562.6239,1693151999999
1693152000000,0.959,0.9964,0.87,0.8881,39960907.6836,1693756799999
1693756800000,0.888,0.9283,0.8422,0.8515,26102875.8666,1694361599999
1694361600000,0.8513,0.8524,0.7392,0.8111,84181000.8646,1694966399999
1694966400000,0.8109,0.8705,0.7804,0.8205,40842798.8327,1695571199999
1695571200000,0.8204,0.9688,0.7982,0.9474,48301301.8356,1696175999999
1696176000000,0.9474,0.9877,0.8367,0.8486,41944944.2348,1696780799999
1696780800000,0.8483,0.8564,0.7865,0.799,34387778.0474,1697385599999
1697385600000,0.7989,0.8523,0.763,0.8262,49137187.9504,1697990399999
1697990400000,0.826,0.9974,0.8251,0.936,113833050.7954,1698595199999
1698595200000,0.9367,1.1193,0.906,1.0745,128910357.2073,1699199999999
1699200000000,1.0744,1.2243,0.915,1.1487,145944206.4723,1699804799999
1699804800000,1.1485,1.198,0.9806,1.0278,102813427.9235,1700409599999
1700409600000,1.0278,1.0853,0.94,1.0293,85934412.139,1701014399999
1701014400000,1.0295,1.125,0.9839,1.0879,65725168.0579,1701619199999
1701619200000,1.0882,1.2416,1.013,1.1506,179131981.5873,1702223999999
1702224000000,1.1509,1.273,1,1.105,173554152.1827,1702828799999
1702828800000,1.105,1.4651,1.0333,1.382,221296173.69,1703433599999
1703433600000,1.3822,1.6689,1.22,1.5841,206118312.857,1704038399999
1704038400000,1.5838,2.1187,1.4,1.8255,324771098.8125,1704643199999
1704643200000,1.8262,2.4053,1.5686,2.1344,301173349.409,1705247999999
1705248000000,2.1348,2.205,1.7242,1.8476,114558463.4544,1705852799999
1705852800000,1.8475,1.8968,1.5442,1.8272,113614953.8082,1706457599999
1706457600000,1.827,1.9728,1.6908,1.7542,73286934.8197,1707062399999
1707062400000,1.7546,2.0198,1.7,1.9583,74999195.2123,1707667199999
1707667200000,1.9587,2.1718,1.9032,2.0147,66806719.1066,1708271999999
1708272000000,2.0143,2.1004,1.7373,1.869,87092142.8678,1708876799999
1708876800000,1.8686,2.1948,1.79,2.064,122902398.7636,1709481599999
1709481600000,2.064,2.2759,1.7,2.0493,186843103.0408,1710086399999
1710086400000,2.0484,2.2555,1.6138,1.7388,159658532.1616,1710691199999
1710691200000,1.7371,1.7978,1.4449,1.6476,126288377.0685,1711295999999
1711296000000,1.6474,1.756,1.6083,1.6456,66722034.8322,1711900799999
1711900800000,1.6456,1.6645,1.383,1.4895,73402909.2844,1712505599999
1712505600000,1.4897,1.5912,0.8529,1.1335,191906591.1669,1713110399999
1713110400000,1.1342,1.27,1.0419,1.1961,103541895.5899,1713715199999
1713715200000,1.1959,1.2392,1.0042,1.1417,68382553.8433,1714319999999
1714320000000,1.1418,1.1483,0.9677,1.0864,79274422.3071,1714924799999
1714924800000,1.0867,1.1432,0.9838,1.0079,57768129.572,1715529599999
1715529600000,1.0081,1.0742,0.9241,0.9884,75619439.0165,1716134399999
1716134400000,0.9883,1.2599,0.9475,1.2099,186596010.8313,1716739199999
1716739200000,1.2106,1.2761,1.1055,1.1235,74092069.5068,1717343999999
1717344000000,1.124,1.1403,0.8831,0.9767,67164136.1935,1717948799999
1717948800000,0.9769,0.9984,0.8777,0.9258,59790565.9011,1718553599999
1718553600000,0.9258,0.9372,0.724,0.7939,73155872.3209,1719158399999
1719158400000,0.7941,0.8463,0.7383,0.787,44924558.1721,1719763199999
1719763200000,0.7875,0.8185,0.5632,0.6738,94998796.663,1720367999999
1720368000000,0.6742,0.7354,0.6048,0.7119,59562677.7805,1720972799999
1720972800000,0.712,0.7947,0.7091,0.7829,72745709.831,1721577599999
1721577600000,0.7834,0.8282,0.6722,0.717,68851900.6413,1722182399999
1722182400000,0.717,0.7357,0.5836,0.5837,53874236.0144,1722787199999
1722787200000,0.5842,0.5973,0.428,0.5607,144278032.2729,1723391999999
1723392000000,0.5604,0.5969,0.5212,0.5514,52282719.7847,1723996799999
1723996800000,0.5516,0.6365,0.5264,0.6011,48220418.31,1724601599999
1724601600000,0.6014,0.6097,0.4858,0.5049,40804885.5173,1725206399999
1725206400000,0.5054,0.5223,0.4672,0.4979,38273458.3085,1725811199999
1725811200000,0.4981,0.5411,0.4967,0.5378,37456632.3858,1726415999999
1726416000000,0.538,0.6234,0.4976,0.5937,63574836.6173,1727020799999
1727020800000,0.5935,0.6806,0.5832,0.6435,78869314.2449,1727625599999
1727625600000,0.6434,0.6576,0.5146,0.5602,65995877.4516,1728230399999
1728230400000,0.5601,0.5755,0.5063,0.5235,48827203.7772,1728835199999
1728835200000,0.5235,0.6197,0.518,0.602,72650974.4202,1729439999999
1729440000000,0.6017,0.6168,0.4818,0.5165,49466157.5387,1730044799999
1730044800000,0.5167,0.57,0.4606,0.4743,58695157.5756,1730649599999
1730649600000,0.4741,0.6497,0.4597,0.6444,101888915.2633,1731254399999
1731254400000,0.6443,0.763,0.5661,0.6874,189711886.1794,1731859199999
1731859200000,0.6874,0.9115,0.6484,0.7998,257758884.1452,1732463999999
1732464000000,0.7995,0.9966,0.7954,0.9856,207014560.9856,1733068799999
1733068800000,0.9858,1.2392,0.8964,1.155,216248278.3913,1733673599999
1733673600000,1.1554,1.1633,0.8231,1.0019,209118488.3031,1734278399999
1734278400000,1.0017,1.0554,0.6673,0.7452,179193267.1047,1734883199999
1734883200000,0.7454,0.8381,0.7201,0.7619,74317448.4006,1735487999999
1735488000000,0.7613,0.9149,0.7047,0.8913,62217113.4473,1736092799999
1736092800000,0.8908,0.9546,0.7218,0.7475,70139656.1451,1736697599999
1736697600000,0.7475,0.8346,0.6458,0.7757,78402980.1657,1737302399999
1737302400000,0.7757,0.79,0.6656,0.7064,83940836.6662,1737907199999
1737907200000,0.7062,0.7169,0.5557,0.562,73227808.7618,1738511999999
1738512000000,0.5623,0.5624,0.3446,0.4556,157349866.4992,1739116799999
1739116800000,0.4554,0.5116,0.4283,0.4823,52121746.4894,1739721599999
1739721600000,0.4818,0.5144,0.439,0.475,81760923.4593,1740326399999
1740326400000,0.4748,0.4835,0.3804,0.4215,93433119.8847,1740931199999
1740931200000,0.422,0.4668,0.3492,0.3685,110693750.3159,1741535999999
1741536000000,0.3684,0.3723,0.2946,0.3492,82301392.6759,1742140799999
1742140800000,0.3492,0.3875,0.3447,0.3678,45570148.843,1742745599999
1742745600000,0.3678,0.4028,0.3262,0.3326,68972195.0022,1743350399999
1743350400000,0.3326,0.3425,0.292,0.2959,87192801.5798,1743955199999
1743955200000,0.2956,0.3123,0.242,0.3022,101230373.3699,1744559999999
1744560000000,0.3022,0.317,0.2707,0.2982,61105389.4521,1745164799999
1745164800000,0.2982,0.3632,0.2923,0.335,75375086.687,1745769599999
1745769600000,0.3352,0.3485,0.3133,0.3149,54011174.973,1746374399999
1746374400000,0.315,0.5052,0.2947,0.4469,149506962.3391,1746979199999
1746979200000,0.4468,0.4803,0.3686,0.405,157608063.0547,1747583999999
1747584000000,0.4052,0.4448,0.3641,0.3826,108326977.3493,1748188799999
1748188800000,0.3827,0.4415,0.3195,0.3394,109983064.4685,1748793599999
1748793600000,0.3393,0.3737,0.317,0.345,94935540.78,1749398399999
1749398400000,0.3453,0.4268,0.3236,0.3297,123930573.1035,1750003199999
1750003200000,0.3298,0.3421,0.2555,0.262,146376508.9788,1750607999999
1750608000000,0.2617,0.3352,0.2526,0.3146,158354996.704,1751212799999
1751212800000,0.3147,0.39,0.3136,0.3328,242296167.6112,1751817599999
1751817600000,0.3329,0.4332,0.3227,0.4136,112796097.6631,1752422399999
1752422400000,0.4137,0.4994,0.3905,0.498,144054646.9057,1753027199999
1753027200000,0.4981,0.5105,0.4067,0.4514,141372831.9509,1753631999999
1753632000000,0.4518,0.479,0.361,0.3823,112386680.9477,1754236799999
1754236800000,0.3821,0.486,0.3734,0.4635,118381085.9273,1754841599999
1754841600000,0.4634,0.5827,0.4334,0.5576,226887514.6033,1755446399999
1755446400000,0.5575,0.6245,0.4699,0.5828,231916113.8971,1756051199999
1756051200000,0.5829,0.6101,0.4793,0.5075,152734507.9782,1756655999999
1756656000000,0.5073,0.5196,0.4663,0.4922,82810292.8422,1757260799999
1757260800000,0.4922,0.5577,0.487,0.5099,105222786.1389,1757865599999
1757865600000,0.5099,0.5351,0.4822,0.4854,88831723.5532,1758470399999
1758470400000,0.4852,0.4872,0.3989,0.4174,129774843.319,1759075199999
1759075200000,0.4173,0.4606,0.403,0.4439,72317950.1997,1759679999999
1759680000000,0.4435,0.4655,0.1027,0.336,251931765.2348,1760284799999
1760284800000,0.336,0.3619,0.2879,0.319,170583578.8596,1760889599999
1760889600000,0.3189,0.3352,0.2913,0.3297,82455895.908,1761494399999
1761494400000,0.3299,0.3517,0.2791,0.2996,97430085.6924,1762099199999
1762099200000,0.2998,0.3133,0.2343,0.2992,156619062.5653,1762703999999
1762704000000,0.2993,0.3139,0.2306,0.2342,125836608.4059,1763308799999
1763308800000,0.2343,0.2431,0.1847,0.2029,163212581.6283,1763913599999
1763913600000,0.2029,0.2251,0.1994,0.214,87946801.0689,1764518399999
1764518400000,0.214,0.2255,0.1864,0.2063,112356091.7667,1765123199999
1765123200000,0.2063,0.2303,0.1977,0.2077,111453181.4622,1765727999999
1765728000000,0.2075,0.2154,0.1721,0.1846,105091300.0898,1766332799999
1766332800000,0.1846,0.1991,0.1806,0.1967,78603012.5935,1766937599999
1766937600000,0.1967,0.2165,0.1839,0.2153,62074088.6285,1767542399999
1767542400000,0.2153,0.2277,0.2036,0.2068,64217550.978,1768147199999
1768147200000,0.2068,0.2261,0.199,0.2162,80647770.6364,1768751999999
1768752000000,0.2162,0.2209,0.1725,0.1734,107825533.2157,1769356799999
1769356800000,0.1733,0.1734,0.1255,0.1363,140828709.7028,1769961599999
1769961600000,0.1363,0.1408,0.0944,0.1178,278586177.4086,1770566399999
