1613318400000,38.548,43.025,31.25,36.511,8868797.6187,1613923199999
1613923200000,36.506,36.807,22.184,22.452,13049283.4385,1614527999999
1614528000000,22.417,31.94,22.152,27.2,15174064.7317,1615132799999
1615132800000,27.23,35.736,23.65,29.928,24371260.3098,1615737599999
1615737600000,29.941,39.297,27,33.199,17826026.0959,1616342399999
1616342400000,33.215,33.855,24.346,29.172,12524002.8471,1616947199999
1616947200000,29.17,32.879,26.131,29.031,10408574.967,1617551999999
1617552000000,29.039,34.562,28.568,31.932,13387906.5529,1618156799999
1618156800000,31.949,40.735,22,28.837,19677594.5509,1618761599999
1618761600000,28.838,30.593,19.751,23.675,15925940.085855,1619366399999
1619366400000,23.676,35.665,20.423,31.758,14332668.67739,1619971199999
1619971200000,31.751,43.908,29.937,37.048,12436621.53105,1620575999999
1620576000000,37.041,41.815,29.74,37.039,20718955.850052,1621180799999
1621180800000,37.052,38.492,13.417,13.748,24363029.79885,1621785599999
1621785600000,13.729,21.431,12.164,16.751,14830667.915973,1622390399999
1622390400000,16.761,20.697,15.678,17.672,8422457.148614,1622995199999
1622995200000,17.669,18.059,12.646,14.072,8368007.643893,1623599999999
1623600000000,14.07,15.578,12.779,13.304,9058544.445867,1624204799999
1624204800000,13.3,14.183,9.338,10.389,9541184.78968,1624809599999
1624809600000,10.388,12.54,10.091,12.437,6163011.393032,1625414399999
1625414400000,12.442,14.243,11.524,12.305,8732064.831413,1626019199999
1626019200000,12.302,12.839,10.638,10.788,5112532.59153,1626623999999
1626624000000,10.778,11.446,9.328,10.942,4875398.282222,1627228799999
1627228800000,10.944,14.083,10.844,13.582,8335949.960217,1627833599999
1627833600000,13.581,16.102,12.318,15.058,8707461.199725,1628438399999
1628438400000,15.062,18.425,14.427,17.532,9900905.564745,1629043199999
1629043200000,17.531,50.389,17.344,41.999,37541085.404499,1629647999999
1629648000000,42.012,58.97,40.296,47.149,36986686.773389,1630252799999
1630252800000,47.123,51.698,38.179,46.126,24952220.12838,1630857599999
1630857600000,46.134,65.22,32.013,60.338,42279096.837788,1631462399999
1631462400000,60.32,75.536,48,74.944,38652875.155164,1632067199999
1632067200000,75.015,79.582,52.544,70.004,35460533.473464,1632671999999
1632672000000,70.016,73.415,61.149,69.981,19726643.805002,1633276799999
1633276800000,69.953,70.846,57.376,59.598,12701146.490438,1633881599999
1633881600000,59.634,62.02,51.022,56.302,11086669.705932,1634486399999
1634486400000,56.297,69.158,53.166,62.967,9820555.14726,1635091199999
1635091200000,62.975,73,57.001,61.744,9244881.25107,1635695999999
1635696000000,61.764,85.772,61.759,84.132,8369197.917806,1636300799999
1636300800000,84.132,99.936,78.331,93.986,9720519.082536,1636905599999
1636905600000,94.024,147.047,83.276,133.595,13876894.674589,1637510399999
1637510400000,133.673,145,101.277,106.082,12544319.930766,1638115199999
1638115200000,106.119,127.459,73.776,84.515,11317010.242464,1638719999999
1638720000000,84.482,96.621,76.956,84.984,9462326.907032,1639324799999
1639324800000,84.979,117.422,75.56,111.077,14234195.953846,1639929599999
1639929600000,111.056,127.26,101.023,114.383,7791706.745855,1640534399999
1640534400000,114.374,120.976,98.27,114.282,5749511.180944,1641139199999
1641139200000,114.261,115.951,79.194,86.738,6242931.632602,1641743999999
1641744000000,86.738,97.261,80.111,93.937,4907419.407482,1642348799999
1642348800000,93.983,94.481,52.882,63.005,7342290.79149,1642953599999
1642953600000,63.012,73.608,55.184,69.61,9269580.722393,1643558399999
1643558400000,69.716,80.935,64.254,75.566,6814320.92662,1644163199999
1644163200000,75.566,95.02,75.391,81.008,8025052.101946,1644767999999
1644768000000,80.989,98.688,76.158,78.798,7739590.319517,1645372799999
1645372800000,78.81,84.94,64.496,80.389,14647743.198459,1645977599999
1645977600000,80.391,90.817,71.752,75.035,11896264.151311,1646582399999
1646582400000,75.056,80.5,69.467,70.543,9939546.323034,1647187199999
1647187200000,70.55,92.375,65.543,87.16,8376331.246814,1647791999999
1647792000000,87.176,92.491,82.174,85.792,6884423.568084,1648396799999
1648396800000,85.793,103.624,85.45,97.725,9253093.321665,1649001599999
1649001600000,97.724,99.847,81.303,84.01,6017968.841122,1649606399999
1649606400000,84.034,85.638,72.696,78.499,3988380.282333,1650211199999
1650211200000,78.497,81.3,71.748,72.378,2496192.716168,1650815999999
1650816000000,72.393,73.17,55,60.43,3347128.343859,1651420799999
1651420800000,60.444,69.462,51.444,51.999,6330126.082693,1652025599999
1652025600000,51.999,53.234,23.488,34.446,12286135.056135,1652630399999
1652630400000,34.447,37.046,27.51,31.493,5196580.749414,1653235199999
1653235200000,31.496,33.2,21.346,26.089,6542934.546532,1653839999999
1653840000000,26.083,29.124,22.11,24.64,4643054.000487,1654444799999
1654444800000,24.65,27.79,17.53,19.02,3894625.6342,1655049599999
1655049600000,19.01,19.23,13.73,15.48,7196773.133842,1655654399999
1655654400000,15.46,22.08,15.06,20.97,3242815.410515,1656259199999
1656259200000,20.95,21.39,15.79,15.94,3727249.731526,1656863999999
1656864000000,15.93,21.13,15.9,18.95,3460589.018942,1657468799999
1657468800000,18.95,22.13,16.37,21.23,4023414.149661,1658073599999
1658073600000,21.23,26.36,20.57,24.06,4883096.532355,1658678399999
1658678400000,24.06,25.82,19.55,24.65,3571705.675526,1659283199999
1659283200000,24.65,28.27,22.23,28.01,3013362.087501,1659887999999
1659888000000,28.01,30.93,26.61,28.88,3154886.383651,1660492799999
1660492800000,28.88,29.3,21.27,22.85,2238357.49919,1661097599999
1661097600000,22.85,23.74,19.63,20.03,2386446.158943,1661702399999
1661702400000,20.04,20.63,17.48,18.97,2897509.585933,1662307199999
1662307200000,18.98,21.19,17.84,20.48,2458491.003021,1662911999999
1662912000000,20.49,21.91,17.56,18.08,3773150.126034,1663516799999
1663516800000,18.07,18.25,16.19,17.58,2021635.207751,1664121599999
1664121600000,17.57,18.47,16.6,16.75,1325541.856457,1664726399999
1664726400000,16.74,17.67,16.34,16.98,842073.300926,1665331199999
1665331200000,16.98,17.24,14.46,15.61,1147884.351035,1665935999999
1665936000000,15.61,16.36,14.57,15.65,1087076.709291,1666540799999
1666540800000,15.65,18.9,15.59,18.09,1893817.915041,1667145599999
1667145600000,18.08,20.6,17.41,19.25,2148836.474432,1667750399999
1667750400000,19.24,19.31,12,13.17,3210330.90715,1668355199999
1668355200000,13.16,14,12.06,12.74,901121.778688,1668959999999
1668960000000,12.74,13.39,11.4,13.19,652846.862088,1669564799999
1669564800000,13.19,13.9,12,13.71,786987.642992,1670169599999
1670169600000,13.71,14.34,13,13.44,491807.171754,1670774399999
1671379200000,11.91,12.11,11.14,11.55,378910.55905,1671983999999
1671984000000,11.55,11.8,10.56,10.76,422547.61152,1672588799999
1672588800000,10.77,12.29,10.71,11.95,1326775.887204,1673193599999
1673193600000,11.95,18.55,11.8,17.01,4657394.914197,1673798399999
1673798400000,17,18.46,15.44,18.12,2864077.283804,1674403199999
1674403200000,18.12,21.81,16.53,20.57,3943560.582855,1675007999999
1675008000000,20.57,22.77,18.7,20.27,4388813.249683,1675612799999
1675612800000,20.27,21.02,17.41,18.23,1890822.370283,1676217599999
1676217600000,18.23,20.39,16.83,20.16,1746768.355514,1676822399999
1676822400000,20.14,21.66,17.43,18.16,2903323.085352,1677427199999
1677427200000,18.16,18.64,15.74,16.37,1101469.657802,1678031999999
1678032000000,16.38,16.73,13.87,14.29,2238655.143356,1678636799999
1678636800000,14.29,18.22,14.25,17.7,3413281.543836,1679241599999
1679241600000,17.69,18.08,16.27,17.13,4202094.923468,1679846399999
1679846400000,17.13,17.9,16.07,17.37,2124775.797524,1680451199999
1680451200000,17.36,18.37,16.64,17.35,1664879.614448,1681055999999
1681056000000,17.35,19.52,17.33,19.17,1983498.954578,1681660799999
1681660800000,19.19,21.56,16.7,16.88,3727733.161275,1682265599999
1682265600000,16.87,18.24,16.26,17.63,2179121.296344,1682870399999
1682870400000,17.63,17.76,16.4,16.65,1448030.745188,1683475199999
1683475200000,16.64,16.69,14.52,15.11,1914683.243964,1684079999999
1684080000000,15.12,15.36,14.24,14.35,865968.39453,1684684799999
1684684800000,14.36,14.96,13.7,14.52,995126.317293,1685289599999
1685289600000,14.52,15.06,13.75,14.79,1722816.28532,1685894399999
1685894400000,14.8,14.94,9.87,11.47,3329110.505905,1686499199999
1686499200000,11.47,12.08,11.02,11.55,1179086.373578,1687103999999
1687104000000,11.54,13.69,11.17,13.37,1369947.418604,1687708799999
1687708800000,13.37,13.68,12.08,13.02,1555799.014049,1688313599999
1688313600000,13.02,14.2,12.25,13.84,1732823.536862,1688918399999
1688918400000,13.84,15.98,12.86,14.6,2624538.13061,1689523199999
1689523200000,14.59,14.62,13.3,13.53,1162102.833566,1690127999999
1690128000000,13.54,13.75,12.78,13.28,914679.659499,1690732799999
1690732800000,13.28,13.41,12.26,12.55,929667.232944,1691337599999
1691337600000,12.55,12.81,12.2,12.34,585116.815346,1691942399999
1691942400000,12.33,12.46,9.74,10.85,1392111.164352,1692547199999
1692547200000,10.85,10.92,9.71,10.227,1117482.027501,1693151999999
1693152000000,10.238,11.208,9.746,9.873,1852854.706646,1693756799999
1693756800000,9.874,10.157,9.193,9.553,819398.810284,1694361599999
1694361600000,9.554,9.615,9.053,9.209,1710297.473753,1694966399999
1694966400000,9.208,9.312,8.731,8.988,1682279.609206,1695571199999
1695571200000,8.986,9.702,8.616,9.61,1866281.897145,1696175999999
1696176000000,9.61,11.88,9.099,10.039,5797262.078634,1696780799999
1696780800000,10.04,10.199,8.884,9.133,2542072.866029,1697385599999
1697385600000,9.129,10.07,8.649,9.767,2987370.224946,1697990399999
1697990400000,9.769,11.481,9.752,11.166,6056717.409907,1698595199999
1698595200000,11.177,12.675,10.875,12.267,5978595.80307,1699199999999
1699200000000,12.259,19.169,11.621,18.067,11036181.610805,1699804799999
1699804800000,18.085,24.67,15.557,21.531,14870077.740255,1700409599999
1700409600000,21.539,23.254,18.913,20.696,5780918.403822,1701014399999
1701014400000,20.697,22.741,19.504,21.822,4404688.155736,1701619199999
1701619200000,21.833,34.274,20.365,33.146,10644271.298076,1702223999999
1702224000000,33.13,45.375,31.157,42.063,14210688.163946,1702828799999
1702828800000,42.065,49.95,36.48,47.855,8144196.931386,1703433599999
1703433600000,47.86,49.438,38.156,39.21,6171232.591783,1704038399999
1704038400000,39.219,43.433,30.575,34.686,6653801.65821,1704643199999
1704643200000,34.686,41.791,31.006,37.193,7198171.716759,1705247999999
1705248000000,37.205,37.875,31.186,32.973,3055353.545339,1705852799999
1705852800000,32.98,36.755,27.227,35.648,4121101.772156,1706457599999
1706457600000,35.628,37.611,32.306,35.767,3048162.528217,1707062399999
1707062400000,35.771,41.23,33.64,39.874,2384368.908554,1707667199999
1707667200000,39.872,43.603,38.374,40.258,2423792.471858,1708271999999
1708272000000,40.26,40.75,35.153,36.847,1833842.528011,1708876799999
1708876800000,36.833,44.888,35.936,42.562,3156168.218607,1709481599999
1709481600000,42.564,45.189,33.953,41.767,3714821.764221,1710086399999
1710086400000,41.736,61.461,39.999,55.644,9203096.509587,1710691199999
1710691200000,55.606,65.4,50.41,53.568,7265641.879794,1711295999999
1711296000000,53.568,59.411,52.426,53.186,2368713.405226,1711900799999
1711900800000,53.21,54.278,43.967,48.236,2571890.741688,1712505599999
1712505600000,48.262,50.811,29,35.452,4590071.231421,1713110399999
1713110400000,35.455,38.77,31.923,37.198,3245893.818373,1713715199999
1713715200000,37.224,39.917,33.082,34.684,2002581.844069,1714319999999
1714320000000,34.672,37.995,30.591,37.419,2436435.308672,1714924799999
1714924800000,37.415,39.885,33.064,33.685,1644721.678974,1715529599999
1715529600000,33.704,37.758,31.358,35.963,1827458.904401,1716134399999
1716134400000,35.967,41.791,35.138,36.897,2001613.61282,1716739199999
1716739200000,36.884,38.945,35.207,35.853,1144996.158519,1717343999999
1717344000000,35.838,37.2,30.751,32.47,1614258.706409,1717948799999
1717948800000,32.47,33.989,29.289,30.206,1624832.504593,1718553599999
1718553600000,30.211,30.35,24.134,24.414,3060645.250356,1719158399999
1719158400000,24.415,29.1,23.507,28.059,3851374.323207,1719763199999
1719763200000,28.066,30.125,21.787,25.877,3638675.645865,1720367999999
1720368000000,25.872,27.42,24.55,25.915,2646173.233185,1720972799999
1720972800000,25.92,31.036,25.683,30.999,2676343.746294,1721577599999
1721577600000,30.994,33,26.274,27.256,3462863.319626,1722182399999
1722182400000,27.256,28.878,21.58,21.597,2096177.766838,1722787199999
1722787200000,21.597,22.8,17.241,21.302,4688813.996381,1723391999999
1723392000000,21.298,21.873,19.781,21.222,1825695.316538,1723996799999
1723996800000,21.23,28,20.38,27.03,2042140.992721,1724601599999
1724601600000,27.04,27.679,21.864,22.416,1829640.158963,1725206399999
1725206400000,22.423,23.227,20.45,22.469,1740127.125464,1725811199999
1725811200000,22.472,25.661,22.372,24.757,1734666.13656,1726415999999
1726416000000,24.735,28.837,22.792,26.884,2151230.805108,1727020799999
1727020800000,26.863,30.849,26.449,28.845,1948546.755408,1727625599999
1727625600000,28.841,29.434,23.897,26.943,2234389.233129,1728230399999
1728230400000,26.93,29.372,25.063,28.489,1549825.423093,1728835199999
1728835200000,28.465,29.866,26.816,28.386,1801505.544557,1729439999999
1729440000000,28.395,29.334,23.916,25.802,1272536.566643,1730044799999
1730044800000,25.798,27.156,22.608,23.06,1217187.115031,1730649599999
1730649600000,23.043,32.825,22.35,32.338,2182566.704185,1731254399999
1731254400000,32.341,37.688,30.013,36.558,4785950.069793,1731859199999
1731859200000,36.575,45.283,32.32,38.754,4729209.340068,1732463999999
1732464000000,38.768,47.924,38.5,45.242,4326161.938558,1733068799999
1733068800000,45.267,55.8,44.088,52.224,5409546.440981,1733673599999
1733673600000,52.235,55.387,39.394,50.436,4482882.1335,1734278399999
1734278400000,50.446,52.045,33.601,37.012,3773921.614739,1734883199999
1734883200000,37.015,42.075,35.527,36.577,1838820.094709,1735487999999
1735488000000,36.588,42.869,34.871,41.765,1230604.032388,1736092799999
1736092800000,41.774,45.049,35.5,37.491,1465468.847983,1736697599999
1736697600000,37.5,41.818,32.728,38.476,1711824.932331,1737302399999
1737302400000,38.472,40.277,34.496,37.415,2536093.894992,1737907199999
1737907200000,37.421,38.167,30.361,30.704,1680548.624584,1738511999999
1738512000000,30.71,30.719,21.067,25.109,2703365.964774,1739116799999
1739116800000,25.106,27.227,23.651,25.141,1483714.191255,1739721599999
1739721600000,25.144,26.541,22.931,24.544,1637044.665735,1740326399999
1740326400000,24.544,25.181,20.232,22.517,1796156.430913,1740931199999
1740931200000,22.52,25.115,18.849,19.184,2574473.306486,1741535999999
1741536000000,19.17,19.849,15.272,18.488,2526395.219492,1742140799999
1742140800000,18.487,20.105,18.112,19.498,1651990.163867,1742745599999
1742745600000,19.487,23.451,19.049,19.288,2649661.346669,1743350399999
1743350400000,19.297,19.945,16.837,17.305,2436937.839385,1743955199999
1743955200000,17.3,21.03,14.665,19.751,2945336.889596,1744559999999
1744560000000,19.75,20.685,18.497,19.38,1853780.107543,1745164799999
1745164800000,19.386,23.075,19.316,21.891,2089267.016267,1745769599999
1745769600000,21.893,22.439,19.774,19.999,2231889.573905,1746374399999
1746374400000,19.996,26.021,19.082,24.38,3232444.043082,1746979199999
1746979200000,24.39,26.849,21.971,23.764,2698826.675055,1747583999999
1747584000000,23.773,25.977,21.25,22.261,2660635.819673,1748188799999
1748188800000,22.26,24.35,19.778,20.705,2454867.813044,1748793599999
1748793600000,20.708,21.7,18.436,20.68,1941538.748393,1749398399999
1749398400000,20.68,22.776,18.469,19.072,2629548.279585,1750003199999
1750003200000,19.072,19.998,15.953,16.036,2560439.731011,1750607999999
1750608000000,16.035,18.489,15.613,17.837,2234135.915291,1751212799999
1751212800000,17.848,19.173,16.951,18.16,1767262.716442,1751817599999
1751817600000,18.162,21.643,17.69,21.282,2618792.219647,1752422399999
1752422400000,21.284,25.442,20.384,25.41,3141853.045941,1753027199999
1753027200000,25.41,26.469,22.539,25.028,4154167.510927,1753631999999
1753632000000,25.03,27.391,20.576,21.422,3934311.677219,1754236799999
1754236800000,21.42,24.804,21.272,23.95,3385706.887489,1754841599999
1754841600000,23.952,25.995,22.654,25.42,4042613.417871,1755446399999
1755446400000,25.423,26.762,22.193,25.515,3455331.807413,1756051199999
1756051200000,25.522,26.565,23.039,24.055,3162704.456347,1756655999999
1756656000000,24.05,25.78,22.671,24.617,2541193.394972,1757260799999
1757260800000,24.611,31.246,24.26,29.124,5178374.440576,1757865599999
1757865600000,29.119,35.799,28.23,33.062,6760864.095355,1758470399999
1758470400000,33.057,36.158,27.062,28.818,10812730.151982,1759075199999
1759075200000,28.826,31.575,28.812,30.248,7081156.065554,1759679999999
1759680000000,30.25,31.019,8.349,22.364,9495886.198429,1760284799999
1760284800000,22.361,24.059,19.029,20.74,6751626.631505,1760889599999
1760889600000,20.742,21.212,18.413,20.418,3474314.062304,1761494399999
1761494400000,20.411,21.098,17.526,18.284,4004311.307511,1762099199999
1762099200000,18.278,18.912,14.995,17.702,5522957.939703,1762703999999
1762704000000,17.689,18.605,14.837,15.08,4349130.050215,1763308799999
1763308800000,15.079,15.832,12.517,13.417,6346216.884178,1763913599999
1763913600000,13.415,15.264,13.161,14.166,6193362.404191,1764518399999
1764518400000,14.171,15.079,12.554,13.422,6286036.262661,1765123199999
1765123200000,13.421,14.825,12.809,13.027,5881741.04777,1765727999999
1765728000000,13.026,13.356,11.271,12.097,4096400.413328,1766332799999
1766332800000,12.095,12.9,11.835,12.738,3429966.502013,1766937599999
1766937600000,12.739,14.393,12.208,14.191,5080716.653964,1767542399999
1767542400000,14.191,14.835,13.585,13.807,4425309.03013,1768147199999
1768147200000,13.808,14.948,13.193,13.568,4023037.38955,1768751999999
1768752000000,13.568,13.763,11.818,11.853,3720603.952264,1769356799999
1769356800000,11.85,12.291,9.165,9.858,5467103.051795,1769961599999
1769961600000,9.858,10.351,7.542,9.176,7704230.751395,1770566399999
