1769637600000,12.076,12.127,12.029,12.127,8516.973204,1769641199999
1769641200000,12.132,12.16,12.067,12.074,6201.46667,1769644799999
1769644800000,12.076,12.099,11.96,12.02,13952.502279,1769648399999
1769648400000,12.02,12.046,11.909,11.924,11052.959021,1769651999999
1769652000000,11.923,11.985,11.746,11.795,43175.420232,1769655599999
1769655600000,11.795,11.872,11.766,11.786,17434.290508,1769659199999
1769659200000,11.779,11.811,11.688,11.795,24751.505974,1769662799999
1769662800000,11.788,11.843,11.787,11.798,11128.636799,1769666399999
1769666400000,11.797,11.84,11.788,11.836,9463.555225,1769669999999
1769670000000,11.833,11.868,11.786,11.796,18485.354573,1769673599999
1769673600000,11.797,11.817,11.738,11.753,17698.571489,1769677199999
1769677200000,11.752,11.773,11.729,11.732,17897.376758,1769680799999
1769680800000,11.731,11.74,11.7,11.718,11770.0984,1769684399999
1769684400000,11.717,11.717,11.641,11.662,30484.352202,1769687999999
1769688000000,11.661,11.663,11.534,11.555,30487.516553,1769691599999
1769691600000,11.556,11.598,11.542,11.595,10515.249917,1769695199999
1769695200000,11.598,11.613,11.164,11.178,125404.017976,1769698799999
1769698800000,11.178,11.179,10.879,11.006,216371.894024,1769702399999
1769702400000,11.004,11.048,10.943,11.023,56854.141384,1769705999999
1769706000000,11.023,11.174,11.005,11.009,50628.168559,1769709599999
1769709600000,11.008,11.046,10.814,10.826,85138.76895,1769713199999
1769713200000,10.827,11.031,10.822,10.99,53073.410572,1769716799999
1769716800000,10.99,11.054,10.971,11.037,28965.305453,1769720399999
1769720400000,11.038,11.072,11.018,11.038,14684.724751,1769723999999
1769724000000,11.04,11.059,11.002,11.035,12962.785378,1769727599999
1769727600000,11.035,11.059,11.004,11.047,10637.074051,1769731199999
1769731200000,11.045,11.091,11.032,11.07,26834.459946,1769734799999
1769734800000,11.069,11.097,10.703,10.961,254378.131894,1769738399999
1769738400000,10.961,10.975,10.771,10.922,62338.150018,1769741999999
1769742000000,10.923,10.981,10.905,10.927,16487.081597,1769745599999
1769745600000,10.929,11.024,10.929,10.975,18936.715689,1769749199999
1769749200000,10.978,10.993,10.948,10.956,8675.718491,1769752799999
1769752800000,10.953,10.955,10.727,10.799,18712.067112,1769756399999
1769756400000,10.802,10.99,10.802,10.957,17118.343132,1769759999999
1769760000000,10.954,10.977,10.856,10.889,14293.240917,1769763599999
1769763600000,10.888,10.926,10.808,10.857,9423.588812,1769767199999
1769767200000,10.856,10.938,10.825,10.938,13164.085108,1769770799999
1769770800000,10.938,11.057,10.921,11.014,18035.301954,1769774399999
1769774400000,11.012,11.023,10.939,10.966,26685.173561,1769777999999
1769778000000,10.962,10.976,10.83,10.88,36934.173069,1769781599999
1769781600000,10.881,11.018,10.881,10.951,29374.891838,1769785199999
1769785200000,10.954,11.014,10.805,10.94,51727.642511,1769788799999
1769788800000,10.935,11.013,10.873,10.958,58214.412743,1769792399999
1769792400000,10.96,11.007,10.876,10.934,27825.796563,1769795999999
1769796000000,10.932,11.042,10.636,11.001,84132.719197,1769799599999
1769799600000,11.002,11.052,10.984,10.994,45643.943917,1769803199999
1769803200000,10.992,10.992,10.823,10.855,51227.818746,1769806799999
1769806800000,10.857,10.952,10.822,10.925,29528.119858,1769810399999
1769810400000,10.923,10.933,10.845,10.896,17775.843537,1769813999999
1769814000000,10.895,10.912,10.842,10.877,15255.249276,1769817599999
1769817600000,10.875,10.879,10.839,10.862,15729.550557,1769821199999
1769821200000,10.859,10.898,10.835,10.876,8598.536424,1769824799999
1769824800000,10.877,10.892,10.813,10.859,26453.595453,1769828399999
1769828400000,10.859,10.876,10.84,10.843,10367.944099,1769831999999
1769832000000,10.841,10.872,10.813,10.822,10763.918581,1769835599999
1769835600000,10.821,10.827,10.776,10.812,22444.638179,1769839199999
1769839200000,10.812,10.824,10.679,10.732,21859.884313,1769842799999
1769842800000,10.732,10.74,10.582,10.654,28845.432787,1769846399999
1769846400000,10.656,10.68,10.423,10.57,106944.295314,1769849999999
1769850000000,10.573,10.656,10.557,10.605,21391.937538,1769853599999
1769853600000,10.604,10.647,10.563,10.624,11726.260855,1769857199999
1769857200000,10.625,10.637,10.566,10.591,16458.745112,1769860799999
1769860800000,10.59,10.608,10.544,10.555,12951.356303,1769864399999
1769864400000,10.556,10.571,10.451,10.472,20540.551393,1769867999999
1769868000000,10.476,10.496,10,10.12,261762.013154,1769871599999
1769871600000,10.12,10.237,10.107,10.171,85382.850316,1769875199999
1769875200000,10.171,10.296,10.03,10.077,101843.251315,1769878799999
1769878800000,10.075,10.12,9.549,9.789,367291.341729,1769882399999
1769882400000,9.787,9.855,9.165,9.789,252300.87897,1769885999999
1769886000000,9.793,9.968,9.779,9.84,76779.260534,1769889599999
1769889600000,9.839,9.937,9.741,9.882,46306.672958,1769893199999
1769893200000,9.882,10.008,9.836,9.972,33951.892666,1769896799999
1769896800000,9.979,9.994,9.902,9.969,33173.176141,1769900399999
1769900400000,9.97,10.181,9.959,10.121,37480.876837,1769903999999
1769904000000,10.122,10.21,10.118,10.183,33787.224078,1769907599999
1769907600000,10.185,10.189,10.101,10.175,17547.870762,1769911199999
1769911200000,10.179,10.23,10.151,10.212,9074.39188,1769914799999
1769914800000,10.212,10.224,10.189,10.215,7050.449127,1769918399999
1769918400000,10.214,10.246,10.206,10.214,13142.214333,1769921999999
1769922000000,10.213,10.234,10.164,10.171,20073.242587,1769925599999
1769925600000,10.172,10.227,10.149,10.177,33110.324184,1769929199999
1769929200000,10.18,10.261,10.141,10.189,25507.895156,1769932799999
1769932800000,10.192,10.226,10.136,10.167,31622.469696,1769936399999
1769936400000,10.167,10.217,10.127,10.201,8623.976182,1769939999999
1769940000000,10.199,10.21,10.02,10.028,22228.750042,1769943599999
1769943600000,10.027,10.167,10.027,10.127,13781.873649,1769947199999
1769947200000,10.13,10.132,10.024,10.066,26631.617382,1769950799999
1769950800000,10.067,10.152,10.041,10.069,13500.017844,1769954399999
1769954400000,10.07,10.11,9.888,10.036,31249.616233,1769957999999
1769958000000,10.035,10.035,9.732,9.858,54545.904328,1769961599999
1769961600000,9.858,9.94,9.758,9.866,42143.639624,1769965199999
1769965200000,9.864,9.902,9.797,9.902,18686.505309,1769968799999
1769968800000,9.904,10.093,9.904,9.992,28156.305277,1769972399999
1769972400000,9.991,10.016,9.836,9.886,16368.776609,1769975999999
1769976000000,9.884,10.03,9.809,9.935,21958.175143,1769979599999
1769979600000,9.936,9.947,9.827,9.869,28132.051345,1769983199999
1769983200000,9.871,10.05,9.863,9.986,35695.712778,1769986799999
1769986800000,9.983,10.076,9.676,9.913,64174.665991,1769990399999
1769990400000,9.917,10.102,9.845,10.021,38030.608686,1769993999999
1769994000000,10.022,10.135,9.891,10.066,28930.403081,1769997599999
1769997600000,10.067,10.089,9.918,9.938,19109.319336,1770001199999
1770001200000,9.938,9.945,9.535,9.866,115497.046659,1770004799999
1770004800000,9.869,10.006,9.719,9.835,45055.055747,1770008399999
1770008400000,9.834,9.841,9.593,9.678,40854.408622,1770011999999
1770012000000,9.676,9.952,9.54,9.816,149989.938897,1770015599999
1770015600000,9.819,9.945,9.788,9.887,20061.975075,1770019199999
1770019200000,9.885,9.978,9.885,9.939,15732.453708,1770022799999
1770022800000,9.938,10.069,9.871,10.012,26644.376388,1770026399999
1770026400000,10.014,10.039,9.953,9.977,24736.204657,1770029999999
1770030000000,9.978,10.041,9.97,9.983,21850.169118,1770033599999
1770033600000,9.986,10.09,9.986,10.072,15599.59564,1770037199999
1770037200000,10.071,10.146,10.034,10.12,12292.72855,1770040799999
1770040800000,10.116,10.241,10.029,10.143,45795.677653,1770044399999
1770044400000,10.141,10.323,10.125,10.246,58115.248482,1770047999999
1770048000000,10.245,10.276,10.184,10.192,26392.853818,1770051599999
1770051600000,10.192,10.229,10.137,10.164,66580.183415,1770055199999
1770055200000,10.164,10.214,10.136,10.171,20200.433967,1770058799999
1770058800000,10.169,10.183,10.124,10.129,15251.36871,1770062399999
1770062400000,10.129,10.156,10.075,10.105,12465.920113,1770065999999
1770066000000,10.108,10.178,10.102,10.151,22766.824509,1770069599999
1770069600000,10.152,10.192,10.149,10.178,9200.272187,1770073199999
1770073200000,10.178,10.183,10.136,10.146,11427.365426,1770076799999
1770076800000,10.144,10.155,10.084,10.147,11429.234151,1770080399999
1770080400000,10.146,10.146,10.073,10.132,16584.041385,1770083999999
1770084000000,10.132,10.132,9.977,9.985,23593.420525,1770087599999
1770087600000,9.983,10.152,9.948,10.138,33351.949366,1770091199999
1770091200000,10.136,10.207,10.107,10.168,21849.120474,1770094799999
1770094800000,10.169,10.173,10.08,10.084,12484.998966,1770098399999
1770098400000,10.086,10.137,10.042,10.128,16556.253186,1770101999999
1770102000000,10.126,10.181,10.1,10.148,12509.508447,1770105599999
1770105600000,10.149,10.178,10.099,10.106,12847.923951,1770109199999
1770109200000,10.108,10.131,9.975,10.056,29749.153438,1770112799999
1770112800000,10.056,10.098,10.032,10.06,18274.779011,1770116399999
1770116400000,10.06,10.115,10.047,10.081,37603.279641,1770119999999
1770120000000,10.082,10.173,10.056,10.148,13602.838392,1770123599999
1770123600000,10.146,10.171,10.127,10.152,10966.604242,1770127199999
1770127200000,10.15,10.167,9.928,9.936,46599.531604,1770130799999
1770130800000,9.933,10.17,9.913,10.159,78777.451393,1770134399999
1770134400000,10.16,10.16,9.921,9.954,45672.411494,1770137999999
1770138000000,9.956,9.959,9.745,9.752,41661.963745,1770141599999
1770141600000,9.754,9.802,9.537,9.564,78472.376349,1770145199999
1770145200000,9.561,10.014,9.544,9.967,82030.302774,1770148799999
1770148800000,9.961,10.351,9.851,10.214,135507.830176,1770152399999
1770152400000,10.214,10.27,10.079,10.094,30363.46021,1770155999999
1770156000000,10.098,10.099,9.943,9.972,17258.31367,1770159599999
1770159600000,9.97,9.983,9.88,9.929,30073.847109,1770163199999
1770163200000,9.928,10.029,9.889,9.986,15927.675679,1770166799999
1770166800000,9.992,10.13,9.988,10.062,18665.352186,1770170399999
1770170400000,10.059,10.087,9.967,10.014,19327.108543,1770173999999
1770174000000,10.012,10.136,10.002,10.109,26380.561249,1770177599999
1770177600000,10.108,10.132,10.087,10.104,15655.220406,1770181199999
1770181200000,10.104,10.118,10.018,10.043,8039.04023,1770184799999
1770184800000,10.044,10.156,10.031,10.134,11087.466975,1770188399999
1770188400000,10.132,10.167,10.079,10.148,37458.458826,1770191999999
1770192000000,10.152,10.164,10.088,10.143,17965.322119,1770195599999
1770195600000,10.144,10.146,10.055,10.076,9341.480362,1770199199999
1770199200000,10.074,10.083,10.034,10.041,8083.55,1770202799999
1770202800000,10.041,10.066,9.93,10.025,25750.880167,1770206399999
1770206400000,10.027,10.038,9.974,10.014,6532.859057,1770209999999
1770210000000,10.012,10.021,9.868,9.871,13635.323485,1770213599999
1770213600000,9.871,9.941,9.721,9.73,48611.688795,1770217199999
1770217200000,9.731,9.869,9.619,9.726,58205.304556,1770220799999
1770220800000,9.724,9.78,9.586,9.701,54603.248611,1770224399999
1770224400000,9.7,9.786,9.574,9.705,51061.844043,1770227999999
1770228000000,9.703,9.893,9.576,9.766,95077.880224,1770231599999
1770231600000,9.769,9.956,9.714,9.936,41349.005231,1770235199999
1770235200000,9.938,9.96,9.829,9.842,13613.336574,1770238799999
1770238800000,9.842,9.872,9.626,9.727,30364.799824,1770242399999
1770242400000,9.727,9.856,9.547,9.646,58589.605329,1770245999999
1770246000000,9.647,9.798,9.624,9.716,48804.552092,1770249599999
1770249600000,9.716,9.771,9.675,9.737,13915.589641,1770253199999
1770253200000,9.737,9.85,9.652,9.742,62506.492182,1770256799999
1770256800000,9.744,9.824,9.637,9.653,48434.770272,1770260399999
1770260400000,9.655,9.722,9.599,9.624,37186.107261,1770263999999
1770264000000,9.624,9.663,9.541,9.582,57870.804213,1770267599999
1770267600000,9.581,9.676,9.476,9.564,89773.322431,1770271199999
1770271200000,9.564,9.578,9.45,9.492,101480.938751,1770274799999
1770274800000,9.492,9.613,9.483,9.506,69024.254093,1770278399999
1770278400000,9.506,9.632,9.506,9.566,21356.312326,1770281999999
1770282000000,9.566,9.675,9.55,9.567,24668.426597,1770285599999
1770285600000,9.567,9.573,9.327,9.36,32938.049255,1770289199999
1770289200000,9.359,9.398,9.188,9.269,90486.87243,1770292799999
1770292800000,9.269,9.319,9.151,9.252,76009.049731,1770296399999
1770296400000,9.251,9.324,9.205,9.228,33060.790324,1770299999999
1770300000000,9.229,9.448,9.175,9.187,79804.369679,1770303599999
1770303600000,9.19,9.223,8.721,8.872,404054.904751,1770307199999
1770307200000,8.873,9.089,8.806,8.997,96807.409975,1770310799999
1770310800000,8.999,9.041,8.726,8.83,81877.728755,1770314399999
1770314400000,8.831,8.926,8.726,8.901,66908.568319,1770317999999
1770318000000,8.902,8.902,8.675,8.697,46147.202163,1770321599999
1770321600000,8.699,8.771,8.265,8.374,260584.653868,1770325199999
1770325200000,8.373,8.578,8.266,8.37,83453.055221,1770328799999
1770328800000,8.368,8.534,8.241,8.389,52619.95136,1770332399999
1770332400000,8.391,8.574,8.261,8.313,70688.482972,1770335999999
1770336000000,8.313,8.345,7.542,8.23,611430.717071,1770339599999
1770339600000,8.23,8.473,8.186,8.46,53034.113205,1770343199999
1770343200000,8.463,8.525,8.258,8.312,40384.50856,1770346799999
1770346800000,8.314,8.353,8.2,8.263,42875.893476,1770350399999
1770350400000,8.265,8.4,8.234,8.372,24557.488331,1770353999999
1770354000000,8.371,8.622,8.354,8.605,30412.69979,1770357599999
1770357600000,8.606,8.646,8.406,8.421,34089.448821,1770361199999
1770361200000,8.421,8.49,8.339,8.414,51376.795742,1770364799999
1770364800000,8.419,8.48,8.334,8.387,49243.329441,1770368399999
1770368400000,8.387,8.637,8.38,8.606,43795.5239,1770371999999
1770372000000,8.602,8.708,8.583,8.691,34537.00813,1770375599999
1770375600000,8.69,8.74,8.662,8.713,32355.078003,1770379199999
1770379200000,8.712,8.717,8.642,8.712,18693.118658,1770382799999
1770382800000,8.713,8.849,8.701,8.805,29031.062375,1770386399999
1770386400000,8.805,9.028,8.736,8.975,46984.909417,1770389999999
1770390000000,8.977,9.068,8.893,9.035,71983.344255,1770393599999
1770393600000,9.036,9.318,9.002,9.256,45075.059575,1770397199999
1770397200000,9.257,9.469,9.224,9.341,33562.275168,1770400799999
1770400800000,9.341,9.363,9.131,9.233,24394.779564,1770404399999
1770404400000,9.232,9.27,9.158,9.253,16820.281234,1770407999999
1770408000000,9.248,9.298,9.146,9.165,25183.620885,1770411599999
1770411600000,9.169,9.214,9.113,9.189,12022.707488,1770415199999
1770415200000,9.191,9.395,9.186,9.323,78789.537674,1770418799999
1770418800000,9.322,9.406,9.233,9.278,94059.780709,1770422399999
1770422400000,9.277,9.277,9.152,9.201,17265.890851,1770425999999
1770426000000,9.197,9.264,9.132,9.247,14909.70433,1770429599999
1770429600000,9.245,9.261,9.19,9.215,6609.274676,1770433199999
1770433200000,9.219,9.313,9.212,9.291,14483.094961,1770436799999
1770436800000,9.289,9.369,9.239,9.26,21738.844608,1770440399999
1770440400000,9.259,9.323,9.236,9.261,16030.38602,1770443999999
1770444000000,9.266,9.33,9.112,9.113,51625.214522,1770447599999
1770447600000,9.116,9.148,8.909,8.997,79096.330961,1770451199999
1770451200000,8.996,9.082,8.964,9.062,27159.720467,1770454799999
1770454800000,9.062,9.095,8.984,9.006,15400.871983,1770458399999
1770458400000,9.004,9.037,8.935,8.977,12190.772293,1770461999999
1770462000000,8.973,8.994,8.951,8.99,12301.561225,1770465599999
1770465600000,8.987,9.261,8.978,9.168,43042.032296,1770469199999
1770469200000,9.171,9.201,9.07,9.125,16682.586679,1770472799999
1770472800000,9.127,9.154,9.035,9.054,16350.178143,1770476399999
1770476400000,9.055,9.216,9.042,9.176,17569.250764,1770479999999
1770480000000,9.18,9.4,9.141,9.209,819942.783945,1770483599999
1770483600000,9.212,9.276,9.151,9.242,7893.111932,1770487199999
1770487200000,9.242,9.377,9.241,9.33,8708.477295,1770490799999
1770490800000,9.329,9.33,9.241,9.254,7131.787832,1770494399999
1770494400000,9.261,9.327,9.243,9.317,7714.46861,1770497999999
1770498000000,9.321,9.328,9.243,9.258,5944.104133,1770501599999
1770501600000,9.258,9.298,9.235,9.251,4629.415213,1770505199999
1770505200000,9.252,9.258,9.178,9.228,3738.079798,1770508799999
1770508800000,9.228,9.229,9.181,9.198,10255.751066,1770512399999
1770512400000,9.202,9.256,9.189,9.211,3475.306258,1770515999999
1770516000000,9.212,9.251,9.154,9.177,7768.547272,1770519599999
1770519600000,9.179,9.19,9.121,9.131,9804.043696,1770523199999
1770523200000,9.127,9.159,9.1,9.159,7789.01268,1770526799999
1770526800000,9.159,9.173,9.119,9.133,4940.140861,1770530399999
1770530400000,9.13,9.145,9.111,9.121,3809.47672,1770533999999
1770534000000,9.122,9.149,9.08,9.145,14720.252697,1770537599999
1770537600000,9.147,9.296,9.127,9.268,24025.91373,1770541199999
1770541200000,9.271,9.277,9.164,9.178,6928.328065,1770544799999
1770544800000,9.18,9.231,9.111,9.147,12381.511917,1770548399999
1770548400000,9.144,9.28,9.142,9.272,20830.155633,1770551999999
1770552000000,9.274,9.281,9.21,9.257,17741.398716,1770555599999
1770555600000,9.256,9.285,9.21,9.271,31172.426124,1770559199999
1770559200000,9.275,9.29,9.229,9.26,6987.683969,1770562799999
1770562800000,9.261,9.278,9.15,9.176,17243.24763,1770566399999
1770566400000,9.174,9.206,9.001,9.039,29184.031564,1770569999999
1770570000000,9.037,9.117,9.036,9.099,8583.958924,1770573599999
1770573600000,9.103,9.227,9.103,9.159,24157.761978,1770577199999
1770577200000,9.158,9.221,9.154,9.21,9629.425646,1770580799999
1770580800000,9.211,9.214,9.091,9.102,11722.495926,1770584399999
1770584400000,9.1,9.124,9.012,9.054,18706.08511,1770587999999
1770588000000,9.052,9.095,9.037,9.084,9429.237298,1770591599999
1770591600000,9.085,9.264,9.008,9.078,37372.975983,1770595199999
1770595200000,9.078,9.132,9.044,9.105,13705.775986,1770598799999
1770598800000,9.104,9.174,9.031,9.081,32276.397612,1770602399999
1770602400000,9.082,9.175,9.064,9.118,14224.287491,1770605999999
1770606000000,9.12,9.206,9.114,9.188,16753.346711,1770609599999
1770609600000,9.188,9.188,9.099,9.124,6890.325725,1770613199999
1770613200000,9.123,9.145,9.1,9.136,7375.724421,1770616799999
1770616800000,9.134,9.134,9.025,9.062,17620.097165,1770620399999
1770620400000,9.062,9.085,9.025,9.033,16923.881686,1770623999999
1770624000000,9.032,9.042,8.859,8.923,47089.882475,1770627599999
1770627600000,8.924,8.94,8.855,8.877,20712.915992,1770631199999
1770631200000,8.876,8.895,8.723,8.762,34532.845111,1770634799999
1770634800000,8.763,8.817,8.762,8.781,24688.464314,1770638399999
1770638400000,8.788,8.865,8.782,8.834,17565.170481,1770641999999
1770642000000,8.838,8.872,8.774,8.774,14900.958048,1770645599999
1770645600000,8.774,8.944,8.747,8.912,42100.566629,1770649199999
1770649200000,8.912,9.002,8.866,9.001,45480.728762,1770652799999
1770652800000,9,9.155,8.92,9.068,44233.89733,1770656399999
1770656400000,9.068,9.189,9.005,9.135,59584.099211,1770659999999
1770660000000,9.135,9.188,9.052,9.09,29737.175491,1770663599999
1770663600000,9.091,9.133,9.066,9.117,9686.056699,1770667199999
1770667200000,9.115,9.15,9.048,9.094,14655.57401,1770670799999
1770670800000,9.097,9.101,8.99,9.082,18961.851233,1770674399999
1770674400000,9.08,9.118,9.07,9.082,6856.332503,1770677999999
1770678000000,9.081,9.114,9.045,9.052,6182.020724,1770681599999
1770681600000,9.052,9.067,9.009,9.017,4771.947297,1770685199999
1770685200000,9.017,9.115,9.009,9.094,10244.342804,1770688799999
1770688800000,9.098,9.099,9.012,9.027,10996.007513,1770692399999
1770692400000,9.028,9.035,8.869,8.907,31387.386475,1770695999999
1770696000000,8.906,8.983,8.901,8.966,16002.889676,1770699599999
1770699600000,8.969,8.985,8.879,8.902,10204.653639,1770703199999
1770703200000,8.902,8.917,8.745,8.777,60385.806879,1770706799999
1770706800000,8.777,8.854,8.774,8.827,17360.234457,1770710399999
1770710400000,8.828,8.873,8.801,8.868,8406.817346,1770713999999
