1744905600000,590.1,594.2,587.2,593.7,9058.679413,1744991999999
1744992000000,593.8,596.1,587.9,589,6017.983638,1745078399999
1745078400000,589,595.4,587.7,588.4,8547.827805,1745164799999
1745164800000,588.2,608.8,587.6,604,7920.734348,1745251199999
1745251200000,604.2,613.1,594.5,610.2,14432.572569,1745337599999
1745337600000,610.3,620.5,602.8,607.1,20991.724006,1745423999999
1745424000000,606.9,608.7,592.8,598.5,11059.003029,1745510399999
1745510400000,598.5,612.2,595.5,605.8,16439.153805,1745596799999
1745596800000,606.1,609.1,598.9,608.2,8022.055275,1745683199999
1745683200000,608.2,609.6,596.9,599.5,5870.49838,1745769599999
1745769600000,599.6,608.5,597.6,601,11184.716818,1745855999999
1745856000000,601.1,611.3,599,601.9,8947.665082,1745942399999
1745942400000,602,604.9,591.4,597,10119.056523,1746028799999
1746028800000,597,605.6,594.4,602.9,8020.902743,1746115199999
1746115200000,602.9,604.1,595.3,599.7,8574.234609,1746201599999
1746201600000,599.7,601.8,595.1,598.8,5119.332269,1746287999999
1746288000000,598.8,600.5,587.8,588.9,7016.953175,1746374399999
1746374400000,588.9,597.3,583.5,597.3,12195.680759,1746460799999
1746460800000,597.3,600.4,593.3,598.9,10132.625145,1746547199999
1746547200000,598.9,609.6,596.8,601.3,10087.879918,1746633599999
1746633600000,601.3,624,598.1,621.3,14406.072813,1746719999999
1746720000000,621.3,644.3,615.3,636.3,23219.414271,1746806399999
1746806400000,636.3,679.3,631.1,651.7,27949.113383,1746892799999
1746892800000,651.7,669.4,649.6,651.6,51488.885003,1746979199999
1746979200000,651.6,693.3,647.3,663.5,24284.934576,1747065599999
1747065600000,663.9,670.8,640.8,655.6,17214.477231,1747151999999
1747152000000,655.7,671.6,650,652.3,18760.575323,1747238399999
1747238400000,652.3,656.4,642.6,656.1,12671.206702,1747324799999
1747324800000,655.9,661.5,646,652,11518.165486,1747411199999
1747411200000,652.2,654.5,634.8,640.6,6221.871326,1747497599999
1747497600000,640.5,655,636.1,654.1,6212.967423,1747583999999
1747584000000,654.3,655.2,633.7,645.4,10833.000765,1747670399999
1747670400000,645.6,654,640.7,645.2,6164.685275,1747756799999
1747756800000,645.2,674.5,643.1,664,26334.418573,1747843199999
1747843200000,664.2,690.6,660.7,682,16224.875804,1747929599999
1747929600000,682.3,691.6,660.8,671.1,17763.724596,1748015999999
1748016000000,671.1,677.3,654.4,674.3,7952.251188,1748102399999
1748102400000,674.4,677.5,657.2,663.6,7006.032302,1748188799999
1748188800000,663.6,676.4,662.1,675.7,8864.924431,1748275199999
1748275200000,675.8,698,666.2,691.1,13016.485652,1748361599999
1748361600000,691.2,694.6,680.3,682,8022.447237,1748447999999
1748448000000,682.2,691.5,679.3,681.3,10486.231323,1748534399999
1748534400000,681.3,682.5,665.4,668.7,14460.929381,1748620799999
1748620800000,668.7,669.6,645.8,656.5,8361.700126,1748707199999
1748707200000,656.5,661.5,647.5,654.5,4593.069778,1748793599999
1748793600000,654.5,664.3,650.1,657.4,7745.375596,1748879999999
1748880000000,657.4,673.5,655.7,667.2,9535.346572,1748966399999
1748966400000,667.4,672.3,657.1,669.6,8652.903659,1749052799999
1749052800000,669.6,671.1,656.8,659.6,9588.712606,1749139199999
1749139200000,659.7,659.7,625.5,647.8,17384.81469,1749225599999
1749225600000,647.8,651.6,639.7,650.9,6356.062321,1749311999999
1749312000000,650.9,653.9,646.6,652,5586.426823,1749398399999
1749398400000,652,657.2,648,656.6,7289.319619,1749484799999
1749484800000,656.6,668.1,656.6,661.3,8063.936311,1749571199999
1749571200000,661.4,674.3,661.2,669.7,9318.437967,1749657599999
1749657600000,669.8,670.2,659.6,660,8366.10034,1749743999999
1749744000000,660.1,666.9,638.6,653.4,14796.944734,1749830399999
1749830400000,653.5,655.4,644.2,645.4,5826.274636,1749916799999
1749916800000,645.4,652.2,638.8,647.5,12199.065617,1750003199999
1750003200000,647.6,659.4,642.6,657.6,7512.630733,1750089599999
1750089600000,657.7,659.4,645.1,646.3,9977.365941,1750175999999
1750176000000,646.3,655,637.1,641.9,9134.484113,1750262399999
1750262400000,642,648.8,637.4,639.9,11882.226054,1750348799999
1750348800000,639.9,651,638.6,645.7,7342.307222,1750435199999
1750435200000,645.7,645.9,634.3,636.8,9118.719024,1750521599999
1750521600000,636.5,637.2,606.8,607.8,14168.64547,1750607999999
1750608000000,607.6,628.2,601.4,623,8837.865018,1750694399999
1750694400000,623.1,643.1,617,639.5,12492.496495,1750780799999
1750780800000,639.6,653,639.6,642.8,15225.992876,1750867199999
1750867200000,642.8,650.3,641.1,645.2,7350.082608,1750953599999
1750953600000,645.1,648.1,639.2,646.7,5864.252727,1751039999999
1751040000000,646.8,648.6,642.6,646.8,3396.093629,1751126399999
1751126400000,646.8,651.5,645.7,649.1,3737.271508,1751212799999
1751212800000,649.2,657.4,647.2,656.8,9200.375414,1751299199999
1751299200000,656.9,660.2,645.8,646.2,7388.74739,1751385599999
1751385600000,646.2,662.4,644,661.9,6796.657532,1751471999999
1751472000000,661.9,665.1,656.6,657,6090.320575,1751558399999
1751558400000,657,664.7,652.2,652.9,6255.583751,1751644799999
1751644800000,653,656.8,650.3,654.5,2757.478246,1751731199999
1751731200000,654.5,663.8,652.2,662.9,3725.251645,1751817599999
1751817600000,662.9,665.1,658.6,659,5346.050688,1751903999999
1751904000000,659,662.6,656.8,658.2,5757.703153,1751990399999
1751990400000,658.4,664.8,657.4,662.5,4694.015592,1752076799999
1752076800000,662.6,674,662,668,8235.690239,1752163199999
1752163200000,668.2,694.9,667.9,687,12585.676804,1752249599999
1752249600000,687.4,697.3,679.3,681.2,7077.82982,1752335999999
1752336000000,681.2,694.2,680,691.1,3352.804614,1752422399999
1752422400000,691.3,707.5,688.2,692.7,7810.042444,1752508799999
1752508800000,692.6,694.3,675.2,683,6781.038037,1752595199999
1752595200000,683.1,706.5,682.7,700.4,13748.420662,1752681599999
1752681600000,700.4,728,699,721.3,17809.103143,1752767999999
1752768000000,721.3,765.7,710.5,738.1,26780.607896,1752854399999
1752854400000,737.9,748.5,718.5,730.9,14830.605186,1752940799999
1752940800000,730.9,751.9,725.1,751.1,11789.414712,1753027199999
1753027200000,751.1,782.2,745.2,774.2,16929.120692,1753113599999
1753113600000,774.2,775.3,744.7,763.7,20354.375799,1753199999999
1753200000000,763.9,810.5,763.7,784.6,39089.979062,1753286399999
1753286400000,784.3,786.3,742.8,778.4,26988.080515,1753372799999
1753372800000,778.5,785.8,752.3,766.1,13388.374744,1753459199999
1753459200000,766.1,786,763.7,781.5,5744.723291,1753545599999
1753545600000,781.5,817.1,778.5,815.6,8616.060796,1753631999999
1753632000000,815.5,861.8,812.2,836.3,41317.539873,1753718399999
1753718400000,836.5,841.6,802.1,805.7,23079.435781,1753804799999
1753804800000,805.7,815.9,779.4,790.9,25527.270182,1753891199999
1753891200000,791.1,814.9,766.1,799.9,25110.029752,1753977599999
1753977600000,800,813.8,757.4,764.3,25652.495096,1754063999999
1754064000000,763.9,770.2,741.1,743,19938.5584,1754150399999
1754150400000,743.3,753.6,730.1,748.6,12998.201364,1754236799999
1754236800000,748.6,766,747,760.5,15885.662342,1754323199999
1754323200000,760.5,769.7,746.1,749.1,11363.414618,1754409599999
1754409600000,748.7,769.9,745.4,769.5,10453.537751,1754495999999
1754496000000,769.4,780,764.7,775.8,10097.438602,1754582399999
1754582400000,775.8,796.8,768.2,785.1,23861.874678,1754668799999
1754668800000,784.9,819.3,784.7,806.5,10307.039604,1754755199999
1754755200000,806.4,815.4,793.3,801.9,12157.313762,1754841599999
1754841600000,801.9,827.3,792.4,807.4,14188.958403,1754927999999
1754928000000,807.5,821.1,797.4,820.8,11005.097967,1755014399999
1755014400000,820.8,859,820.8,841.7,23101.39707,1755100799999
1755100800000,841.7,869.5,820.3,847.2,32840.024478,1755187199999
1755187200000,847,853.7,815.7,818.8,15124.095268,1755273599999
1755273600000,818.7,837.1,812.7,831.5,7415.887303,1755359999999
1755360000000,831.7,864.3,831.3,860,9976.766979,1755446399999
1755446400000,860,861.4,825,841.9,13528.158782,1755532799999
1755532800000,841.7,856,829.3,832.2,15846.45198,1755619199999
1755619200000,832.2,837.7,818.4,833.1,15013.86759,1755705599999
1755705600000,833.2,884.6,833.2,841.9,31578.755832,1755791999999
1755792000000,842,882.4,833.4,876.1,24463.866019,1755878399999
1755878400000,876.1,901.1,875.6,888.7,26880.100537,1755964799999
1755964800000,888.9,889.9,859.7,867.3,16645.493016,1756051199999
1756051200000,867.4,883.5,850.6,863.4,21937.99142,1756137599999
1756137600000,863.5,870.3,829.7,849.7,19615.311628,1756223999999
1756224000000,849.7,867.8,849.4,864.9,8090.260905,1756310399999
1756310400000,865,879.2,851.3,869.5,14964.830186,1756396799999
1756396800000,869.6,881.6,849.9,858.5,15257.533544,1756483199999
1756483200000,858.2,864.1,851.5,859.1,7629.602025,1756569599999
1756569600000,859.1,864.5,856.2,861.9,6181.428294,1756655999999
1756656000000,862,869,844.2,847.1,12442.756419,1756742399999
1756742400000,847.1,856.8,839.7,847,12976.362101,1756828799999
1756828800000,847.2,864.3,846,860.2,9169.489122,1756915199999
1756915200000,860.3,862.5,842.7,844.2,6459.212279,1757001599999
1757001600000,844.1,857.7,840.8,848.8,7289.268586,1757087999999
1757088000000,848.9,865.2,848.4,859.8,7538.982012,1757174399999
1757174400000,859.8,875.6,856.3,874.8,7316.716028,1757260799999
1757260800000,874.8,885.8,869.9,880,10432.695638,1757347199999
1757347200000,880,884.9,871.5,873.3,9640.342704,1757433599999
1757433600000,873.3,907.5,872.7,895.4,13485.0286,1757519999999
1757520000000,895.9,904.8,888.4,893.3,11348.400642,1757606399999
1757606400000,893.3,909.8,893.3,907,8803.125658,1757692799999
1757692800000,907,944.2,906.7,936.7,14084.531916,1757779199999
1757779200000,936.7,945.5,922.2,924.5,8793.889179,1757865599999
1757865600000,924.5,935.5,910.6,916.6,12383.262109,1757951999999
1757952000000,916.6,938,913,937.6,9019.103875,1758038399999
1758038400000,937.6,963.5,932.5,951.5,20802.052979,1758124799999
1758124800000,951.4,1007.4,946.6,993.6,35134.289015,1758211199999
1758211200000,993.6,1003.2,974.3,983,25283.471926,1758297599999
1758297600000,983.1,1028.7,975.5,1021.5,46316.180614,1758383999999
1758384000000,1021.7,1084.2,1017.2,1056.8,51595.97141,1758470399999
1758470400000,1056.6,1058,994,998.1,50732.944472,1758556799999
1758556800000,998.2,1026.7,962.6,1022.9,44935.165161,1758643199999
1758643200000,1022.9,1034.6,991.1,1009.2,43531.294625,1758729599999
1758729600000,1009.2,1019.7,979.8,995.2,36184.245578,1758815999999
1758816000000,995.2,996.9,932.2,942.6,38931.036269,1758902399999
1758902400000,942.6,985.7,941.5,976,21903.755138,1758988799999
1758988800000,976.2,979.2,962.7,975.8,13079.977682,1759075199999
1759075200000,975.9,1023.5,975,1010.9,35829.767537,1759161599999
1759161600000,1011.1,1036.7,992.8,998.3,24027.020081,1759247999999
1759248000000,998.3,1036.1,996.8,1019.2,28904.362515,1759334399999
1759334400000,1019.3,1063.8,1017.4,1055.8,27173.927479,1759420799999
1759420800000,1055.9,1168.8,1055.4,1165.6,53221.969554,1759507199999
1759507200000,1165.7,1192.7,1128.8,1144.3,60895.515653,1759593599999
1759593600000,1144.4,1190,1137,1158.4,38421.157949,1759679999999
1759680000000,1158.2,1239.9,1147.9,1221.9,52578.530858,1759766399999
1759766400000,1221.9,1360,1204,1281.3,120748.897938,1759852799999
1759852800000,1280.8,1335.4,1264.4,1293.9,121654.399471,1759939199999
1759939200000,1293.8,1324.8,1228.1,1240.4,112341.418526,1760025599999
1760025600000,1240.6,1278.7,1205.9,1216.2,63198.716796,1760111999999
1760112000000,1215.8,1248,863.3,1143.3,210447.284699,1760198399999
1760198400000,1143.1,1308.3,1106.2,1302.5,146242.401856,1760284799999
1760284800000,1302.4,1376.5,1251,1274.5,187097.449536,1760371199999
1760371200000,1274.5,1320,1139.9,1213.5,214613.98754,1760457599999
1760457600000,1213.4,1250.6,1164.9,1169.2,110756.518386,1760543999999
1760544000000,1169.1,1196,1132.5,1135.5,76761.007531,1760630399999
1760630400000,1135.1,1165.4,1021.5,1074.1,123952.749839,1760716799999
1760716800000,1073.9,1132,1062.8,1091.2,76850.254777,1760803199999
1760803200000,1091.4,1123.5,1068,1119.1,74233.234597,1760889599999
1760889600000,1119.1,1143.6,1087.6,1110.6,78822.948621,1760975999999
1760976000000,1110.7,1114.9,1062.1,1112.3,64463.201499,1761062399999
1761062400000,1112.2,1113.7,1052.5,1080.8,50583.578116,1761148799999
1761148800000,1080.9,1160,1052.8,1130.2,77254.466247,1761235199999
1761235200000,1130.3,1144.2,1103,1104.2,62953.695374,1761321599999
1761321600000,1104.2,1119.1,1097.2,1108.9,20471.580894,1761407999999
1761408000000,1109,1139.7,1108.1,1133.8,23148.232446,1761494399999
1761494400000,1133.7,1182.9,1122.9,1143.6,57039.521311,1761580799999
1761580800000,1143.6,1153.7,1120.5,1136,29870.615362,1761667199999
1761667200000,1135.8,1149.2,1072.7,1099.6,44440.754231,1761753599999
1761753600000,1099.6,1130.2,1075.3,1077.4,51710.222807,1761839999999
1761840000000,1077.5,1105,1042.1,1084.5,62429.784002,1761926399999
1761926400000,1084.5,1095.7,1071.7,1092.6,17949.609841,1762012799999
1762012800000,1092.7,1097.1,1078.8,1080.4,11977.923234,1762099199999
1762099200000,1080.4,1087.6,957.2,980.3,76527.702352,1762185599999
1762185600000,980.5,1010.3,935,950,71032.163228,1762271999999
1762272000000,950.3,966,880,965.5,88573.601583,1762358399999
1762358400000,965.9,968.5,927.9,933.9,28582.341161,1762444799999
1762444800000,934.1,976.8,925.2,945.1,28870.925057,1762531199999
1762531200000,945,1007.5,940.2,990.4,37620.515568,1762617599999
1762617600000,990.7,1005.9,975.3,994.5,24553.249908,1762703999999
1762704000000,994.5,1019.1,975.9,979.7,38460.785808,1762790399999
1762790400000,979.8,1008.7,971.5,975.6,27261.46882,1762876799999
1762876800000,975.8,978.9,946.1,949.5,17608.786113,1762963199999
1762963200000,949.4,971.3,937.9,957.6,17762.068444,1763049599999
1763049600000,957.3,959.5,888,925.9,37628.961777,1763135999999
1763136000000,926,939,908.4,936.8,21419.474709,1763222399999
1763222400000,936.9,950.1,921.6,923.3,16220.060307,1763308799999
1763308800000,923.7,939.8,901,911.8,31863.781324,1763395199999
1763395200000,912.1,927.8,884.4,926.5,38695.391013,1763481599999
1763481600000,926.5,941.6,892.8,894.6,21251.998955,1763567999999
1763568000000,894.5,916.2,872,890.4,29481.00915,1763654399999
1763654400000,890.5,891.1,791.2,813.6,61431.04418,1763740799999
1763740800000,814,843.1,808.1,823.6,26764.415872,1763827199999
1763827200000,823.5,854.9,823.2,850.2,18709.887867,1763913599999
1763913600000,850.2,858.5,829.9,844.3,22876.994195,1763999999999
1764000000000,844.4,876.5,837.4,846.2,21486.993875,1764086399999
1764086400000,846.1,870.1,845.3,864.9,14845.2921,1764172799999
1764172800000,865,904.7,864.9,893.1,18344.386384,1764259199999
1764259200000,893.2,906.3,881.9,902,11239.794624,1764345599999
1764345600000,902.2,902.2,875.4,880.9,9508.722724,1764431999999
1764432000000,881,897.8,868.4,893.8,9143.77391,1764518399999
1764518400000,893.9,899.9,801.8,812.2,27964.388657,1764604799999
1764604800000,812.1,874.9,808.6,870.8,18359.036835,1764691199999
1764691200000,870.9,910.7,865.1,897.1,21321.437853,1764777599999
1764777600000,897.1,928.7,892.9,910.9,27583.770151,1764863999999
1764864000000,911.1,912.4,884.7,889.2,12286.359924,1764950399999
1764950400000,889.1,897.2,870.6,890.3,10787.527852,1765036799999
1765036800000,890.4,898.5,870.3,890.5,11846.271159,1765123199999
1765123200000,890.6,913,881.1,897.1,13287.389744,1765209599999
1765209600000,897.1,909.2,881.9,907.7,12545.563612,1765295999999
1765296000000,907.8,928.2,884.2,891.3,20589.053611,1765382399999
1765382400000,891.2,915,859.5,865.8,19663.762771,1765468799999
1765468800000,865.7,896,860.8,874.8,13922.641869,1765555199999
1765555200000,874.8,900.2,871.2,899.2,7900.454265,1765641599999
1765641600000,899.2,904.7,883.6,886.8,8315.847101,1765727999999
1765728000000,886.9,895.8,852,859.2,18902.609339,1765814399999
1765814400000,859.3,878.3,841,876.5,15509.648089,1765900799999
1765900800000,876.6,876.6,852.6,854,13755.755977,1765987199999
1765987200000,853.8,857.7,830.1,848.1,14531.322368,1766073599999
1766073600000,848.2,855,818.2,846.6,16461.601875,1766159999999
1766160000000,846.4,862.6,843.7,853.9,10460.460178,1766246399999
1766246400000,853.9,859.7,845.7,848.8,7296.859345,1766332799999
1766332800000,848.7,871.1,846.2,867.8,16290.210342,1766419199999
1766419200000,867.9,869,838.1,844.2,11519.321962,1766505599999
1766505600000,844,849.9,835.3,841.1,6634.570182,1766591999999
1766592000000,841.1,850,835.1,842.2,5707.176569,1766678399999
1766678400000,842.4,847.1,821.2,829.1,13712.412678,1766764799999
1766764800000,829.2,843.5,828,841.1,7464.943013,1766851199999
1766851200000,841.2,863.5,839.2,860.5,8110.169378,1766937599999
1766937600000,860.5,872.5,846.1,853.6,14442.849343,1767023999999
1767024000000,853.6,864.2,848.8,863,8070.09299,1767110399999
1767110400000,863,877.4,857.5,863.2,10714.194545,1767196799999
1767196800000,863.4,874.4,856.1,859.3,6822.158202,1767283199999
1767283200000,859.3,882.4,856.9,878,9987.88946,1767369599999
1767369600000,878.1,891.1,868.7,873.6,9387.052526,1767455999999
1767456000000,873.6,891,873.5,889.2,8529.441465,1767542399999
1767542400000,889.2,909.4,889.2,906.3,20072.236635,1767628799999
1767628800000,906.3,924.2,901.2,919.2,17523.446715,1767715199999
1767715200000,919.4,920.8,891.9,899.8,22805.540039,1767801599999
1767801600000,899.8,904.8,875,888.8,15939.648868,1767887999999
1767888000000,888.7,900,885,894.4,10635.45426,1767974399999
1767974400000,894.5,910.7,891,908.7,14393.146643,1768060799999
1768060800000,908.8,917.3,902.3,908.8,12484.101878,1768147199999
1768147200000,908.8,911.5,893.9,904,12938.140259,1768233599999
1768233600000,904,916.8,899.8,916.6,17885.514555,1768319999999
1768320000000,916.5,954.9,916.5,942.1,25322.675401,1768406399999
1768406400000,942.1,949.9,929,937.7,14978.059434,1768492799999
1768492800000,937.6,942.7,923.8,927,11047.66743,1768579199999
1768579200000,927,959.5,926.6,955.5,11484.672045,1768665599999
1768665600000,955.5,956.2,943.4,950.4,10479.157624,1768751999999
1768752000000,950.4,953.4,900.3,925.5,26983.347641,1768838399999
1768838400000,925.5,933.1,896.9,905.4,13134.561716,1768924799999
1768924800000,905.5,908.7,864.4,892.2,17260.608425,1769011199999
1769011200000,892.3,897.5,865.7,882.9,12369.989702,1769097599999
1769097600000,882.9,893.3,881.9,892.2,7847.365769,1769183999999
1769184000000,892.3,905.2,888.8,888.8,5883.840127,1769270399999
1769270400000,888.9,890.1,876.5,877.4,5682.64151,1769356799999
1769356800000,877.4,878.2,855.7,871.9,12623.313566,1769443199999
1769443200000,871.9,888.1,868.6,885.5,8164.589543,1769529599999
1769529600000,885.6,909.9,885.1,902.7,10396.885252,1769615999999
1769616000000,902.8,907.4,856.7,864,15943.330762,1769702399999
1769702400000,863.9,870.3,833,849.7,25707.472128,1769788799999
1769788800000,849.9,861.7,801.5,802.9,23158.143309,1769875199999
1769875200000,803.1,810,742.4,749.5,43264.58943,1769961599999
1769961600000,749.7,781.1,728.7,777.9,40380.247152,1770047999999
1770048000000,777.9,783.6,762.9,776.6,20253.265572,1770134399999
1770134400000,776.8,776.8,727.3,733.9,37315.348664,1770220799999
1770220800000,733.8,736.5,646.4,658.6,60467.849285,1770307199999
1770307200000,658.5,673.7,569.6,651.2,87364.339566,1770393599999
1770393600000,651.2,669.6,630.9,641.9,28812.517471,1770479999999
1770480000000,642.1,655.2,637.7,643.6,24045.696633,1770566399999
1770566400000,643.8,652.9,616,631,17299.909119,1770652799999
1770652800000,631,644.3,613.8,619.3,15368.372053,1770739199999
