1671379200000,220,254.4,220,243.24,57170.332503,1671983999999
1671984000000,243.2,249,238.93,244.53,73274.526531,1672588799999
1672588800000,244.64,267.84,240.82,266.88,52897.630667,1673193599999
1673193600000,267.07,314.7,263.75,302.87,79736.842485,1673798399999
1673798400000,303.03,310.33,281.35,303.46,79106.867088,1674403199999
1674403200000,303.48,323.65,293.2,318.43,85093.960928,1675007999999
1675008000000,318.5,337.91,301.81,326.88,104516.883032,1675612799999
1675612800000,326.64,335.8,302,312.75,84928.234887,1676217599999
1676217600000,312.87,328,282.79,316.77,120332.638876,1676822399999
1676822400000,316.98,319.73,295.76,304.45,69779.279071,1677427199999
1677427200000,304.45,309.73,286.11,291.14,61095.499314,1678031999999
1678032000000,291.2,294.16,265.12,273.77,101108.28038,1678636799999
1678636800000,273.72,346.1,273.35,339.71,159057.613506,1679241599999
1679241600000,339.47,341.04,316.29,326.78,80382.056663,1679846399999
1679846400000,326.96,329.9,305.96,313.24,80046.485239,1680451199999
1680451200000,313.23,316.77,299.36,310.66,52211.224026,1681055999999
1681056000000,310.66,348.43,310.17,345.89,67901.854042,1681660799999
1681660800000,345.81,350.53,315.37,328.55,62010.975782,1682265599999
1682265600000,328.58,345.17,318.93,324.25,42023.649318,1682870399999
1682870400000,324.19,339.35,319.46,324.73,47115.763523,1683475199999
1683475200000,324.73,324.96,301.3,314,39539.434356,1684079999999
1684080000000,314.01,321,306.23,309.35,27195.034333,1684684799999
1684684800000,309.43,315.45,301.57,308.2,37333.672414,1685289599999
1685289600000,308.19,317.57,303.12,306.56,54962.100712,1685894399999
1685894400000,306.55,309.54,228.33,235.03,208940.754535,1686499199999
1686499200000,235.01,260.53,220.37,247.01,163076.377505,1687103999999
1687104000000,247.05,257.17,230.42,239.44,136337.328238,1687708799999
1687708800000,239.4,249.28,224,246.12,122720.627249,1688313599999
1688313600000,246.12,255.69,231.18,234.35,92838.202911,1688918399999
1688918400000,234.35,261.72,231.39,248.68,129678.820189,1689523199999
1689523200000,248.8,254.01,237.48,242.25,83565.349967,1690127999999
1690128000000,242.25,244.56,235.35,242.94,59981.962682,1690732799999
1690732800000,243.03,248.86,235.21,243.13,89309.137342,1691337599999
1691337600000,243.09,248.34,238.17,240.37,46961.004748,1691942399999
1691942400000,240.38,241.76,210.74,216.21,72037.631669,1692547199999
1692547200000,216.21,221.15,203.36,218.52,79720.395314,1693151999999
1693152000000,218.52,238.11,211.09,213.79,70470.351117,1693756799999
1693756800000,213.83,219.37,211.45,212.84,39797.7796,1694361599999
1694361600000,212.8,216.82,203.93,216.16,49913.164419,1694966399999
1694966400000,216.19,221.23,209.28,210.66,47773.553472,1695571199999
1695571200000,210.66,217.45,206.38,215.64,47976.254528,1696175999999
1696176000000,215.6,221.61,208.78,211.55,55542.72471,1696780799999
1696780800000,211.58,213.43,201.99,209.34,62821.72643,1697385599999
1697385600000,209.41,219.7,208.12,214.13,68162.064264,1697990399999
1697990400000,214.14,239.74,213.93,226.41,125891.081378,1698595199999
1698595200000,226.51,244.99,222.36,240.7,91644.010934,1699199999999
1699200000000,240.77,258.1,239.63,248.6,163796.982873,1699804799999
1699804800000,248.6,255.8,233.3,243.5,107352.205948,1700409599999
1700409600000,243.5,273.3,223.4,231.5,354435.514649,1701014399999
1701014400000,231.5,232.9,222.5,226.9,135631.262348,1701619199999
1701619200000,227,245.8,224.4,240.1,290338.845727,1702223999999
1702224000000,240,259.2,227.4,242.3,355786.051585,1702828799999
1702828800000,242.3,276.5,232,269.5,335562.027347,1703433599999
1703433600000,269.5,338.2,261.6,315.8,315968.087924,1704038399999
1704038400000,315.8,334.2,288.1,305.6,230161.972286,1704643199999
1704643200000,305.6,316.7,288.9,305.2,226445.615898,1705247999999
1705248000000,305.3,321.2,298.7,318.7,241213.629838,1705852799999
1705852800000,318.8,321.5,287.6,305.2,158091.126831,1706457599999
1706457600000,305.1,313.1,296.5,306.1,125650.619575,1707062399999
1707062400000,306,326.3,299.3,321.1,164704.986505,1707667199999
1707667200000,321,367.3,315.7,352.8,182237.345173,1708271999999
1708272000000,352.8,388.4,344.8,384.8,204936.71457,1708876799999
1708876800000,385,426.9,382.2,413.5,169508.153658,1709481599999
1709481600000,413.3,537.4,354.2,521.1,337957.399861,1710086399999
1710086400000,521,646.5,505.2,588.2,559114.12569,1710691199999
1710691200000,587.9,590.5,497.7,560.2,454162.749465,1711295999999
1711296000000,560.2,620,554,602.1,249862.556206,1711900799999
1711900800000,602.1,608.5,539.2,584.4,247730.165133,1712505599999
1712505600000,584.4,632.2,505.3,550.2,433704.544922,1713110399999
1713110400000,550.2,585.4,512.7,574,261987.627305,1713715199999
1713715200000,574.1,619.8,566.5,603.9,208417.460829,1714319999999
1714320000000,604,607.4,536.7,593,156657.942303,1714924799999
1714924800000,593.1,607.6,574.1,595.6,86781.351151,1715529599999
1715529600000,595.6,599.3,560,578,84625.005,1716134399999
1716134400000,577.8,631.7,568.8,602.1,165587.723329,1716739199999
1716739200000,602.2,614.6,586.1,601.5,54681.894507,1717343999999
1717344000000,601.6,722.7,596.3,676.8,240999.226065,1717948799999
1717948800000,676.8,678.8,590,610.7,158929.620322,1718553599999
1718553600000,610.4,616.3,574.7,585.1,66752.682552,1719158399999
1719158400000,585.1,585.9,551.3,577.6,50113.979022,1719763199999
1719763200000,577.7,588.1,454.3,498.3,86887.59767,1720367999999
1720368000000,498.4,545.9,470.9,536.2,61755.386168,1720972799999
1720972800000,536.3,602.5,534.9,598.7,76616.111426,1721577599999
1721577600000,599,606.5,553.3,580.4,43014.069501,1722182399999
1722182400000,580.5,597.1,500.9,501.7,47091.663448,1722787199999
1722787200000,501.8,536,398.9,520.4,130149.154353,1723391999999
1723392000000,520.4,547.7,499.4,538.9,53500.34032,1723996799999
1723996800000,539,597.9,529.1,575.4,63663.441504,1724601599999
1724601600000,575.5,579.3,510.3,520.4,61307.933481,1725206399999
1725206400000,520.5,538.4,471.1,491.4,60116.687549,1725811199999
1725811200000,491.7,562.1,491.2,561.5,52069.160289,1726415999999
1726416000000,561.6,590.3,526.9,580.7,59004.526344,1727020799999
1727020800000,580.6,618.5,576.2,597.1,92237.186345,1727625599999
1727625600000,597.1,601.1,534,567.6,52560.085045,1728230399999
1728230400000,567.6,586.6,551.5,567.1,53189.398083,1728835199999
1728835200000,567,606.3,566.1,599.3,41329.111397,1729439999999
1729440000000,599.4,612,565,587.6,50716.932486,1730044799999
1730044800000,587.7,612.6,546.8,552.1,61112.785753,1730649599999
1730649600000,551.5,644.9,543.5,640.2,129546.588239,1731254399999
1731254400000,640.2,667.6,598.8,625,236631.832466,1731859199999
1731859200000,625.1,688.3,593.3,642.7,203032.390498,1732463999999
1732464000000,642.5,677.2,600.3,662.3,200402.369637,1733068799999
1733068800000,662.5,794.3,622.8,740.3,333341.896744,1733673599999
1733673600000,740.5,743.9,636.3,716.4,208554.729052,1734278399999
1734278400000,716.5,737.3,618,656.8,175433.354643,1734883199999
1734883200000,656.9,731.1,638,710.7,104271.694233,1735487999999
1735488000000,710.7,721.8,687.6,708.3,51567.277261,1736092799999
1736092800000,708.3,745.3,674.5,695.2,72999.713698,1736697599999
1736697600000,695.2,730.4,657.2,698.2,100129.642274,1737302399999
1737302400000,698.1,709.5,670.4,685,67559.731782,1737907199999
1737907200000,685.1,689.4,637,645.9,58609.914296,1738511999999
1738512000000,645.9,649.9,504,624.5,209421.710831,1739116799999
1739116800000,624.5,733.9,596.3,681.3,327530.73287,1739721599999
1739721600000,681.3,682,630.5,648.8,128761.257573,1740326399999
1740326400000,648.8,659.3,559.9,613.6,150756.796219,1740931199999
1740931200000,613.6,634.6,546.5,566.7,114594.58326,1741535999999
1741536000000,566.6,623.4,507.4,601,176470.143609,1742140799999
1742140800000,601.1,644.2,596.2,621.6,217207.683329,1742745599999
1742745600000,621.6,645.1,597.1,602.3,178673.918396,1743350399999
1743350400000,602.2,618.8,578.3,581.5,142813.015124,1743955199999
1743955200000,581.4,600.3,518.1,584.3,112725.659275,1744559999999
1744560000000,584.3,596.1,576.2,588.4,54713.045524,1745164799999
1745164800000,588.2,620.5,587.6,599.5,84735.741412,1745769599999
1745769600000,599.6,611.3,587.8,588.9,58982.861219,1746374399999
1746374400000,588.9,679.3,583.5,651.6,149479.671292,1746979199999
1746979200000,651.6,693.3,634.8,654.1,96884.198067,1747583999999
1747584000000,654.3,691.6,633.7,663.6,92278.988503,1748188799999
1748188800000,663.6,698,645.8,654.5,67805.787928,1748793599999
1748793600000,654.5,673.5,625.5,652,64849.642267,1749398399999
1749398400000,652,674.3,638.6,647.5,65860.079224,1750003199999
1750003200000,647.6,659.4,606.8,607.8,69136.378557,1750607999999
1750608000000,607.6,653,601.4,649.1,56904.054861,1751212799999
1751212800000,649.2,665.1,644,662.9,42214.414553,1751817599999
1751817600000,662.9,697.3,656.8,691.1,47049.77091,1752422399999
1752422400000,691.3,765.7,675.2,751.1,99549.23208,1753027199999
1753027200000,751.1,817.1,742.8,815.6,131110.714899,1753631999999
1753632000000,815.5,861.8,730.1,748.6,173623.530448,1754236799999
1754236800000,748.6,819.3,745.4,801.9,94126.281357,1754841599999
1754841600000,801.9,869.5,792.4,860,113652.227468,1755446399999
1755446400000,860,901.1,818.4,867.3,143956.693756,1756051199999
1756051200000,867.4,883.5,829.7,861.9,93676.958002,1756655999999
1756656000000,862,875.6,839.7,874.8,63192.786547,1757260799999
1757260800000,874.8,945.5,869.9,924.5,76588.014337,1757865599999
1757865600000,924.5,1084.2,910.6,1056.8,200534.331928,1758470399999
1758470400000,1056.6,1058,932.2,975.8,249298.418925,1759075199999
1759075200000,975.9,1192.7,975,1158.4,268473.720768,1759679999999
1759680000000,1158.2,1360,863.3,1302.5,827211.650144,1760284799999
1760284800000,1302.4,1376.5,1021.5,1119.1,864265.202206,1760889599999
1760889600000,1119.1,1160,1052.5,1133.8,377697.703197,1761494399999
1761494400000,1133.7,1182.9,1042.1,1080.4,275418.430788,1762099199999
1762099200000,1080.4,1087.6,880,994.5,355760.498857,1762703999999
1762704000000,994.5,1019.1,888,923.3,176361.605978,1763308799999
1763308800000,923.7,941.6,791.2,850.2,228197.528361,1763913599999
1763913600000,850.2,906.3,829.9,893.8,107445.957812,1764518399999
1764518400000,893.9,928.7,801.8,890.5,130148.792431,1765123199999
1765123200000,890.6,928.2,859.5,886.8,96224.712973,1765727999999
1765728000000,886.9,895.8,818.2,848.8,96918.257171,1766332799999
1766332800000,848.7,871.1,821.2,860.5,69438.804124,1766937599999
1766937600000,860.5,891.1,846.1,889.2,67953.678531,1767542399999
1767542400000,889.2,924.2,875,908.8,113853.575038,1768147199999
1768147200000,908.8,959.5,893.9,950.4,104135.886748,1768751999999
1768752000000,950.4,953.4,864.4,877.4,89162.35489,1769356799999
1769356800000,877.4,909.9,742.4,749.5,139258.32399,1769961599999
1769961600000,749.7,783.6,569.6,643.6,298639.264343,1770566399999
