1766376000000,855.9,861.1,855.1,858.8,2467.09194,1766390399999
1766390400000,858.7,868.2,858.5,865.5,5367.874295,1766404799999
1766404800000,865.5,871.1,862,867.8,2657.096528,1766419199999
1766419200000,867.9,869,857.2,857.5,1565.071947,1766433599999
1766433600000,857.4,860.9,853.5,858.3,1047.008162,1766447999999
1766448000000,858.7,861.3,852.4,857.3,1344.812933,1766462399999
1766462400000,857.3,857.6,847.1,848.6,2587.558982,1766476799999
1766476800000,848.5,853.2,848,853,1340.890846,1766491199999
1766491200000,853,853,838.1,844.2,3633.979092,1766505599999
1766505600000,844,849.9,839,841.7,1638.023197,1766519999999
1766520000000,841.4,847.6,840,844.2,634.928737,1766534399999
1766534400000,844.3,847.6,836.2,840.7,873.097733,1766548799999
1766548800000,840.7,842.4,836.2,838,1589.761381,1766563199999
1766563200000,837.9,839.4,835.3,837.9,822.458289,1766577599999
1766577600000,837.9,843.1,835.5,841.1,1076.300845,1766591999999
1766592000000,841.1,849,840,847.7,1131.915749,1766606399999
1766606400000,847.7,850,846.3,846.7,513.443493,1766620799999
1766620800000,846.6,847.9,843.8,844.9,558.651303,1766635199999
1766635200000,845,845.3,842.1,843.1,572.241506,1766649599999
1766649600000,843.1,844.5,835.1,837.5,1436.913674,1766663999999
1766664000000,837.4,844.7,835.1,842.2,1494.010844,1766678399999
1766678400000,842.4,842.9,839.5,841.1,1523.0053,1766692799999
1766692800000,841.1,843.4,826.5,829.3,2434.601739,1766707199999
1766707200000,829.3,844.5,827.7,840.6,3427.151797,1766721599999
1766721600000,840.7,847.1,837.3,840.7,1175.270254,1766735999999
1766736000000,840.9,843.1,838.9,839.2,794.429444,1766750399999
1766750400000,839.3,843.7,821.2,829.1,4357.954144,1766764799999
1766764800000,829.2,834.7,828,832.7,1920.605285,1766779199999
1766779200000,832.7,838,832.4,834.8,744.518382,1766793599999
1766793600000,834.8,836.5,834.1,836.2,565.269234,1766807999999
1766808000000,836.3,843.1,834.5,840.5,1067.999392,1766822399999
1766822400000,840.8,843.5,837.5,840.9,2156.037239,1766836799999
1766836800000,841,841.8,838.4,841.1,1010.513481,1766851199999
1766851200000,841.2,841.9,839.4,840.9,545.378482,1766865599999
1766865600000,841,846.8,839.9,845.3,1060.293242,1766879999999
1766880000000,845.2,845.9,839.2,841.7,1342.480121,1766894399999
1766894400000,841.7,844.2,841.5,844,1062.09832,1766908799999
1766908800000,844.1,857.3,844.1,854.8,1690.012445,1766923199999
1766923200000,854.9,863.5,854.9,860.5,2409.906768,1766937599999
1766937600000,860.5,867.4,859.1,860,2879.793967,1766951999999
1766952000000,859.9,862.5,857,859.7,933.291725,1766966399999
1766966400000,859.8,872.5,859,869.2,3104.250458,1766980799999
1766980800000,869.2,871.7,858.9,860.8,2246.095214,1766995199999
1766995200000,860.8,862,847.7,853.1,3282.231696,1767009599999
1767009600000,853.2,855.5,846.1,853.6,1997.186283,1767023999999
1767024000000,853.6,855.6,850.2,853,1321.654065,1767038399999
1767038400000,853.2,854.9,851.6,852.4,871.299019,1767052799999
1767052800000,852.5,853.6,848.8,852.7,1171.743196,1767067199999
1767067200000,852.7,855.2,850.5,854.2,1416.142627,1767081599999
1767081600000,854.2,860.1,854.1,855.2,1495.094868,1767095999999
1767096000000,855.2,864.2,854.9,863,1794.159215,1767110399999
1767110400000,863,863.3,857.5,860.1,2324.356199,1767124799999
1767124800000,860.1,863.1,858.5,861.7,718.898607,1767139199999
1767139200000,861.7,863.2,857.7,859.2,700.744504,1767153599999
1767153600000,859.4,868,859.1,868,1681.528117,1767167999999
1767168000000,868,869.2,864.8,869.2,2435.680355,1767182399999
1767182400000,869.1,877.4,860.7,863.2,2852.986763,1767196799999
1767196800000,863.4,864.7,857.7,864.3,1350.716484,1767211199999
1767211200000,864.3,866.4,860.9,864.2,416.566044,1767225599999
1767225600000,864.3,874.4,863.8,869,1482.496412,1767239999999
1767240000000,869.1,869.2,859.2,859.8,1325.161352,1767254399999
1767254400000,859.7,861.9,859,861.8,774.268619,1767268799999
1767268800000,861.8,861.8,856.1,859.3,1472.949291,1767283199999
1767283200000,859.3,861.3,856.9,861.2,2292.623207,1767297599999
1767297600000,861.3,864.3,859.9,863.9,645.619671,1767311999999
1767312000000,864,866.9,859.4,865.6,1790.213002,1767326399999
1767326400000,865.7,867.8,862.9,864.8,1084.878191,1767340799999
1767340800000,864.8,874.3,864.7,869.7,1882.15207,1767355199999
1767355200000,869.8,882.4,865.3,878,2292.403319,1767369599999
1767369600000,878.1,891.1,877.5,880.5,3354.783533,1767383999999
1767384000000,880.8,885.7,878.6,881.3,697.973026,1767398399999
1767398400000,881.3,884.1,875.2,879.4,1851.768235,1767412799999
1767412800000,879.4,880.2,868.7,873,1478.811312,1767427199999
1767427200000,873,875.7,871.7,874.5,790.740705,1767441599999
1767441600000,874.4,877.7,872,873.6,1212.975715,1767455999999
1767456000000,873.6,877.3,873.5,876.5,632.641453,1767470399999
1767470400000,876.6,880,875.6,878.8,452.488284,1767484799999
1767484800000,878.9,883.8,878.7,883.2,1934.85177,1767499199999
1767499200000,883.2,891,883,884.8,2057.130254,1767513599999
1767513600000,884.8,887.5,882.6,885,1080.93297,1767527999999
1767528000000,885,890,884,889.2,2371.396734,1767542399999
1767542400000,889.2,903.5,889.2,892.8,3993.831977,1767556799999
1767556800000,893,898.1,892.6,895.8,1397.750531,1767571199999
1767571200000,895.8,906.9,895,900,2817.447645,1767585599999
1767585600000,900,900.6,890.1,899.6,3837.398234,1767599999999
1767600000000,899.5,909.4,895.7,909.1,5078.639079,1767614399999
1767614400000,909.2,909.3,900.5,906.3,2947.169169,1767628799999
1767628800000,906.3,914,901.2,911.1,1882.252216,1767643199999
1767643200000,911.1,916.7,908.9,910.3,1369.206236,1767657599999
1767657600000,910.4,911.6,904.8,907.9,1507.239298,1767671999999
1767672000000,908,910.2,903.1,905,4580.450376,1767686399999
1767686400000,905.1,915.2,904.7,913.2,3494.765165,1767700799999
1767700800000,913.3,924.2,911.6,919.2,4689.533424,1767715199999
1767715200000,919.4,920.8,891.9,901.3,6142.762039,1767729599999
1767729600000,901.3,920,901.2,918.1,1631.901131,1767743999999
1767744000000,918,919.3,904.9,909.9,2628.170062,1767758399999
1767758400000,910,919,909.1,918.8,2110.584943,1767772799999
1767772800000,918.8,920.6,908.4,910.7,5683.315231,1767787199999
1767787200000,910.7,911.1,895,899.8,4608.806633,1767801599999
1767801600000,899.8,902.2,892.8,897.1,2556.489809,1767815999999
1767816000000,897,901.2,893.8,900.2,799.105909,1767830399999
1767830400000,900.3,904.8,892.7,893.8,1537.561046,1767844799999
1767844800000,893.8,898,875,885,5662.514939,1767859199999
1767859200000,884.9,887.7,878.9,886.3,2369.33265,1767873599999
1767873600000,886.4,888.9,877.6,888.8,3014.644515,1767887999999
1767888000000,888.7,891.2,885.5,888,1443.03527,1767902399999
1767902400000,888,894.4,885,892.1,1181.757041,1767916799999
1767916800000,892.1,896.3,887.8,895.5,1569.770284,1767931199999
1767931200000,895.5,898.8,893.5,893.5,1618.411199,1767945599999
1767945600000,893.5,894.3,886.1,889.3,1760.279237,1767959999999
1767960000000,889.4,900,885.2,894.4,3062.201229,1767974399999
1767974400000,894.5,900.9,891,893.4,1746.800959,1767988799999
1767988800000,893.3,898,891.9,896.7,991.035542,1768003199999
1768003200000,896.8,908.1,896.6,907.4,1633.300823,1768017599999
1768017600000,907.5,910.6,903.2,905.6,2755.001226,1768031999999
1768032000000,905.6,906.5,899.2,900.8,4269.524123,1768046399999
1768046400000,900.8,910.7,899.2,908.7,2997.48397,1768060799999
1768060800000,908.8,916,906.8,914.2,2428.934406,1768075199999
1768075200000,914.2,916,902.3,908,1626.483565,1768089599999
1768089600000,908.1,913.7,904.1,913.2,1750.719167,1768103999999
1768104000000,913.2,916.4,910.7,913.5,2612.613546,1768118399999
1768118400000,913.5,917.3,911.9,912.2,1943.278159,1768132799999
1768132800000,912.3,915.6,906.5,908.8,2122.073035,1768147199999
1768147200000,908.8,911.5,903.5,904.7,1873.384361,1768161599999
1768161600000,904.7,905.3,898.9,904.1,1244.634409,1768175999999
1768176000000,904.3,910.6,896.8,905.1,3587.867535,1768190399999
1768190400000,905.2,910.1,903.5,904.5,2268.402815,1768204799999
1768204800000,904.3,908,898.3,901.3,2000.174311,1768219199999
1768219200000,901.2,905,893.9,904,1963.676828,1768233599999
1768233600000,904,908.9,899.8,907.6,2142.330519,1768247999999
1768248000000,907.7,908.1,901,905.5,736.048969,1768262399999
1768262400000,905.6,907.8,902.3,906.5,1154.033009,1768276799999
1768276800000,906.6,915,906.6,910.2,3634.048276,1768291199999
1768291200000,910.2,912.4,907.7,907.8,5944.454409,1768305599999
1768305600000,907.9,916.8,906.2,916.6,4274.599373,1768319999999
1768320000000,916.5,945.9,916.5,941.5,6988.278059,1768334399999
1768334400000,941.6,954.5,940.2,943.7,4476.531996,1768348799999
1768348800000,943.8,954.9,943.6,950.4,2963.00962,1768363199999
1768363200000,950.3,952.4,935.5,937.7,4452.060626,1768377599999
1768377600000,937.6,939,928.5,928.9,1968.939083,1768391999999
1768392000000,928.9,946,928.5,942.1,4473.856017,1768406399999
1768406400000,942.1,947.7,938.2,943.7,3203.708277,1768420799999
1768420800000,943.8,949.9,943.2,948.4,2409.843544,1768435199999
1768435200000,948.4,948.6,929,932,3000.030606,1768449599999
1768449600000,932,940.2,931.4,939.2,1650.114082,1768463999999
1768464000000,939.2,943.2,938,938.3,1987.334998,1768478399999
1768478400000,938.3,945.7,930.4,937.7,2727.027927,1768492799999
1768492800000,937.6,942.7,925.3,928.4,2917.524826,1768507199999
1768507200000,928.3,933.8,924.2,931.5,883.832619,1768521599999
1768521600000,931.5,934.3,929.4,929.7,1846.471455,1768535999999
1768536000000,929.6,935.8,927.1,934,2208.980273,1768550399999
1768550400000,934.1,938.4,932.2,935.4,1176.217654,1768564799999
1768564800000,935.5,937.6,923.8,927,2014.640603,1768579199999
1768579200000,927,932.5,926.6,931.7,1357.874208,1768593599999
1768593600000,931.7,939.6,929.1,938.2,480.860082,1768607999999
1768608000000,938.3,939.4,935.6,937.7,1236.885984,1768622399999
1768622400000,937.8,939.3,935.7,936.2,1048.417186,1768636799999
1768636800000,936.2,944.7,935.9,943.1,4775.987482,1768651199999
1768651200000,943.2,959.5,941.5,955.5,2584.647103,1768665599999
1768665600000,955.5,956.2,949.2,952.6,1889.098828,1768679999999
1768680000000,952.6,953.9,945.7,947.4,2041.923471,1768694399999
1768694400000,947.4,951,943.4,950.5,2946.32513,1768708799999
1768708800000,950.4,950.4,944.8,944.8,925.389271,1768723199999
1768723200000,944.9,947.6,944,947.1,1055.976796,1768737599999
1768737600000,947.3,951,944.5,950.4,1620.444128,1768751999999
1768752000000,950.4,953.4,949.1,949.8,1337.104765,1768766399999
1768766400000,949.9,953.2,931.7,932.2,2330.952669,1768780799999
1768780800000,932.5,932.5,900.3,924.8,12959.058575,1768795199999
1768795200000,924.7,927.7,922.4,927.2,3295.499611,1768809599999
1768809600000,927,929.7,924.2,928,3886.043844,1768823999999
1768824000000,928.1,930,923.3,925.5,3174.688177,1768838399999
1768838400000,925.5,929.2,925,926.7,1841.684075,1768852799999
1768852800000,926.9,927.7,919.6,923.6,910.106153,1768867199999
1768867200000,923.7,933.1,923.5,927.7,2308.763079,1768881599999
1768881600000,927.7,928.6,914.5,917.8,2850.023262,1768895999999
1768896000000,917.8,918,909,912.6,2059.46181,1768910399999
1768910400000,912.7,915.9,896.9,905.4,3164.523337,1768924799999
1768924800000,905.5,908.7,887.3,895.7,1932.371842,1768939199999
1768939200000,895.8,898,884.2,884.3,1740.228619,1768953599999
1768953600000,884.2,884.3,867.1,881.6,4591.716806,1768967999999
1768968000000,881.6,886,874.5,875.4,2116.679688,1768982399999
1768982400000,875.3,876.1,870,870.7,3362.885788,1768996799999
1768996800000,870.7,893.5,864.4,892.2,3516.725682,1769011199999
1769011200000,892.3,892.8,865.7,889.7,4506.114246,1769025599999
1769025600000,889.7,892.3,882,883.1,1239.267001,1769039999999
1769040000000,883.2,894.5,883.2,891.4,1878.441454,1769054399999
1769054400000,891.4,893.3,887.6,888.8,1301.293608,1769068799999
1769068800000,888.9,897.5,888.7,893,1591.147026,1769083199999
1769083200000,893,894.9,878.2,882.9,1853.726367,1769097599999
1769097600000,882.9,888.8,881.9,888,1069.935973,1769111999999
1769112000000,888.3,891.6,885.6,888,886.735613,1769126399999
1769126400000,888,892.3,887.8,891.7,1123.771043,1769140799999
1769140800000,891.7,893.3,889.1,891.3,1259.429014,1769155199999
1769155200000,891.3,891.8,885.7,887.5,1493.597644,1769169599999
1769169600000,887.5,892.9,883.2,892.2,2013.896482,1769183999999
1769184000000,892.3,905.2,890.5,893.8,1967.311029,1769198399999
1769198400000,894,895,889,891.7,520.808381,1769212799999
1769212800000,891.7,894.2,889.4,892.9,870.591804,1769227199999
1769227200000,892.9,894.3,891.4,892.3,786.385834,1769241599999
1769241600000,892.1,894.2,891.4,892.7,700.759827,1769255999999
1769256000000,892.8,892.8,888.8,888.8,1037.983252,1769270399999
1769270400000,888.9,890.1,886.4,888.1,638.434987,1769284799999
1769284800000,888.1,889.7,887,887.1,290.708716,1769299199999
1769299200000,887.2,887.5,880,881.2,926.423481,1769313599999
1769313600000,881.3,883.6,879.5,879.6,968.713504,1769327999999
1769328000000,879.6,883.3,877.3,880.6,1466.137049,1769342399999
1769342400000,880.7,881.6,876.5,877.4,1392.223773,1769356799999
1769356800000,877.4,877.4,855.8,858.8,4056.018032,1769371199999
1769371200000,858.9,866.4,855.7,866,1561.307171,1769385599999
1769385600000,866.1,875.7,865,868.2,2284.632349,1769399999999
1769400000000,868.3,874.7,868.1,874.6,923.241164,1769414399999
1769414400000,874.8,877.7,869.4,872.9,1379.984581,1769428799999
1769428800000,872.9,878.2,869.5,871.9,2418.130269,1769443199999
1769443200000,871.9,879.4,868.6,874.3,1633.129086,1769457599999
1769457600000,874.4,881.5,871.7,879.4,1325.126645,1769471999999
1769472000000,879.5,885.9,876.2,884.7,981.708644,1769486399999
1769486400000,884.8,888.1,882.1,883.5,1335.377549,1769500799999
1769500800000,883.4,885.1,876.7,880.3,1281.614348,1769515199999
1769515200000,880.3,886,879,885.5,1607.633271,1769529599999
1769529600000,885.6,897.7,885.1,892,2348.174411,1769543999999
1769544000000,891.8,901.3,891.6,898.4,987.959442,1769558399999
1769558400000,898.4,901.2,894.2,897.3,1236.929385,1769572799999
1769572800000,897.1,904.8,895.6,903.3,1274.413468,1769587199999
1769587200000,903.2,909.9,902.4,907.7,2181.511059,1769601599999
1769601600000,907.8,908.2,897,902.7,2367.897487,1769615999999
1769616000000,902.8,907,897.7,904.1,1222.162447,1769630399999
1769630400000,903.9,907.4,900,902.9,605.541377,1769644799999
1769644800000,903,904.8,893.3,896.6,1894.376936,1769659199999
1769659200000,896.6,906.9,895.3,905,1877.550311,1769673599999
1769673600000,904.9,905.8,893.4,894.3,4865.499283,1769687999999
1769688000000,894.3,894.4,856.7,864,5478.200408,1769702399999
1769702400000,863.9,870.3,852.7,860.2,4210.092596,1769716799999
1769716800000,860.2,869.4,859.3,868.6,1309.075177,1769731199999
1769731200000,868.6,869.7,835.4,845.5,9239.472346,1769745599999
1769745600000,845.6,854.4,836.1,847.2,2097.146638,1769759999999
1769760000000,847.2,848,833,842.6,2312.706244,1769774399999
1769774400000,842.6,855.8,836.1,849.7,6538.979127,1769788799999
1769788800000,849.9,855.7,832.1,854.2,3911.51337,1769803199999
1769803200000,854.3,861.7,846.4,858.8,3705.683841,1769817599999
1769817600000,858.8,860.7,851.8,853,1293.927348,1769831999999
1769832000000,853.1,854.5,845.8,847.6,1649.702537,1769846399999
1769846400000,847.6,847.8,832.6,836.6,2494.25499,1769860799999
1769860800000,836.8,837.4,801.5,802.9,10103.061223,1769875199999
1769875200000,803.1,810,748.4,771.4,22814.918654,1769889599999
1769889600000,771.2,785.8,766,781.2,4546.732893,1769903999999
1769904000000,781.4,789.6,779.1,783.5,3529.406062,1769918399999
1769918400000,783.4,784.9,773.7,778,2335.512397,1769932799999
1769932800000,778,782.6,768.5,774.2,2628.970435,1769947199999
1769947200000,774.2,774.4,742.4,749.5,7409.048989,1769961599999
1769961600000,749.7,766.7,745.6,757.1,5835.693533,1769975999999
1769976000000,757,766.3,739.8,758.5,6365.049606,1769990399999
1769990400000,758.6,770.6,728.7,751.7,9042.63681,1770004799999
1770004800000,751.8,760.5,728.9,752.6,8832.649279,1770019199999
1770019200000,752.6,767.3,752.6,762.5,4615.01847,1770033599999
1770033600000,762.6,781.1,761.9,777.9,5689.199454,1770047999999
1770048000000,777.9,781.4,770,770.2,3630.892273,1770062399999
1770062400000,770.2,776.7,767.4,773.9,2375.565612,1770076799999
1770076800000,773.9,775.2,762.9,772.4,2080.067999,1770091199999
1770091200000,772.4,783.6,770.8,782.1,2139.409011,1770105599999
1770105600000,782.2,782.8,766.3,768.9,4808.529827,1770119999999
1770120000000,768.9,778.1,764.2,776.6,5218.80085,1770134399999
1770134400000,776.8,776.8,736.3,758.1,10128.784969,1770148799999
1770148800000,758,775.5,752.4,755,5811.706028,1770163199999
1770163200000,754.9,764.2,751.8,761.7,2713.491837,1770177599999
1770177600000,761.8,765.4,754.1,764.1,3452.324102,1770191999999
1770192000000,764.2,764.2,747.6,750.4,3823.593993,1770206399999
1770206400000,750.5,752.5,727.3,733.9,11385.447735,1770220799999
1770220800000,733.8,736.5,706.7,717.9,11459.880193,1770235199999
1770235200000,717.9,718.8,687.3,697.2,7837.57037,1770249599999
1770249600000,697.3,702.8,690.9,694.2,8092.630305,1770263999999
1770264000000,694.3,700.2,685.9,691.2,9257.527094,1770278399999
1770278400000,691.3,700.3,674.9,683.3,6001.809335,1770292799999
1770292800000,683.4,688.4,646.4,658.6,17818.431988,1770307199999
1770307200000,658.5,673.7,633.9,641.4,10772.727922,1770321599999
1770321600000,641.4,645.1,602,608.2,23801.675956,1770335999999
1770336000000,608.3,634,569.6,615.2,30483.862833,1770350399999
1770350400000,615.2,642.4,613.4,622.7,8773.25535,1770364799999
1770364800000,622.9,638.2,616.8,635.8,7115.230449,1770379199999
1770379200000,635.8,654.7,632.3,651.2,6417.587056,1770393599999
1770393600000,651.2,669.6,649.1,658.8,6949.058898,1770407999999
1770408000000,658.9,668.5,654.9,657.1,3805.31504,1770422399999
1770422400000,657.1,661.7,650.1,659.2,3912.055046,1770436799999
1770436800000,659.1,664,632.2,638.6,7607.285383,1770451199999
1770451200000,638.6,641.4,630.9,635.9,2695.423931,1770465599999
1770465600000,635.8,647.1,633.8,641.9,3843.379173,1770479999999
1770480000000,642.1,655.2,639.1,649.9,13955.051989,1770494399999
1770494400000,650.1,653.8,643.9,647,917.470958,1770508799999
1770508800000,646.9,651,642.6,642.7,1742.03075,1770523199999
1770523200000,642.8,644.9,639.2,643.2,1249.343627,1770537599999
1770537600000,643.3,650.8,637.7,645.6,3577.915667,1770551999999
1770552000000,645.6,648.3,641.3,643.6,2603.883642,1770566399999
1770566400000,643.8,649.7,632.3,648.6,1629.979227,1770580799999
1770580800000,648.6,652.9,636.4,639.9,1387.780892,1770595199999
1770595200000,640,646.2,633.9,645.1,2712.520906,1770609599999
1770609600000,645.1,645.2,631.2,631.9,2829.940742,1770623999999
1770624000000,632,633.4,616,621.6,5172.785454,1770638399999
1770638400000,621.9,632.5,621.7,631,3566.901898,1770652799999
1770652800000,631,643.4,627.1,642.4,3074.930806,1770667199999
1770667200000,642.4,644.3,633.6,636.3,1380.550608,1770681599999
