1766246400000,2977.23,2981.49,2973.21,2978.25,3001.507078,1766260799999
1766260800000,2978.26,2986.12,2973.01,2978.1,5580.948674,1766275199999
1766275200000,2978.15,2983.29,2961.69,2973.1,10616.199444,1766289599999
1766289600000,2973.09,2982.75,2972.05,2981.49,2671.503368,1766303999999
1766304000000,2981.49,3013.7,2977.7,2996.7,14411.443465,1766318399999
1766318400000,2996.69,3005.72,2944.03,2974.66,28003.93305,1766332799999
1766332800000,2974.67,2997.98,2967.59,2991.39,13014.859912,1766347199999
1766347200000,2991.39,3012.5,2971.04,3002.07,9145.487297,1766361599999
1766361600000,3002.07,3061.21,2973.06,3021.69,34869.945461,1766375999999
1766376000000,3021.82,3042.76,3020,3030.2,12441.384197,1766390399999
1766390400000,3030.2,3058.92,3025.38,3049.15,18283.850377,1766404799999
1766404800000,3049.15,3077.98,3021.73,3052.49,30613.275341,1766419199999
1766419200000,3052.81,3059.58,2974.62,2981.01,19297.114653,1766433599999
1766433600000,2981.01,3015.99,2963.2,3009.98,24116.967381,1766447999999
1766448000000,3009.97,3036.1,2972.34,2992.05,25999.040978,1766462399999
1766462400000,2992.01,3000.39,2946.85,2965.26,35297.027549,1766476799999
1766476800000,2965.25,2975.62,2952.9,2973.61,10557.635768,1766491199999
1766491200000,2973.65,2974.79,2897.6,2928.45,44747.730428,1766505599999
1766505600000,2928.46,2966.35,2908.81,2943.56,42391.688107,1766519999999
1766520000000,2943.94,2988.14,2940,2964.57,18028.837013,1766534399999
1766534400000,2964.9,2978,2921.21,2945.86,18564.657346,1766548799999
1766548800000,2945.87,2959.04,2918.21,2932.72,15102.227875,1766563199999
1766563200000,2932.71,2940.13,2914.77,2925.45,12260.275743,1766577599999
1766577600000,2925.46,2938.89,2888.88,2925.6,27014.890248,1766591999999
1766592000000,2925.56,2954.41,2921.38,2945.99,15212.722531,1766606399999
1766606400000,2945.99,2963.44,2941.77,2947.48,7567.685412,1766620799999
1766620800000,2947.48,2956.99,2936.8,2947.25,5648.00108,1766635199999
1766635200000,2947.26,2948.53,2938.3,2942.25,5637.848022,1766649599999
1766649600000,2942.25,2947.23,2912.12,2924.95,12455.937988,1766663999999
1766664000000,2924.95,2971.34,2920.11,2960.99,16563.471693,1766678399999
1766678400000,2960.99,2967.44,2943.52,2956.28,11152.628249,1766692799999
1766692800000,2956.28,2956.7,2891.2,2904.01,16207.04528,1766707199999
1766707200000,2904.01,2994.44,2894.75,2964.87,36193.015759,1766721599999
1766721600000,2964.87,2993.5,2952.24,2956.84,17460.496895,1766735999999
1766736000000,2956.85,2976.06,2954.7,2964.64,9988.130295,1766750399999
1766750400000,2964.74,2986.8,2895,2923.39,45673.350449,1766764799999
1766764800000,2923.4,2935.64,2907.21,2925.95,11598.943851,1766779199999
1766779200000,2925.95,2938.81,2922.01,2928.09,6154.534289,1766793599999
1766793600000,2928.1,2933.68,2921.54,2933.39,5311.424506,1766807999999
1766808000000,2933.39,2938,2927.77,2933.06,4998.239475,1766822399999
1766822400000,2933.05,2940.36,2918.02,2931.01,6761.073706,1766836799999
1766836800000,2931.01,2933.84,2925.34,2927.09,4703.531341,1766851199999
1766851200000,2927.1,2930.95,2917.6,2930.78,4222.455133,1766865599999
1766865600000,2930.79,2961.15,2928.49,2948.65,9263.836313,1766879999999
1766880000000,2948.79,2951.76,2941.19,2943.35,3868.160986,1766894399999
1766894400000,2943.36,2946.99,2929.69,2939.29,7700.199204,1766908799999
1766908800000,2939.29,2947.77,2931.62,2944.19,6729.928984,1766923199999
1766923200000,2944.19,2960.68,2937.55,2949.25,8427.909438,1766937599999
1766937600000,2949.25,2954.78,2925,2933.65,9172.315473,1766951999999
1766952000000,2933.56,2955.96,2928.92,2950.95,7963.3633,1766966399999
1766966400000,2951.05,3049,2944.38,3043.7,39145.61852,1766980799999
1766980800000,3043.7,3057.16,3009.16,3019.44,32048.554669,1766995199999
1766995200000,3019.44,3026.65,2957.02,2960.3,29672.15665,1767009599999
1767009600000,2960.28,2965.8,2910.74,2935.68,48487.392203,1767023999999
1767024000000,2935.68,2946.14,2913.59,2932.55,16761.429261,1767038399999
1767038400000,2932.55,2945,2926.05,2938.31,36368.055815,1767052799999
1767052800000,2938.31,2955.6,2919.39,2951.59,16436.224557,1767067199999
1767067200000,2951.59,2958.6,2937.24,2951.15,13651.91282,1767081599999
1767081600000,2951.15,3003.05,2950.14,2978.72,24545.673791,1767095999999
1767096000000,2978.72,3009.92,2958.75,2989.44,31076.898869,1767110399999
1767110400000,2989.35,2994.76,2944.44,2971,18118.640444,1767124799999
1767124800000,2971.16,2975.96,2954.07,2973.74,7171.016445,1767139199999
1767139200000,2973.74,2985.19,2962.3,2970.83,8633.097861,1767153599999
1767153600000,2970.84,2980.08,2968.62,2977,7230.662843,1767167999999
1767168000000,2977,3003.44,2963.86,3001.85,13184.13961,1767182399999
1767182400000,3001.85,3028.57,2966.93,2985.8,25457.646653,1767196799999
1767196800000,2985.79,2997.97,2957.91,2971.26,14782.000235,1767211199999
1767211200000,2971.31,2984.92,2963.61,2971.6,8931.576256,1767225599999
1767225600000,2971.63,2989.07,2971.36,2980.44,4986.007887,1767239999999
1767240000000,2980.54,2983.97,2973.55,2978.56,7672.910575,1767254399999
1767254400000,2978.56,2993.4,2978.2,2989.61,5259.811475,1767268799999
1767268800000,2989.61,2995.42,2977.85,2989.81,6356.138189,1767283199999
1767283200000,2989.82,3006,2980.46,2995.4,9896.385211,1767297599999
1767297600000,2995.4,3009.73,2987.5,3004.21,5741.175012,1767311999999
1767312000000,3004.22,3035.39,2992.4,3022.6,13890.66342,1767326399999
1767326400000,3022.59,3039.11,3009,3018.11,12522.860298,1767340799999
1767340800000,3018.11,3069,3016,3047.55,26159.165933,1767355199999
1767355200000,3047.54,3109.54,3020.35,3086.34,44475.482061,1767369599999
1767369600000,3086.29,3150,3078.84,3123.5,40958.277659,1767383999999
1767384000000,3123.88,3146.3,3111.26,3125.44,8006.096913,1767398399999
1767398400000,3125.44,3136.56,3119.08,3125.46,6897.591665,1767412799999
1767412800000,3125.5,3127.93,3075.82,3090.62,19772.582687,1767427199999
1767427200000,3090.62,3110.78,3084.23,3098.47,9547.583998,1767441599999
1767441600000,3098.55,3114.52,3093.6,3101.54,8193.181965,1767455999999
1767456000000,3101.22,3118.63,3098.36,3113.26,4308.03427,1767470399999
1767470400000,3113.26,3131,3107.42,3126.89,6102.984392,1767484799999
1767484800000,3126.9,3170.52,3125.93,3147.38,17503.224598,1767499199999
1767499200000,3147.38,3163.61,3134.29,3140.94,11276.157611,1767513599999
1767513600000,3140.95,3148.97,3125.27,3139.81,8913.822017,1767527999999
1767528000000,3139.81,3147.39,3118.2,3135.59,9294.755578,1767542399999
1767542400000,3135.59,3144.18,3119.04,3133,7767.061797,1767556799999
1767556800000,3133,3155.54,3131.02,3144.78,7210.883227,1767571199999
1767571200000,3144.71,3222,3143.7,3186.23,33809.858786,1767585599999
1767585600000,3186.23,3188.57,3135.77,3157.49,20883.134993,1767599999999
1767600000000,3157.48,3184.28,3153.56,3180.26,11169.182409,1767614399999
1767614400000,3180.26,3205.7,3135.23,3195.76,35086.416165,1767628799999
1767628800000,3195.71,3229.6,3159.33,3223.15,28183.568502,1767643199999
1767643200000,3223.1,3265.88,3220.08,3225,17948.203877,1767657599999
1767657600000,3225.01,3247.42,3203.41,3225.08,11532.388397,1767671999999
1767672000000,3225.14,3254.89,3211.49,3219.54,16613.08655,1767686399999
1767686400000,3219.54,3243.2,3214.34,3237.9,13587.531102,1767700799999
1767700800000,3237.91,3309.05,3229.61,3272.21,40982.685668,1767715199999
1767715200000,3272.2,3279.39,3181.96,3223.59,32295.775426,1767729599999
1767729600000,3223.59,3302.28,3223.51,3296.81,17620.62772,1767743999999
1767744000000,3296.85,3297.02,3239.24,3266.6,14294.963626,1767758399999
1767758400000,3266.6,3271.7,3246.7,3255.26,7812.696851,1767772799999
1767772800000,3255.27,3263.3,3196.21,3220.8,20449.248121,1767787199999
1767787200000,3220.63,3229.45,3144.78,3164.63,31786.02249,1767801599999
1767801600000,3164.77,3179.41,3125.27,3145.66,21508.31718,1767815999999
1767816000000,3145.66,3181.58,3128.32,3168.97,15450.243809,1767830399999
1767830400000,3168.97,3184.3,3133.44,3142.69,11649.628389,1767844799999
1767844800000,3142.7,3161.31,3090.23,3128,27089.763609,1767859199999
1767859200000,3128,3136.9,3096.14,3121.21,16202.914993,1767873599999
1767873600000,3121.21,3121.3,3055,3104.26,32968.992621,1767887999999
1767888000000,3104.14,3139,3090.4,3111.35,12855.606769,1767902399999
1767902400000,3111.34,3130.4,3089.23,3106.6,8007.52653,1767916799999
1767916800000,3106.7,3148.2,3081.23,3119.71,18766.969234,1767931199999
1767931200000,3119.7,3125.43,3110.42,3111.11,4882.99674,1767945599999
1767945600000,3111.11,3115.51,3066.8,3090.15,11564.45682,1767959999999
1767960000000,3090.34,3143.14,3058.8,3112.5,26680.119802,1767974399999
1767974400000,3112.57,3145.75,3069.23,3080.55,14930.233312,1767988799999
1767988800000,3080.43,3093.56,3065,3088.49,8250.951359,1768003199999
1768003200000,3088.49,3095.33,3080.42,3086.82,3810.721484,1768017599999
1768017600000,3086.82,3093.87,3078.88,3093.12,4466.757483,1768031999999
1768032000000,3093.11,3103.63,3087.22,3097,3268.688398,1768046399999
1768046400000,3096.99,3103.99,3089.06,3095.55,3590.046594,1768060799999
1768060800000,3095.55,3099.02,3090.25,3092.19,2115.933174,1768075199999
1768075200000,3092.2,3093.62,3078.79,3086.84,3845.368541,1768089599999
1768089600000,3086.85,3097.64,3084.7,3096.91,2158.134359,1768103999999
1768104000000,3096.9,3102.4,3090.01,3095.36,3191.647555,1768118399999
1768118400000,3095.35,3109.5,3093,3105.04,3483.577963,1768132799999
1768132800000,3105.07,3131.06,3104.9,3118.1,8179.032352,1768147199999
1768147200000,3118.14,3147.21,3116.02,3124.7,10505.789016,1768161599999
1768161600000,3124.65,3126.4,3093,3123.62,13461.142411,1768175999999
1768176000000,3123.51,3171.62,3097.51,3152.49,25718.256815,1768190399999
1768190400000,3152.49,3167,3133.78,3135.6,13597.320132,1768204799999
1768204800000,3135.6,3147.92,3101.63,3115.62,19770.593756,1768219199999
1768219200000,3115.6,3133.99,3066,3130.58,30993.123938,1768233599999
1768233600000,3130.42,3146.82,3084.21,3121.76,22753.315666,1768247999999
1768248000000,3121.76,3127.9,3084.77,3095.65,12084.486463,1768262399999
1768262400000,3095.66,3119,3092.02,3116.29,9146.799521,1768276799999
1768276800000,3116.29,3147.3,3112.37,3122.29,13913.882637,1768291199999
1768291200000,3122.29,3148.5,3121.75,3133.98,11561.536013,1768305599999
1768305600000,3134.04,3188.8,3129.49,3184.41,35451.352301,1768319999999
1768320000000,3184.42,3218.75,3171.81,3215.98,23176.803172,1768334399999
1768334400000,3216,3380,3190.66,3325.3,64436.303376,1768348799999
1768348800000,3325.29,3358.18,3315,3352.47,25851.584177,1768363199999
1768363200000,3352.46,3365,3320,3335.41,34235.763697,1768377599999
1768377600000,3335.41,3343.19,3282.84,3286.35,18667.766262,1768391999999
1768392000000,3286.34,3362.45,3280.27,3345.67,50329.000748,1768406399999
1768406400000,3345.67,3403.36,3315.39,3367.54,53705.763684,1768420799999
1768420800000,3367.53,3392.76,3347.33,3354.75,16860.731701,1768435199999
1768435200000,3354.75,3355.65,3276,3286.46,22580.055064,1768449599999
1768449600000,3286.46,3335.28,3284.8,3330.01,18540.532752,1768463999999
1768464000000,3330.01,3378.69,3320.12,3349.46,25511.573123,1768478399999
1768478400000,3349.45,3384.76,3286,3331.25,41534.585124,1768492799999
1768492800000,3331.25,3337.6,3274.21,3295.79,27119.127002,1768507199999
1768507200000,3295.68,3323.68,3277.11,3318.75,18844.565407,1768521599999
1768521600000,3318.75,3327.72,3292.03,3295.26,10027.792714,1768535999999
1768536000000,3295.26,3317.18,3277,3309.35,17471.348874,1768550399999
1768550400000,3309.35,3320.33,3293.5,3302.11,10228.840816,1768564799999
1768564800000,3302.11,3319.36,3253.44,3264.51,31000.915928,1768579199999
1768579200000,3264.5,3289.06,3260.08,3276.7,14312.973304,1768593599999
1768593600000,3276.8,3299.98,3264.46,3296.27,10171.6004,1768607999999
1768608000000,3296.26,3297.76,3284,3289.4,3714.496724,1768622399999
1768622400000,3289.41,3294.29,3286.02,3291.87,4695.128229,1768636799999
1768636800000,3291.87,3305.36,3289.29,3302.51,9421.019205,1768651199999
1768651200000,3302.5,3330,3299.69,3329.79,15083.528368,1768665599999
1768665600000,3329.79,3330,3312.35,3316.45,9549.993959,1768679999999
1768680000000,3316.46,3320.3,3297.14,3310.59,5098.21621,1768694399999
1768694400000,3310.59,3319.99,3296.31,3316.1,6798.727421,1768708799999
1768708800000,3316.09,3317.99,3306.4,3307.23,5359.531593,1768723199999
1768723200000,3307.23,3325.97,3303.3,3322.22,6660.973679,1768737599999
1768737600000,3322.22,3347.9,3314.64,3334.01,11272.53393,1768751999999
1768752000000,3334.01,3369,3330,3346.76,12849.676145,1768766399999
1768766400000,3346.75,3356.67,3279.18,3284.35,19366.875277,1768780799999
1768780800000,3284.16,3284.8,3176,3212.25,84947.704217,1768795199999
1768795200000,3212.26,3217.82,3187.77,3207.25,27466.607987,1768809599999
1768809600000,3207.25,3231.16,3196.78,3223.84,19553.333222,1768823999999
1768824000000,3223.83,3236,3202.1,3215.96,19236.427961,1768838399999
1768838400000,3215.96,3227,3208.03,3219.68,8238.439255,1768852799999
1768852800000,3219.68,3225.63,3166,3189.23,16085.686343,1768867199999
1768867200000,3189.2,3200.39,3176,3188.84,17057.855839,1768881599999
1768881600000,3188.84,3189.45,3110.11,3123.46,41396.199659,1768895999999
1768896000000,3123.46,3124.09,3086,3109.64,29430.494596,1768910399999
1768910400000,3109.65,3115,2995.27,3032.84,57768.5173,1768924799999
1768924800000,3032.85,3043,2980.21,2996.45,26721.785742,1768939199999
1768939200000,2996.46,3007.59,2907.4,2939.91,38366.184457,1768953599999
1768953600000,2939.91,2984.69,2921.98,2981.81,26217.158958,1768967999999
1768968000000,2981.81,3002.47,2966.04,2970.74,20499.938292,1768982399999
1768982400000,2970.5,2974.84,2938,2943.4,16085.425268,1768996799999
1768996800000,2943.4,3026.47,2902.64,3002.62,64440.019968,1769011199999
1769011200000,3002.62,3069.5,2866.36,3055.45,73907.752763,1769025599999
1769025600000,3055.46,3058,2970,2982.18,31804.155769,1769039999999
1769040000000,2982.18,3038.45,2980.64,3013.53,19950.202515,1769054399999
1769054400000,3013.52,3027.8,3000.57,3001.05,11128.618008,1769068799999
1769068800000,3001.05,3016.51,2978.16,2986.84,16751.021189,1769083199999
1769083200000,2986.84,3010.77,2905.4,2942.24,44192.228578,1769097599999
1769097600000,2942.07,2972.93,2924,2954.09,15428.84546,1769111999999
1769112000000,2954.08,2959.77,2930.83,2952.89,11163.79275,1769126399999
1769126400000,2952.89,2972.28,2946.4,2964.46,7342.300061,1769140799999
1769140800000,2964.5,2984.57,2935.4,2948.76,20959.715773,1769155199999
1769155200000,2948.85,2951.39,2915.06,2940.91,19680.330797,1769169599999
1769169600000,2940.92,2965.43,2892.12,2952.52,40840.233313,1769183999999
1769184000000,2952.64,3019.53,2938.42,2959.98,40600.999333,1769198399999
1769198400000,2960,2964.02,2930.66,2956.25,7727.607185,1769212799999
1769212800000,2956.26,2970.13,2949.31,2962.63,4642.767024,1769227199999
1769227200000,2962.63,2966.66,2954.11,2957.01,5650.756349,1769241599999
1769241600000,2957,2964.89,2954.82,2961.1,4049.631259,1769255999999
1769256000000,2961.1,2968.54,2943.64,2957.17,10946.718544,1769270399999
1769270400000,2957.18,2968.54,2952.11,2954,6718.727916,1769284799999
1769284800000,2954,2964.71,2949.41,2953.5,4617.124952,1769299199999
1769299200000,2953.5,2960.58,2936.8,2942.72,6976.487695,1769313599999
1769313600000,2942.73,2949.5,2933.7,2939.85,7243.268522,1769327999999
1769328000000,2939.86,2948.24,2920.7,2937.45,12643.877978,1769342399999
1769342400000,2937.31,2945.42,2922.08,2926.95,9097.465752,1769356799999
1769356800000,2926.95,2927.86,2797,2813,78319.49437,1769371199999
1769371200000,2813,2825.45,2786.34,2817.36,45474.344636,1769385599999
1769385600000,2817.37,2898.53,2812.58,2850.92,37148.082434,1769399999999
1769400000000,2850.93,2911,2850,2904.26,17516.870337,1769414399999
1769414400000,2904.26,2934.76,2881.28,2892.21,16965.874058,1769428799999
1769428800000,2892.2,2951.42,2875.78,2899.5,41825.070996,1769443199999
1769443200000,2899.5,2936.66,2886.15,2923.36,26104.428081,1769457599999
1769457600000,2923.36,2945.44,2893.71,2930,15896.640994,1769471999999
1769472000000,2930,2948.99,2912.5,2940.95,9066.434266,1769486399999
1769486400000,2940.96,2957,2924.5,2928.99,8470.161171,1769500799999
1769500800000,2928.99,2932.69,2900,2917.25,10829.60447,1769515199999
1769515200000,2917.25,2943.97,2906.01,2937.6,15430.962797,1769529599999
1769529600000,2937.6,2999,2918.31,2980.36,42083.844412,1769543999999
1769544000000,2980.37,3035,2979.01,3025.84,27407.470621,1769558399999
1769558400000,3025.84,3029.32,2996.98,3004.89,12195.02883,1769572799999
1769572800000,3004.9,3018.32,2992.91,3004.9,14654.533197,1769587199999
1769587200000,3004.9,3045.79,2986.4,3039.94,22207.671833,1769601599999
1769601600000,3039.81,3046,2983.06,3007.83,32370.571949,1769615999999
1769616000000,3007.89,3032,2989.31,3016.75,20904.708658,1769630399999
1769630400000,3016.74,3038.45,2996.74,3010.79,10362.687332,1769644799999
1769644800000,3010.69,3013.52,2944.62,2952.86,24741.269674,1769659199999
1769659200000,2952.86,2965.64,2937.86,2961.9,9909.652165,1769673599999
1769673600000,2961.94,2969.87,2923.81,2929.35,17990.502785,1769687999999
1769688000000,2929.36,2939.33,2796.55,2824.55,51894.993775,1769702399999
1769702400000,2824.54,2860.39,2754.32,2797.5,61183.381478,1769716799999
1769716800000,2797.65,2827.91,2789.41,2822.58,14845.29123,1769731199999
1769731200000,2822.58,2828.93,2682.32,2741.06,68417.647372,1769745599999
1769745600000,2741.06,2774.83,2696.29,2740.44,37139.440893,1769759999999
1769760000000,2740.44,2769.06,2710.04,2759.89,20940.624936,1769774399999
1769774400000,2759.89,2766.81,2693.66,2729.47,37075.995321,1769788799999
1769788800000,2729.37,2761.47,2636.8,2742.36,70191.383136,1769803199999
1769803200000,2742.35,2742.86,2665,2707.22,34758.398459,1769817599999
1769817600000,2707.25,2714.81,2684.21,2696.07,11477.211204,1769831999999
1769832000000,2696.06,2705.08,2668,2680.5,14097.044192,1769846399999
1769846400000,2680.49,2683.85,2609.64,2640.73,42741.169986,1769860799999
1769860800000,2640.71,2644.53,2508,2534.34,87015.182007,1769875199999
1769875200000,2534.31,2551.28,2240.2,2382.73,262676.916139,1769889599999
1769889600000,2382.81,2473.92,2354.1,2452.2,56851.276503,1769903999999
1769904000000,2451.95,2476.3,2429.03,2445.62,25257.193356,1769918399999
1769918400000,2445.56,2454.95,2393.62,2411.61,34140.052876,1769932799999
1769932800000,2411.6,2439.15,2376.48,2412.04,33536.662859,1769947199999
1769947200000,2412.05,2412.65,2286.58,2315.85,98005.205542,1769961599999
1769961600000,2315.89,2378.71,2284,2320.62,62857.634381,1769975999999
1769976000000,2320.62,2349.65,2220,2270.47,89349.618028,1769990399999
1769990400000,2270.48,2324.49,2165.79,2238.56,105023.204965,1770004799999
1770004800000,2238.91,2268.4,2156.97,2228.87,106514.041566,1770019199999
1770019200000,2228.68,2319.52,2227.42,2282.3,69132.677015,1770033599999
1770033600000,2282.35,2396.78,2282.2,2372.66,101748.059561,1770047999999
1770048000000,2372.71,2387.89,2327.65,2331.11,48883.914297,1770062399999
1770062400000,2331.1,2356.1,2312.24,2347,20178.575307,1770076799999
1770076800000,2346.99,2359.78,2284,2343.9,32985.493943,1770091199999
1770091200000,2343.81,2355.76,2297.9,2323.14,29937.569471,1770105599999
1770105600000,2323.15,2332.99,2261.78,2276.56,43193.249135,1770119999999
1770120000000,2276.65,2317.51,2252,2303.32,51534.791144,1770134399999
1770134400000,2303.36,2303.9,2108,2205.75,143627.735216,1770148799999
1770148800000,2205.71,2345,2188.12,2233.81,75094.766247,1770163199999
1770163200000,2233.81,2295.8,2223.83,2283.49,29441.871571,1770177599999
1770177600000,2283.49,2293.27,2256.03,2283.95,30111.269215,1770191999999
1770192000000,2283.94,2286.72,2226.36,2254.88,30082.970779,1770206399999
1770206400000,2254.94,2263.32,2136.7,2151.96,77293.387351,1770220799999
1770220800000,2152.01,2197.03,2076.88,2188.46,163756.009305,1770235199999
1770235200000,2188.51,2193.13,2087.69,2148.11,55063.154391,1770249599999
1770249600000,2148.1,2174.62,2098.55,2110.19,45148.092054,1770263999999
1770264000000,2110.15,2125.7,2068,2091.89,79506.364055,1770278399999
1770278400000,2091.9,2149.99,2062.01,2079.88,71325.858961,1770292799999
1770292800000,2079.91,2106.84,1926.97,1961,182049.112757,1770307199999
1770307200000,1961.01,2018.28,1913.47,1928.77,121926.779392,1770321599999
1770321600000,1928.92,1942.89,1816.15,1826.71,212439.397836,1770335999999
1770336000000,1826.7,1947.98,1744,1892.1,220336.987781,1770350399999
1770350400000,1892.1,1975.91,1886.19,1899.9,80525.170013,1770364799999
1770364800000,1899.71,1939.83,1866.73,1933.2,70506.185728,1770379199999
1770379200000,1932.8,2003.79,1915.05,1980.66,82732.901859,1770393599999
1770393600000,1980.66,2091,1971.52,2066.11,101650.470451,1770407999999
1770408000000,2066.11,2094.57,2041.98,2063.3,53879.002949,1770422399999
1770422400000,2063.41,2086.35,2033,2080.94,50667.66016,1770436799999
1770436800000,2080.93,2119.79,1993.61,2027.03,74516.286774,1770451199999
1770451200000,2027.19,2032.52,1999.91,2018.92,24577.546773,1770465599999
1770465600000,2018.93,2076.13,2009.41,2052.58,58921.256096,1770479999999
1770480000000,2052.58,2125,2006.88,2091.36,260345.851198,1770494399999
1770494400000,2091.21,2115,2071.53,2087.31,19430.314203,1770508799999
1770508800000,2087.34,2107.66,2076.83,2078.84,17347.992431,1770523199999
1770523200000,2078.85,2089.1,2066.23,2084.58,16660.352199,1770537599999
1770537600000,2084.58,2138,2078.16,2132.15,41578.517658,1770551999999
