1769558400000,12.044,12.063,11.984,12.053,12348.775017,1769561999999
1769562000000,12.051,12.062,11.979,11.996,3878.548323,1769565599999
1769565600000,11.992,12.024,11.962,12.022,4311.109925,1769569199999
1769569200000,12.022,12.026,11.968,11.982,7409.280035,1769572799999
1769572800000,11.982,11.985,11.912,11.929,6026.666545,1769576399999
1769576400000,11.931,11.954,11.893,11.917,5025.577647,1769579999999
1769580000000,11.918,11.997,11.918,11.983,8253.847271,1769583599999
1769583600000,11.985,11.985,11.932,11.943,2921.973885,1769587199999
1769587200000,11.944,11.955,11.901,11.905,3965.021521,1769590799999
1769590800000,11.904,11.98,11.864,11.971,27368.090734,1769594399999
1769594400000,11.973,12.017,11.951,11.968,10704.19225,1769597999999
1769598000000,11.969,12.052,11.933,12.038,14308.383211,1769601599999
1769601600000,12.038,12.038,11.921,11.945,13364.34329,1769605199999
1769605200000,11.946,11.996,11.932,11.944,30969.771598,1769608799999
1769608800000,11.944,11.944,11.765,11.831,220108.262276,1769612399999
1769612400000,11.83,11.865,11.713,11.766,47335.725825,1769615999999
1769616000000,11.764,11.799,11.693,11.735,20135.744666,1769619599999
1769619600000,11.735,11.901,11.709,11.848,11870.733982,1769623199999
1769623200000,11.846,11.848,11.767,11.816,14727.268498,1769626799999
1769626800000,11.816,11.876,11.768,11.845,13940.396232,1769630399999
1769630400000,11.845,11.942,11.813,11.826,14028.61985,1769633999999
1769634000000,11.83,11.881,11.755,11.864,8109.71988,1769637599999
1769637600000,11.869,11.908,11.814,11.902,11901.607911,1769641199999
1769641200000,11.903,11.924,11.838,11.843,5909.320062,1769644799999
1769644800000,11.844,11.87,11.758,11.808,14618.11403,1769648399999
1769648400000,11.807,11.823,11.734,11.759,5989.731765,1769651999999
1769652000000,11.757,11.804,11.611,11.659,38461.477024,1769655599999
1769655600000,11.66,11.733,11.632,11.647,11614.154716,1769659199999
1769659200000,11.645,11.646,11.547,11.632,7180.619698,1769662799999
1769662800000,11.626,11.661,11.6,11.607,11695.238377,1769666399999
1769666400000,11.609,11.644,11.595,11.64,5510.67555,1769669999999
1769670000000,11.637,11.655,11.624,11.631,5365.379282,1769673599999
1769673600000,11.631,11.66,11.571,11.584,13504.602213,1769677199999
1769677200000,11.585,11.616,11.573,11.573,14044.114748,1769680799999
1769680800000,11.573,11.58,11.551,11.566,17873.3113,1769684399999
1769684400000,11.566,11.578,11.51,11.547,41107.308285,1769687999999
1769688000000,11.547,11.576,11.51,11.562,14866.087777,1769691599999
1769691600000,11.562,11.608,11.559,11.58,23238.751747,1769695199999
1769695200000,11.585,11.607,11.209,11.225,107607.430634,1769698799999
1769698800000,11.227,11.228,10.868,11.032,226151.015776,1769702399999
1769702400000,11.033,11.077,10.931,11.075,82516.189698,1769705999999
1769706000000,11.077,11.204,11.024,11.045,54802.896093,1769709599999
1769709600000,11.044,11.086,10.829,10.843,103422.219934,1769713199999
1769713200000,10.844,11.003,10.835,10.948,53167.27628,1769716799999
1769716800000,10.949,11.068,10.926,11.061,27094.458691,1769720399999
1769720400000,11.062,11.133,11.058,11.101,13556.075818,1769723999999
1769724000000,11.104,11.141,11.087,11.111,15242.424162,1769727599999
1769727600000,11.11,11.126,11.054,11.123,20766.178349,1769731199999
1769731200000,11.124,11.164,11.083,11.127,31850.099079,1769734799999
1769734800000,11.128,11.142,10.613,10.901,314518.195885,1769738399999
1769738400000,10.904,10.907,10.708,10.835,62899.482654,1769741999999
1769742000000,10.841,10.911,10.819,10.867,19808.411381,1769745599999
1769745600000,10.867,10.996,10.866,10.91,20757.197805,1769749199999
1769749200000,10.912,10.95,10.893,10.905,14491.052654,1769752799999
1769752800000,10.902,10.908,10.662,10.72,131328.905851,1769756399999
1769756400000,10.72,10.892,10.719,10.84,39341.252128,1769759999999
1769760000000,10.841,10.854,10.732,10.792,26751.954388,1769763599999
1769763600000,10.797,10.834,10.732,10.783,16964.12149,1769767199999
1769767200000,10.782,10.803,10.739,10.788,22604.494203,1769770799999
1769770800000,10.786,10.903,10.746,10.865,23504.034326,1769774399999
1769774400000,10.866,10.874,10.703,10.733,38581.124155,1769777999999
1769778000000,10.734,10.747,10.587,10.664,76467.11521,1769781599999
1769781600000,10.664,10.822,10.664,10.76,45778.799207,1769785199999
1769785200000,10.763,10.846,10.653,10.773,39409.210817,1769788799999
1769788800000,10.772,10.876,10.704,10.78,30456.308163,1769792399999
1769792400000,10.786,10.873,10.725,10.77,27583.214476,1769795999999
1769796000000,10.771,10.955,10.503,10.912,78815.30604,1769799599999
1769799600000,10.915,10.992,10.876,10.906,36363.247782,1769803199999
1769803200000,10.905,10.905,10.7,10.752,65314.689407,1769806799999
1769806800000,10.752,10.852,10.736,10.795,34540.543664,1769810399999
1769810400000,10.794,10.813,10.731,10.794,12043.523315,1769813999999
1769814000000,10.798,10.803,10.74,10.792,10710.544849,1769817599999
1769817600000,10.792,10.797,10.76,10.771,16891.61544,1769821199999
1769821200000,10.772,10.816,10.764,10.802,6470.165534,1769824799999
1769824800000,10.805,10.835,10.741,10.794,13736.795292,1769828399999
1769828400000,10.796,10.814,10.729,10.745,9804.366859,1769831999999
1769832000000,10.745,10.786,10.725,10.736,16675.526563,1769835599999
1769835600000,10.737,10.764,10.702,10.753,11660.677365,1769839199999
1769839200000,10.756,10.759,10.635,10.676,16025.973124,1769842799999
1769842800000,10.677,10.679,10.561,10.616,23688.665369,1769846399999
1769846400000,10.621,10.637,10.366,10.465,129076.536633,1769849999999
1769850000000,10.467,10.574,10.463,10.518,16873.743744,1769853599999
1769853600000,10.52,10.541,10.472,10.527,8525.062755,1769857199999
1769857200000,10.528,10.53,10.471,10.498,16561.715273,1769860799999
1769860800000,10.497,10.508,10.425,10.435,23410.430912,1769864399999
1769864400000,10.437,10.448,10.32,10.364,36607.057621,1769867999999
1769868000000,10.365,10.393,9.922,10.089,412699.016618,1769871599999
1769871600000,10.089,10.176,10.032,10.047,62434.702298,1769875199999
1769875200000,10.047,10.177,9.901,9.952,157342.267139,1769878799999
1769878800000,9.952,9.978,9.354,9.606,888804.795656,1769882399999
1769882400000,9.605,9.676,8.958,9.568,573018.084876,1769885999999
1769886000000,9.57,9.763,9.548,9.669,102249.318406,1769889599999
1769889600000,9.671,9.738,9.562,9.692,34300.583555,1769893199999
1769893200000,9.681,9.844,9.633,9.82,53858.791198,1769896799999
1769896800000,9.825,9.851,9.756,9.819,33247.499753,1769900399999
1769900400000,9.817,10.035,9.794,9.991,91894.283472,1769903999999
1769904000000,9.989,10.052,9.972,10.019,85747.528683,1769907599999
1769907600000,10.021,10.025,9.917,10.018,34544.293668,1769911199999
1769911200000,10.02,10.075,10.001,10.058,29215.587493,1769914799999
1769914800000,10.057,10.075,10.012,10.045,17228.141342,1769918399999
1769918400000,10.046,10.078,10.022,10.022,16388.243384,1769921999999
1769922000000,10.024,10.05,9.969,9.984,35477.056724,1769925599999
1769925600000,9.985,10.023,9.923,9.94,27478.400164,1769929199999
1769929200000,9.94,10.016,9.866,9.943,45898.108041,1769932799999
1769932800000,9.943,10.019,9.897,9.965,43987.700517,1769936399999
1769936400000,9.963,9.974,9.891,9.961,33022.286312,1769939999999
1769940000000,9.964,9.982,9.772,9.78,30043.96352,1769943599999
1769943600000,9.781,9.911,9.781,9.876,24745.097779,1769947199999
1769947200000,9.877,9.878,9.783,9.831,45746.115339,1769950799999
1769950800000,9.831,9.914,9.76,9.79,21815.344728,1769954399999
1769954400000,9.789,9.817,9.588,9.728,62185.499681,1769957999999
1769958000000,9.723,9.727,9.415,9.537,89780.106733,1769961599999
1769961600000,9.537,9.634,9.442,9.495,167021.138929,1769965199999
1769965200000,9.496,9.519,9.405,9.506,43105.314306,1769968799999
1769968800000,9.505,9.72,9.505,9.622,54021.993644,1769972399999
1769972400000,9.624,9.647,9.483,9.531,33464.753698,1769975999999
1769976000000,9.53,9.66,9.439,9.536,38003.675799,1769979599999
1769979600000,9.537,9.541,9.423,9.466,33402.646687,1769983199999
1769983200000,9.472,9.649,9.468,9.554,31105.140976,1769986799999
1769986800000,9.551,9.563,9.216,9.407,189811.695126,1769990399999
1769990400000,9.408,9.626,9.313,9.535,88727.857576,1769993999999
1769994000000,9.536,9.641,9.372,9.554,60495.515035,1769997599999
1769997600000,9.554,9.595,9.43,9.436,39008.493597,1770001199999
1770001200000,9.437,9.454,9.025,9.377,212568.507681,1770004799999
1770004800000,9.378,9.492,9.197,9.337,71989.73028,1770008399999
1770008400000,9.337,9.348,9.095,9.196,55393.082823,1770011999999
1770012000000,9.195,9.479,9.072,9.344,216106.952029,1770015599999
1770015600000,9.347,9.483,9.313,9.393,99987.092272,1770019199999
1770019200000,9.394,9.5,9.383,9.453,48847.401777,1770022799999
1770022800000,9.45,9.647,9.403,9.572,93520.464263,1770026399999
1770026400000,9.576,9.602,9.528,9.547,42737.908552,1770029999999
1770030000000,9.547,9.589,9.522,9.531,37561.431265,1770033599999
1770033600000,9.538,9.663,9.538,9.642,82166.021661,1770037199999
1770037200000,9.642,9.715,9.61,9.694,65620.021901,1770040799999
1770040800000,9.691,9.884,9.61,9.777,194507.613327,1770044399999
1770044400000,9.777,10.027,9.738,9.93,165228.069869,1770047999999
1770048000000,9.932,10.002,9.886,9.924,63992.219919,1770051599999
1770051600000,9.925,9.978,9.855,9.904,86796.686765,1770055199999
1770055200000,9.903,9.913,9.8,9.869,41411.397888,1770058799999
1770058800000,9.869,9.874,9.774,9.788,22052.814167,1770062399999
1770062400000,9.788,9.823,9.709,9.742,31049.237526,1770065999999
1770066000000,9.74,9.838,9.735,9.806,24190.890488,1770069599999
1770069600000,9.809,9.865,9.798,9.843,30067.370339,1770073199999
1770073200000,9.848,9.848,9.799,9.808,23061.232721,1770076799999
1770076800000,9.809,9.848,9.746,9.84,54482.861059,1770080399999
1770080400000,9.839,9.848,9.777,9.817,20189.095405,1770083999999
1770084000000,9.82,9.82,9.609,9.623,34959.440932,1770087599999
1770087600000,9.621,9.783,9.586,9.777,46035.118994,1770091199999
1770091200000,9.779,9.856,9.756,9.818,14390.6779,1770094799999
1770094800000,9.819,9.822,9.699,9.704,86941.206705,1770098399999
1770098400000,9.705,9.74,9.651,9.72,42484.38177,1770101999999
1770102000000,9.719,9.785,9.694,9.735,87326.051398,1770105599999
1770105600000,9.734,9.746,9.66,9.666,140233.193358,1770109199999
1770109200000,9.666,9.688,9.525,9.6,94756.889866,1770112799999
1770112800000,9.601,9.636,9.568,9.595,18049.021538,1770116399999
1770116400000,9.597,9.615,9.569,9.585,37973.374231,1770119999999
1770120000000,9.585,9.687,9.562,9.673,34359.149699,1770123599999
1770123600000,9.669,9.715,9.647,9.7,23432.990551,1770127199999
1770127200000,9.698,9.724,9.515,9.52,61093.416342,1770130799999
1770130800000,9.52,9.767,9.496,9.747,134229.327145,1770134399999
1770134400000,9.749,9.749,9.5,9.508,114044.01053,1770137999999
1770138000000,9.509,9.527,9.302,9.307,112277.644169,1770141599999
1770141600000,9.312,9.353,9.083,9.113,171337.637066,1770145199999
1770145200000,9.11,9.547,9.095,9.477,172980.759179,1770148799999
1770148800000,9.473,9.879,9.395,9.786,232477.651276,1770152399999
1770152400000,9.785,9.893,9.67,9.679,75076.390905,1770155999999
1770156000000,9.679,9.685,9.496,9.518,28335.633004,1770159599999
1770159600000,9.515,9.522,9.413,9.49,27400.889006,1770163199999
1770163200000,9.489,9.607,9.452,9.541,19501.551144,1770166799999
1770166800000,9.552,9.685,9.552,9.64,14095.653927,1770170399999
1770170400000,9.639,9.67,9.564,9.598,41116.467009,1770173999999
1770174000000,9.596,9.772,9.588,9.73,41032.468366,1770177599999
1770177600000,9.73,9.752,9.671,9.675,24413.10332,1770181199999
1770181200000,9.676,9.692,9.585,9.612,21873.827572,1770184799999
1770184800000,9.612,9.697,9.599,9.661,37847.035084,1770188399999
1770188400000,9.66,9.712,9.604,9.677,28227.049735,1770191999999
1770192000000,9.681,9.737,9.644,9.714,66859.509221,1770195599999
1770195600000,9.713,9.72,9.602,9.628,25010.974362,1770199199999
1770199200000,9.629,9.638,9.59,9.606,27301.310614,1770202799999
1770202800000,9.603,9.634,9.484,9.582,52874.760622,1770206399999
1770206400000,9.584,9.611,9.529,9.56,10740.264156,1770209999999
1770210000000,9.556,9.586,9.408,9.414,37625.944245,1770213599999
1770213600000,9.415,9.474,9.238,9.245,127442.14063,1770217199999
1770217200000,9.244,9.374,9.135,9.22,112751.459667,1770220799999
1770220800000,9.22,9.285,9.077,9.165,136057.144274,1770224399999
1770224400000,9.165,9.254,9.076,9.193,110338.828267,1770227999999
1770228000000,9.192,9.416,9.025,9.29,184934.525846,1770231599999
1770231600000,9.296,9.462,9.259,9.441,69432.775843,1770235199999
1770235200000,9.442,9.466,9.345,9.371,28260.215696,1770238799999
1770238800000,9.373,9.401,9.145,9.218,44815.125635,1770242399999
1770242400000,9.217,9.371,9.05,9.182,62937.256798,1770245999999
1770246000000,9.18,9.326,9.157,9.257,74465.536202,1770249599999
1770249600000,9.255,9.31,9.213,9.242,24363.880727,1770253199999
1770253200000,9.242,9.35,9.155,9.233,82493.479649,1770256799999
1770256800000,9.235,9.301,9.126,9.143,60009.462305,1770260399999
1770260400000,9.146,9.221,9.078,9.096,47777.520943,1770263999999
1770264000000,9.094,9.167,9.032,9.09,66972.442114,1770267599999
1770267600000,9.09,9.22,9.017,9.108,66628.283051,1770271199999
1770271200000,9.109,9.118,8.972,9.016,80689.400798,1770274799999
1770274800000,9.016,9.151,9.013,9.055,64894.0995,1770278399999
1770278400000,9.056,9.193,9.056,9.128,25298.556037,1770281999999
1770282000000,9.127,9.261,9.127,9.184,39246.151545,1770285599999
1770285600000,9.188,9.213,8.929,8.966,59140.283226,1770289199999
1770289200000,8.967,9.014,8.803,8.941,86281.121545,1770292799999
1770292800000,8.941,8.998,8.833,8.92,111594.033937,1770296399999
1770296400000,8.921,8.976,8.832,8.853,67615.729191,1770299999999
1770300000000,8.854,9.066,8.834,8.852,98484.697231,1770303599999
1770303600000,8.851,8.882,8.306,8.467,410983.392516,1770307199999
1770307200000,8.467,8.67,8.4,8.57,257098.957675,1770310799999
1770310800000,8.574,8.616,8.266,8.347,227591.95034,1770314399999
1770314400000,8.349,8.413,8.221,8.382,133671.718418,1770317999999
1770318000000,8.383,8.394,8.225,8.257,53670.334974,1770321599999
1770321600000,8.258,8.323,7.854,7.987,303196.434074,1770325199999
1770325200000,7.984,8.19,7.918,7.974,155140.331533,1770328799999
1770328800000,7.976,8.133,7.857,8.031,90398.233301,1770332399999
1770332400000,8.032,8.208,7.895,7.916,107140.870991,1770335999999
1770336000000,7.918,8.026,7.159,7.917,1114683.976536,1770339599999
1770339600000,7.914,8.198,7.884,8.172,165857.613792,1770343199999
1770343200000,8.173,8.24,7.976,8.041,98744.699087,1770346799999
1770346800000,8.047,8.106,7.977,8.034,54155.865227,1770350399999
1770350400000,8.033,8.153,8,8.118,70997.980217,1770353999999
1770354000000,8.117,8.37,8.11,8.323,46202.957693,1770357599999
1770357600000,8.323,8.35,8.14,8.15,72965.649115,1770361199999
1770361200000,8.151,8.177,8.06,8.076,51885.797329,1770364799999
1770364800000,8.082,8.133,7.99,8.033,96743.301865,1770368399999
1770368400000,8.031,8.247,8.013,8.226,98102.864082,1770371999999
1770372000000,8.226,8.309,8.192,8.277,53831.752812,1770375599999
1770375600000,8.284,8.353,8.266,8.328,44452.837794,1770379199999
1770379200000,8.325,8.326,8.27,8.32,34232.894265,1770382799999
1770382800000,8.32,8.453,8.307,8.4,47674.258893,1770386399999
1770386400000,8.393,8.606,8.325,8.548,115724.776108,1770389999999
1770390000000,8.55,8.632,8.481,8.583,106593.347473,1770393599999
1770393600000,8.584,8.846,8.554,8.807,110214.691359,1770397199999
1770397200000,8.81,9.002,8.777,8.885,107619.180518,1770400799999
1770400800000,8.883,8.897,8.702,8.803,75074.975289,1770404399999
1770404400000,8.805,8.868,8.763,8.847,43409.239197,1770407999999
1770408000000,8.845,8.926,8.764,8.867,97183.624314,1770411599999
1770411600000,8.867,8.896,8.785,8.863,39656.620292,1770415199999
1770415200000,8.865,9,8.843,8.967,57665.856686,1770418799999
1770418800000,8.97,9.007,8.85,8.884,29951.694144,1770422399999
1770422400000,8.885,8.886,8.795,8.839,42352.777364,1770425999999
1770426000000,8.838,8.915,8.787,8.893,34132.612287,1770429599999
1770429600000,8.892,8.905,8.833,8.88,19438.199623,1770433199999
1770433200000,8.881,8.953,8.874,8.934,27517.572118,1770436799999
1770436800000,8.933,9.044,8.869,8.906,61302.092239,1770440399999
1770440400000,8.905,8.976,8.893,8.948,44076.344446,1770443999999
1770444000000,8.949,8.978,8.788,8.789,78757.568085,1770447599999
1770447600000,8.792,8.835,8.596,8.689,167496.633355,1770451199999
1770451200000,8.689,8.737,8.654,8.702,66102.559696,1770454799999
1770454800000,8.703,8.744,8.61,8.627,30465.137247,1770458399999
1770458400000,8.627,8.657,8.584,8.625,37378.757729,1770461999999
1770462000000,8.62,8.672,8.616,8.655,23539.092941,1770465599999
1770465600000,8.655,8.945,8.649,8.83,121274.763204,1770469199999
1770469200000,8.836,8.867,8.732,8.778,28069.165893,1770472799999
1770472800000,8.78,8.808,8.674,8.691,53138.058499,1770476399999
1770476400000,8.691,8.845,8.673,8.822,51021.623692,1770479999999
1770480000000,8.824,9.029,8.785,8.851,775988.61036,1770483599999
1770483600000,8.856,8.89,8.786,8.866,32224.167113,1770487199999
1770487200000,8.866,9.034,8.864,8.98,26478.000894,1770490799999
1770490800000,8.982,8.983,8.918,8.938,17292.936219,1770494399999
1770494400000,8.946,9.019,8.944,9,26775.183989,1770497999999
1770498000000,9.001,9.025,8.954,8.96,14845.53236,1770501599999
1770501600000,8.962,8.998,8.928,8.938,9916.973777,1770505199999
1770505200000,8.936,8.938,8.852,8.91,27807.353274,1770508799999
1770508800000,8.909,8.923,8.844,8.887,22236.510969,1770512399999
1770512400000,8.888,8.94,8.883,8.926,36741.260879,1770515999999
1770516000000,8.93,8.965,8.857,8.882,14996.200689,1770519599999
1770519600000,8.883,8.892,8.823,8.828,29154.336306,1770523199999
1770523200000,8.828,8.851,8.785,8.851,18917.619642,1770526799999
1770526800000,8.851,8.861,8.818,8.841,15156.409459,1770530399999
1770530400000,8.843,8.875,8.827,8.843,19330.228195,1770533999999
1770534000000,8.844,8.854,8.795,8.833,13522.390391,1770537599999
1770537600000,8.833,8.981,8.8,8.961,39358.288551,1770541199999
1770541200000,8.966,8.979,8.867,8.888,22300.552022,1770544799999
1770544800000,8.889,8.952,8.812,8.855,26615.668711,1770548399999
1770548400000,8.853,9.015,8.85,9.001,36038.266154,1770551999999
1770552000000,9.006,9.05,8.981,9.021,25449.049679,1770555599999
1770555600000,9.019,9.033,8.943,8.969,38824.83482,1770559199999
1770559200000,8.976,8.984,8.915,8.968,9688.736541,1770562799999
1770562800000,8.967,8.986,8.852,8.888,28511.862014,1770566399999
1770566400000,8.888,8.906,8.722,8.754,31313.779222,1770569999999
1770570000000,8.756,8.844,8.753,8.804,15525.861442,1770573599999
1770573600000,8.804,8.935,8.804,8.894,15709.679,1770577199999
1770577200000,8.894,8.97,8.884,8.957,14326.514618,1770580799999
1770580800000,8.959,8.96,8.829,8.839,16581.580581,1770584399999
1770584400000,8.84,8.866,8.774,8.809,16528.374332,1770587999999
1770588000000,8.805,8.863,8.801,8.851,11526.868306,1770591599999
1770591600000,8.851,9.023,8.754,8.824,50202.61297,1770595199999
1770595200000,8.823,8.862,8.776,8.816,21129.136629,1770598799999
1770598800000,8.816,8.888,8.731,8.778,63706.73037,1770602399999
1770602400000,8.778,8.864,8.746,8.806,45516.935329,1770605999999
1770606000000,8.806,8.897,8.799,8.888,33812.73676,1770609599999
1770609600000,8.884,8.884,8.813,8.83,20564.311386,1770613199999
1770613200000,8.827,8.861,8.805,8.859,12244.050697,1770616799999
1770616800000,8.858,8.858,8.745,8.787,18360.273027,1770620399999
1770620400000,8.786,8.808,8.722,8.734,27961.964007,1770623999999
1770624000000,8.734,8.758,8.61,8.662,49217.578729,1770627599999
1770627600000,8.661,8.682,8.582,8.602,33553.137672,1770631199999
1770631200000,8.602,8.632,8.454,8.503,73009.864713,1770634799999
