1612713600000,23.871,35.66,22.824,32.75,26786102.778,1613318399999
1613318400000,32.761,36.916,27.309,34.451,25293524.069,1613923199999
1613923200000,34.454,35.29,20.9,23.31,40354987.649,1614527999999
1614528000000,23.29,31.431,22.864,27.975,24198008.555,1615132799999
1615132800000,27.972,31.986,26.918,28.862,18216102.79,1615737599999
1615737600000,28.859,31.43,26.394,29.257,16470320.779,1616342399999
1616342400000,29.254,29.875,23.599,27.21,15564402.468,1616947199999
1616947200000,27.203,33.166,26.089,31.119,16404124.063,1617551999999
1617552000000,31.123,35.12,29.625,33.716,19401703.442,1618156799999
1618156800000,33.701,44.371,29.521,37.567,28912405.521,1618761599999
1618761600000,37.562,42.008,30,33.174,34958054.340303,1619366399999
1619366400000,33.139,41.449,29.834,39.316,20387096.083279,1619971199999
1619971200000,39.319,51.948,38.713,51.809,26810068.311374,1620575999999
1620576000000,51.815,52.992,39.301,41.437,26977737.648803,1621180799999
1621180800000,41.437,44.673,16.363,17.518,51129622.370592,1621785599999
1621785600000,17.504,35.343,14.977,27.432,50067615.911984,1622390399999
1622390400000,27.426,32.849,25.571,27.59,28172184.42108,1622995199999
1622995200000,27.581,28.691,20.004,20.698,28873180.794929,1623599999999
1623600000000,20.712,26.45,19.08,20.113,23082544.158615,1624204799999
1624204800000,20.104,22.075,15,17.087,36577780.273493,1624809599999
1624809600000,17.081,20.542,16.597,19.152,20122348.35856,1625414399999
1625414400000,19.158,21.268,17.63,18.444,18681568.149789,1626019199999
1626019200000,18.449,18.607,15.024,15.23,15733341.339579,1626623999999
1626624000000,15.218,17.127,13.39,16.425,18679947.476877,1627228799999
1627228800000,16.423,23.7,16.16,22.867,22909755.017396,1627833599999
1627833600000,22.868,25.155,21.406,23.791,21584634.554863,1628438399999
1628438400000,23.797,27.952,22.08,26.265,19968721.25609,1629043199999
1629043200000,26.266,30.5,24.5,27.368,23836349.655677,1629647999999
1629648000000,27.385,29.299,23.888,25.383,17445999.476034,1630252799999
1630252800000,25.38,31.739,24.309,31.455,18132304.6718,1630857599999
1630857600000,31.459,36.322,23.806,29.38,32514182.463368,1631462399999
1631462400000,29.37,32.121,25.199,28.026,22210633.811548,1632067199999
1632067200000,28.02,28.253,20.817,25.121,29525747.217488,1632671999999
1632672000000,25.127,27.809,21.997,26.974,17963709.651226,1633276799999
1633276800000,26.974,28.187,25.203,26.82,17321953.797854,1633881599999
1633881600000,26.819,28.696,23.53,26.589,15845647.579355,1634486399999
1634486400000,26.59,31.522,25.268,29.365,13450614.786073,1635091199999
1635091200000,29.356,33.905,27.727,29.265,16872843.659897,1635695999999
1635696000000,29.265,33.7,29.038,32.151,15810866.37963,1636300799999
1636300800000,32.15,38.347,31.802,33.197,19858256.220724,1636905599999
1636905600000,33.189,34.505,25.83,28.013,18920006.040715,1637510399999
1637510400000,28.013,29.247,22.861,23.589,18885984.644633,1638115199999
1638115200000,23.586,26.893,15.063,18.831,23423585.596001,1638719999999
1638720000000,18.814,23.2,17.216,19.558,26414499.060768,1639324799999
1639324800000,19.556,20.794,17.264,19.636,22308295.080442,1639929599999
1639929600000,19.627,22.659,18.04,22.384,18414359.280024,1640534399999
1640534400000,22.389,24.487,19.04,21.412,20328129.813767,1641139199999
1641139200000,21.414,27.667,21.254,27.159,44684722.70415,1641743999999
1641744000000,27.148,28.704,23.916,25.922,29665589.442863,1642348799999
1642348800000,25.937,26.34,14.26,15.71,29187804.63629,1642953599999
1642953600000,15.724,17.82,13.487,17.267,30004738.263271,1643558399999
1643558400000,17.269,18.32,15.25,17.461,20253500.715444,1644163199999
1644163200000,17.464,19.527,15.571,16.063,16481299.010791,1644767999999
1644768000000,16.069,17.46,14.404,14.683,13643074.956581,1645372799999
1645372800000,14.671,15.322,11.405,14.572,25979071.802816,1645977599999
1645977600000,14.57,15.865,13.318,13.668,19958363.105961,1646582399999
1646582400000,13.67,14.466,12.423,13.177,19102871.126754,1647187199999
1647187200000,13.176,15.418,12.589,14.669,16133423.963431,1647791999999
1647792000000,14.665,16.453,14.282,16.053,14341669.884619,1648396799999
1648396800000,16.06,18.046,16.035,17.897,16013578.886875,1649001599999
1649001600000,17.892,18.314,15.02,15.475,10412911.782535,1649606399999
1649606400000,15.479,15.929,13.328,14.473,9431767.36439,1650211199999
1650211200000,14.474,14.531,13.145,13.458,8257814.878653,1650815999999
1650816000000,13.457,13.514,10.65,11.317,11779295.494863,1651420799999
1651420800000,11.32,12.29,9.885,10.089,13538986.575873,1652025599999
1652025600000,10.089,10.266,5.542,7.529,24745892.273323,1652630399999
1652630400000,7.529,7.986,6.648,7.242,7285294.800057,1653235199999
1653235200000,7.246,7.677,6.208,6.654,5432074.704784,1653839999999
1653840000000,6.655,7.771,6.624,7.565,5094645.763069,1654444799999
1654444800000,7.568,9.655,6.44,7.014,8485234.229587,1655049599999
1655049600000,7.011,7.509,5.297,6.428,12937429.05072,1655654399999
1655654400000,6.426,7.562,6.309,7.07,5994534.079449,1656259199999
1656259200000,7.064,7.255,5.884,6.072,6086897.523611,1656863999999
1656864000000,6.074,6.83,6.019,6.159,6504314.609471,1657468799999
1657468800000,6.158,6.714,5.695,6.448,8463013.163748,1658073599999
1658073600000,6.449,7.585,6.32,7.105,11247759.933311,1658678399999
1658678400000,7.106,8.211,6.08,7.839,10780127.550716,1659283199999
1659283200000,7.838,8.111,7.018,7.842,7071498.912109,1659887999999
1659888000000,7.842,9.505,7.832,8.99,10461225.889776,1660492799999
1660492800000,8.992,9.055,6.668,7.045,6622639.254561,1661097599999
1661097600000,7.045,7.376,6.401,6.581,5551463.794558,1661702399999
1661702400000,6.579,7.239,6.196,7.195,5106032.56312,1662307199999
1662307200000,7.194,8.178,6.574,7.859,9644102.635955,1662911999999
1662912000000,7.859,8.303,6.977,7.875,11831123.280193,1663516799999
1663516800000,7.874,8.077,6.522,7.906,8902868.436909,1664121599999
1664121600000,7.906,8.545,7.206,7.296,10575077.944115,1664726399999
1664726400000,7.295,7.942,7.015,7.532,6553450.565108,1665331199999
1665331200000,7.532,7.731,6.294,7.091,5960750.942743,1665935999999
1665936000000,7.092,7.374,6.441,6.825,4279344.492062,1666540799999
1666540800000,6.824,7.855,6.791,7.539,6822005.508176,1667145599999
1667145600000,7.539,9.2,7.342,8.544,10942689.645519,1667750399999
1667750400000,8.543,9.48,5.775,6.195,16455221.513027,1668355199999
1668355200000,6.196,6.668,5.687,6.015,6668213.16493,1668959999999
1668960000000,6.017,7.291,5.532,7.1,8337301.098419,1669564799999
1669564800000,7.103,7.814,6.534,7.351,8515409.002472,1670169599999
1670169600000,7.353,7.595,6.697,6.873,5061206.794356,1670774399999
1671379200000,6.001,6.121,5.667,5.935,3230770.621191,1671983999999
1671984000000,5.935,6.067,5.387,5.596,3544955.159837,1672588799999
1672588800000,5.596,5.882,5.52,5.851,3921215.087708,1673193599999
1673193600000,5.852,7.112,5.787,6.886,8922134.631652,1673798399999
1673798400000,6.887,7.237,6.239,7.036,10252495.455254,1674403199999
1674403200000,7.037,7.51,6.51,7.351,9832142.991135,1675007999999
1675008000000,7.353,7.519,6.67,7,8015897.034232,1675612799999
1675612800000,6.999,7.816,6.766,6.981,9116978.305846,1676217599999
1676217600000,6.981,8.289,6.422,8.142,14478943.125414,1676822399999
1676822400000,8.144,8.408,7.172,7.381,10383375.277702,1677427199999
1677427200000,7.384,7.583,6.626,6.953,6106633.793634,1678031999999
1678032000000,6.95,7.019,5.888,6.097,8442606.58154,1678636799999
1678636800000,6.098,7.302,6.089,7.148,11432835.047085,1679241599999
1679241600000,7.146,7.721,6.838,7.189,9567192.544002,1679846399999
1679846400000,7.188,7.674,6.742,7.321,5712702.383522,1680451199999
1680451200000,7.319,7.604,7.021,7.107,4334584.447732,1681055999999
1681056000000,7.106,8.169,7.093,7.955,4396513.842037,1681660799999
1681660800000,7.955,8.795,6.928,6.991,8938775.768992,1682265599999
1682265600000,6.99,7.503,6.703,7.246,5445858.617751,1682870399999
1682870400000,7.244,7.291,6.794,6.94,3104593.552099,1683475199999
1683475200000,6.942,6.974,6.21,6.59,3965154.61642,1684079999999
1684080000000,6.592,6.806,6.355,6.422,2017519.576667,1684684799999
1684684800000,6.418,6.634,6.162,6.508,1801331.287815,1685289599999
1685289600000,6.508,6.675,6.306,6.506,1981842.950611,1685894399999
1685894400000,6.501,6.533,4.674,5.101,6116554.931056,1686499199999
1686499200000,5.099,5.506,4.998,5.262,3504357.851799,1687103999999
1687104000000,5.261,6.378,4.995,6.198,4209322.343702,1687708799999
1687708800000,6.193,6.553,5.693,6.469,5606108.815416,1688313599999
1688313600000,6.468,6.693,6.015,6.164,4009540.277499,1688918399999
1688918400000,6.163,7.345,6.017,6.812,5910140.226098,1689523199999
1689523200000,6.81,8.469,6.441,7.988,15037441.010148,1690127999999
1690128000000,7.989,8.134,7.275,7.726,5615318.793764,1690732799999
1690732800000,7.721,7.736,7.009,7.109,4077175.941289,1691337599999
1691337600000,7.112,7.915,6.943,7.42,3406691.947364,1691942399999
1691942400000,7.417,7.634,5.519,6.171,5252608.936383,1692547199999
1692547200000,6.172,6.435,5.865,6.014,2717380.955726,1693151999999
1693152000000,6.017,6.318,5.727,5.993,3564188.589722,1693756799999
1693756800000,5.994,6.47,5.907,6.045,2738039.970775,1694361599999
1694361600000,6.046,6.423,5.737,6.187,2403342.297555,1694966399999
1694966400000,6.188,7.255,6.051,7.102,4853234.913929,1695571199999
1695571200000,7.099,8.27,6.907,8.012,5005070.644123,1696175999999
1696176000000,8.013,8.15,7.182,7.671,4545689.911597,1696780799999
1696780800000,7.666,7.945,7.103,7.314,3747669.070135,1697385599999
1697385600000,7.31,9.758,7.207,9.226,8271171.718895,1697990399999
1697990400000,9.23,11.798,9.224,11.057,22135497.424261,1698595199999
1698595200000,11.057,12.569,10.502,11.754,12836534.931037,1699199999999
1699200000000,11.752,16.663,11.74,15.936,20136060.202347,1699804799999
1699804800000,15.938,16.371,12.852,14.209,11138765.096113,1700409599999
1700409600000,14.206,15.395,13.215,14.799,8807050.420377,1701014399999
1701014400000,14.799,16.299,13.777,15.838,7573549.481361,1701619199999
1701619200000,15.835,17.333,14.646,16.136,11716230.567717,1702223999999
1702224000000,16.134,16.456,13.723,14.24,11452131.954559,1702828799999
1702828800000,14.242,15.919,13.627,15.787,7710485.501321,1703433599999
1703433600000,15.792,17.659,14.238,15.29,8600248.994066,1704038399999
1704038400000,15.287,16.059,11.829,13.475,6074474.249512,1704643199999
1704643200000,13.473,15.708,12.526,15.22,5980317.790193,1705247999999
1705248000000,15.224,16.565,14.18,15.494,6972474.800308,1705852799999
1705852800000,15.494,15.981,13.509,14.404,3924041.300604,1706457599999
1706457600000,14.406,18.88,14.183,18.211,10296285.022562,1707062399999
1707062400000,18.21,20.675,17.781,20.288,8731195.255749,1707667199999
1707667200000,20.287,20.85,19.114,19.906,6375744.546693,1708271999999
1708272000000,19.908,20.38,17.584,18.616,4692510.480612,1708876799999
1708876800000,18.614,21.684,17.964,20.553,6883660.572266,1709481599999
1709481600000,20.552,21.045,16.4,19.582,6344457.041419,1710086399999
1710086400000,19.579,22.923,17.38,18.526,8628834.078049,1710691199999
1710691200000,18.521,19.498,16.261,18.291,4578073.884826,1711295999999
1711296000000,18.287,20.735,18.014,19.078,2722868.577044,1711900799999
1711900800000,19.073,19.275,16.867,17.685,2424992.359485,1712505599999
1712505600000,17.682,18.681,11.717,13.568,6696861.687671,1713110399999
1713110400000,13.573,15.076,12.719,14.821,3125127.34518,1713715199999
1713715200000,14.823,16.035,13.875,14.111,2205788.53963,1714319999999
1714320000000,14.111,14.539,12.403,14.519,2649557.417016,1714924799999
1714924800000,14.516,15.167,13.275,13.52,2814065.849989,1715529599999
1715529600000,13.534,17.001,12.846,16.974,5503357.054478,1716134399999
1716134400000,16.961,17.913,15.427,17.137,6092098.070457,1716739199999
1716739200000,17.133,19.219,16.88,18.349,3902110.742094,1717343999999
1717344000000,18.35,18.369,15.243,16.004,2875040.464959,1717948799999
1717948800000,16.006,16.387,14.47,15.167,3445092.446782,1718553599999
1718553600000,15.149,15.223,12.892,13.457,2899841.408628,1719158399999
1719158400000,13.458,14.604,12.584,13.696,2553165.148235,1719763199999
1719763200000,13.702,14.755,11.038,12.524,4693315.126373,1720367999999
1720368000000,12.531,13.529,11.78,13.27,2573251.335483,1720972799999
1720972800000,13.268,14.717,13.2,14.451,3074463.115899,1721577599999
1721577600000,14.445,15.008,12.47,13.428,3610179.988492,1722182399999
1722182400000,13.425,13.902,11.005,11.028,3576403.984575,1722787199999
1722787200000,11.029,11.208,8.056,10.401,9624096.994444,1723391999999
1723392000000,10.392,10.752,9.911,10.388,2962750.395634,1723996799999
1723996800000,10.39,12.56,9.944,12.2,2682527.770648,1724601599999
1724601600000,12.201,12.7,10.5,10.694,2242404.006022,1725206399999
1725206400000,10.697,10.875,9.282,10.167,2436694.280179,1725811199999
1725811200000,10.173,11.564,10.123,11.228,2305929.691368,1726415999999
1726416000000,11.218,11.733,10.289,11.039,2457873.35727,1727020799999
1727020800000,11.032,12.976,10.845,12.6,2923460.745846,1727625599999
1727625600000,12.593,12.729,10.339,11.301,2641936.720551,1728230399999
1728230400000,11.301,11.756,10.254,10.686,1938711.0167,1728835199999
1728835200000,10.688,11.926,10.607,11.89,2712101.403049,1729439999999
1729440000000,11.889,12.342,10.797,11.11,2908999.269717,1730044799999
1730044800000,11.11,12.461,10.535,10.71,3949341.468448,1730649599999
1730649600000,10.705,14.759,10.066,14.587,4860281.196707,1731254399999
1731254400000,14.586,15.342,12.713,13.927,7462208.83602,1731859199999
1731859200000,13.928,18.39,13.562,16.331,9378385.639231,1732463999999
1732464000000,16.331,19.443,16.193,18.824,7638132.280331,1733068799999
1733068800000,18.824,27.4,18.432,26.233,16285069.028109,1733673599999
1733673600000,26.234,30.963,19.264,29.134,16557843.315145,1734278399999
1734278400000,29.134,30.826,20.019,21.806,11316043.401956,1734883199999
1734883200000,21.806,25.998,21.066,21.446,6667184.644219,1735487999999
1735488000000,21.448,24.044,19.7,23.27,4810397.785298,1736092799999
1736092800000,23.297,24.799,19.141,20.153,4378008.559994,1736697599999
1736697600000,20.157,25.942,17.813,25.417,5832469.40697,1737302399999
1737302400000,25.407,27.2,23.395,25.457,8288469.363203,1737907199999
1737907200000,25.451,26.474,21.866,22.186,6451758.985841,1738511999999
1738512000000,22.185,22.201,15.375,18.729,8975580.381898,1739116799999
1739116800000,18.731,19.847,17.435,18.898,2995633.109082,1739721599999
1739721600000,18.899,19.789,17.13,17.464,3058169.512695,1740326399999
1740326400000,17.472,17.744,13.457,15.257,5203624.290348,1740931199999
1740931200000,15.277,17.666,13.074,14.304,8440884.941898,1741535999999
1741536000000,14.303,14.687,11.852,13.481,7040238.456488,1742140799999
1742140800000,13.481,15.17,13.213,14.426,3366138.842517,1742745599999
1742745600000,14.429,15.999,13.374,13.612,3285610.220175,1743350399999
1743350400000,13.607,14.405,12.068,12.319,4559026.619856,1743955199999
1743955200000,12.319,13.295,10.105,12.683,7060064.166717,1744559999999
1744560000000,12.681,13.272,11.905,13.11,3233444.87091,1745164799999
1745164800000,13.109,15.353,12.884,14.482,4408123.344999,1745769599999
1745769600000,14.481,15.243,13.827,14.106,2516450.137956,1746374399999
1746374400000,14.106,17.469,13.206,16.618,3798256.182532,1746979199999
1746979200000,16.619,17.982,15.083,16.345,3904323.535604,1747583999999
1747584000000,16.36,17.168,14.838,15.024,4275861.880829,1748188799999
1748188800000,15.03,16.191,13.398,13.936,3054115.523764,1748793599999
1748793600000,13.941,14.476,12.642,13.752,2378347.776545,1749398399999
1749398400000,13.755,15.659,12.763,13.173,3864149.398175,1750003199999
1750003200000,13.179,14.16,11.295,11.44,3269444.729225,1750607999999
1750608000000,11.435,13.73,10.934,13.281,2817005.649257,1751212799999
1751212800000,13.28,14.079,12.731,13.434,1994620.28421,1751817599999
1751817600000,13.437,15.952,13.203,15.696,3493483.83269,1752422399999
1752422400000,15.702,19.95,15.143,19.71,5105300.35943,1753027199999
1753027200000,19.712,20.301,17.156,18.851,6940571.712218,1753631999999
1753632000000,18.853,19.559,15.434,16.233,4873370.346366,1754236799999
1754236800000,16.233,22.7,16.033,22.491,8040550.438911,1754841599999
1754841600000,22.489,26.311,20.847,26.294,11190973.440536,1755446399999
1755446400000,26.29,27.859,23.371,25.571,15331342.647006,1756051199999
1756051200000,25.567,26.619,22.829,23.78,9891690.409884,1756655999999
1756656000000,23.788,23.96,21.867,22.41,4259611.128765,1757260799999
1757260800000,22.411,25.637,22.126,24.045,4934066.019528,1757865599999
1757865600000,24.039,24.882,22.75,23.084,3841905.043028,1758470399999
1758470400000,23.089,23.198,19.833,20.98,5763090.360123,1759075199999
1759075200000,20.98,23.134,20.91,22.467,4153414.166391,1759679999999
1759680000000,22.468,23.729,8,18.77,13676466.159216,1760284799999
1760284800000,18.773,20.193,15.692,17.408,8526396.675528,1760889599999
1760889600000,17.406,19.183,16.711,18.336,7192932.062591,1761494399999
1761494400000,18.337,19.06,16.324,17.139,6347373.333011,1762099199999
1762099200000,17.138,17.673,13.685,15.828,9652600.923965,1762703999999
1762704000000,15.823,16.8,13.586,13.783,7213403.6511,1763308799999
1763308800000,13.784,14.284,11.613,12.681,7175816.978114,1763913599999
1763913600000,12.681,13.566,12.302,13.242,4408790.441069,1764518399999
1764518400000,13.248,14.931,11.744,13.614,6517778.36819,1765123199999
1765123200000,13.611,15.006,13.285,13.472,5573635.604885,1765727999999
1765728000000,13.471,13.741,11.741,12.334,4679868.80443,1766332799999
1766332800000,12.334,12.959,11.985,12.522,2763099.201264,1766937599999
1766937600000,12.526,13.558,12.153,13.492,3218081.253862,1767542399999
1767542400000,13.493,14.235,13.026,13.209,3455933.355863,1768147199999
1768147200000,13.21,14.4,12.923,13.779,3089412.461859,1768751999999
1768752000000,13.78,13.879,11.9,11.965,3433829.844325,1769356799999
1769356800000,11.966,12.187,8.958,9.537,7301734.335706,1769961599999
