1744732800000,12.372,12.529,12.042,12.322,454711.026394,1744819199999
1744819200000,12.322,12.692,11.905,12.443,440966.700884,1744905599999
1744905600000,12.444,12.725,12.383,12.516,296244.009117,1744991999999
1744992000000,12.516,12.928,12.503,12.758,192728.435674,1745078399999
1745078400000,12.756,13.213,12.703,13.11,409169.661001,1745164799999
1745164800000,13.109,13.697,13.048,13.357,648669.714992,1745251199999
1745251200000,13.363,14.086,12.884,13.854,570256.127692,1745337599999
1745337600000,13.856,15.298,13.722,14.85,772706.574782,1745423999999
1745424000000,14.85,15.157,14.159,14.869,623237.467762,1745510399999
1745510400000,14.875,15.353,14.709,15.193,844221.187621,1745596799999
1745596800000,15.194,15.276,14.669,14.921,477901.263777,1745683199999
1745683200000,14.921,15.098,14.37,14.482,471131.008373,1745769599999
1745769600000,14.481,15.107,14.243,14.55,473798.335785,1745855999999
1745856000000,14.547,15.243,14.414,14.902,381039.901106,1745942399999
1745942400000,14.909,15.015,13.827,14.128,438082.446851,1746028799999
1746028800000,14.126,15.038,13.994,14.868,334627.320197,1746115199999
1746115200000,14.867,15.033,14.499,14.781,313911.872692,1746201599999
1746201600000,14.784,15.018,14.283,14.428,250101.748327,1746287999999
1746288000000,14.424,14.448,13.979,14.106,324888.512998,1746374399999
1746374400000,14.106,14.201,13.53,13.567,422802.067954,1746460799999
1746460800000,13.568,13.815,13.206,13.37,270410.209316,1746547199999
1746547200000,13.389,14.086,13.322,13.591,351003.642957,1746633599999
1746633600000,13.594,15.43,13.462,15.239,575038.499556,1746719999999
1746720000000,15.236,16.737,15.155,15.96,923531.122107,1746806399999
1746806400000,15.968,16.532,15.741,16.423,469634.723094,1746892799999
1746892800000,16.427,17.469,16.307,16.618,785835.917548,1746979199999
1746979200000,16.619,17.982,16.432,16.836,703291.518745,1747065599999
1747065600000,16.832,17.024,16.025,16.873,674770.002847,1747151999999
1747152000000,16.875,17.808,16.77,17.015,624439.351826,1747238399999
1747238400000,17.01,17.207,15.854,16.452,545886.169871,1747324799999
1747324800000,16.449,16.719,15.695,16.251,558446.173901,1747411199999
1747411200000,16.26,16.336,15.123,15.312,411748.555795,1747497599999
1747497600000,15.313,16.366,15.083,16.345,385741.762619,1747583999999
1747584000000,16.36,16.399,14.838,15.472,648533.647782,1747670399999
1747670400000,15.471,16.417,15.356,15.568,636473.0471,1747756799999
1747756800000,15.536,16.241,15.241,16.109,509587.433541,1747843199999
1747843200000,16.115,16.896,15.543,16.8,717979.449004,1747929599999
1747929600000,16.807,17.168,15.776,16.195,885871.852487,1748015999999
1748016000000,16.2,16.373,15.423,15.64,429592.442314,1748102399999
1748102400000,15.642,15.695,14.866,15.024,447824.008601,1748188799999
1748188800000,15.03,15.959,14.884,15.762,286111.822994,1748275199999
1748275200000,15.765,16.104,15.158,15.996,355314.855193,1748361599999
1748361600000,16,16.153,15.429,15.44,310826.240448,1748447999999
1748448000000,15.447,16.191,15.312,15.354,405735.01953,1748534399999
1748534400000,15.358,15.502,14.17,14.246,598772.695057,1748620799999
1748620800000,14.249,14.35,13.398,13.877,741533.527735,1748707199999
1748707200000,13.875,14.188,13.58,13.936,355821.362807,1748793599999
1748793600000,13.941,14.128,13.631,13.706,321191.594373,1748879999999
1748880000000,13.709,14.442,13.593,14.332,468965.254624,1748966399999
1748966400000,14.332,14.476,13.966,14.175,255405.237273,1749052799999
1749052800000,14.177,14.183,13.533,13.713,276623.949327,1749139199999
1749139200000,13.712,13.725,12.642,13.537,570708.605201,1749225599999
1749225600000,13.533,14.079,13.413,13.936,288663.291219,1749311999999
1749312000000,13.937,13.96,13.553,13.752,196789.844528,1749398399999
1749398400000,13.755,14.009,13.538,13.932,240040.520643,1749484799999
1749484800000,13.932,15.359,13.932,15.094,624367.343323,1749571199999
1749571200000,15.092,15.659,15.041,15.612,653316.686787,1749657599999
1749657600000,15.617,15.641,14.045,14.253,615067.952431,1749743999999
1749744000000,14.252,14.572,12.763,13.405,923198.466025,1749830399999
1749830400000,13.406,13.599,12.937,13.002,484891.514055,1749916799999
1749916800000,12.999,13.324,12.836,13.173,323266.914911,1750003199999
1750003200000,13.179,13.892,12.99,13.797,352655.610819,1750089599999
1750089600000,13.801,14.16,12.927,13.05,562165.729255,1750175999999
1750176000000,13.052,13.242,12.629,12.897,732117.952963,1750262399999
1750262400000,12.891,13.381,12.69,12.952,495461.19685,1750348799999
1750348800000,12.953,13.278,12.826,12.904,244046.113624,1750435199999
1750435200000,12.899,12.91,12.297,12.495,270891.459829,1750521599999
1750521600000,12.491,12.555,11.295,11.44,612106.665885,1750607999999
1750608000000,11.435,12.095,10.934,11.758,531496.600437,1750694399999
1750694400000,11.76,13.429,11.403,13.346,848849.079877,1750780799999
1750780800000,13.355,13.73,13.021,13.055,464684.346611,1750867199999
1750867200000,13.055,13.56,12.939,13.117,350301.810913,1750953599999
1750953600000,13.113,13.278,12.771,13.04,224603.139165,1751039999999
1751040000000,13.045,13.293,12.731,13.273,170133.747689,1751126399999
1751126400000,13.274,13.481,13.223,13.281,226936.924565,1751212799999
1751212800000,13.28,13.868,13.124,13.373,382341.779717,1751299199999
1751299200000,13.377,13.671,12.943,13.009,220699.527603,1751385599999
1751385600000,13.012,13.375,12.731,13.364,205012.82571,1751471999999
1751472000000,13.365,14.079,13.365,13.614,465469.133827,1751558399999
1751558400000,13.611,13.793,13.056,13.076,398184.972519,1751644799999
1751644800000,13.074,13.264,12.94,13.128,156121.704035,1751731199999
1751731200000,13.128,13.496,12.99,13.434,166790.340799,1751817599999
1751817600000,13.437,13.736,13.283,13.533,427479.349658,1751903999999
1751904000000,13.534,13.672,13.203,13.49,263800.021746,1751990399999
1751990400000,13.493,14.225,13.451,14.015,604853.36632,1752076799999
1752076800000,14.019,14.482,13.93,14.34,652194.681909,1752163199999
1752163200000,14.343,15.877,14.322,15.48,689417.744305,1752249599999
1752249600000,15.483,15.85,14.705,14.818,529326.510709,1752335999999
1752336000000,14.83,15.952,14.762,15.696,326412.158043,1752422399999
1752422400000,15.702,16.47,15.471,15.966,649167.057689,1752508799999
1752508800000,15.957,16.156,15.143,15.565,567157.960148,1752595199999
1752595200000,15.571,16.836,15.57,16.611,657292.242395,1752681599999
1752681600000,16.61,17.322,16.324,17.143,558802.692005,1752767999999
1752768000000,17.137,19.22,16.776,17.92,1185069.739704,1752854399999
1752854400000,17.916,18.341,17.317,17.924,559919.994891,1752940799999
1752940800000,17.923,19.95,17.856,19.71,927890.672598,1753027199999
1753027200000,19.712,20.301,18.882,19.797,1324324.190154,1753113599999
1753113600000,19.803,19.996,18.627,19.349,1077438.615127,1753199999999
1753200000000,19.345,19.757,17.836,18.497,899646.078423,1753286399999
1753286400000,18.496,18.687,17.156,18.466,1121112.897825,1753372799999
1753372800000,18.473,18.589,17.258,17.606,953352.835584,1753459199999
1753459200000,17.608,18.492,17.451,18.403,406751.318112,1753545599999
1753545600000,18.403,19.074,18.221,18.851,1157945.776993,1753631999999
1753632000000,18.853,19.559,18.288,18.389,537589.759269,1753718399999
1753718400000,18.389,18.665,17.609,17.69,584671.025175,1753804799999
1753804800000,17.687,17.958,17.205,17.588,520152.097706,1753891199999
1753891200000,17.6,18.232,16.762,17.524,585737.10111,1753977599999
1753977600000,17.524,17.864,16.154,16.634,1578609.004139,1754063999999
1754064000000,16.627,16.752,15.661,15.786,750893.031886,1754150399999
1754150400000,15.78,16.241,15.434,16.233,315718.327081,1754236799999
1754236800000,16.233,16.955,16.182,16.923,345868.905685,1754323199999
1754323200000,16.923,17.2,16.206,16.261,449692.636895,1754409599999
1754409600000,16.256,16.806,16.033,16.772,420131.536276,1754495999999
1754496000000,16.773,18.093,16.582,17.836,698124.833002,1754582399999
1754582400000,17.841,19.93,17.622,19.209,2620940.40206,1754668799999
1754668800000,19.208,21.476,19.078,21.061,1578380.056579,1754755199999
1754755200000,21.069,22.7,21.069,22.491,1927412.068414,1754841599999
1754841600000,22.489,22.673,21.192,21.964,1397400.994246,1754927999999
1754928000000,21.963,24.107,20.847,24.023,1720383.26743,1755014399999
1755014400000,24.03,24.73,23.115,23.618,2111933.663611,1755100799999
1755100800000,23.616,24.312,21.493,22.761,2077214.180189,1755187199999
1755187200000,22.762,23.04,21.425,21.594,1201164.09348,1755273599999
1755273600000,21.585,22.174,21.367,22.008,688586.583148,1755359999999
1755360000000,22.005,26.311,21.937,26.294,1994290.658432,1755446399999
1755446400000,26.29,26.349,24.276,25.375,3271096.190901,1755532799999
1755532800000,25.373,26.727,23.858,24.276,2547126.074727,1755619199999
1755619200000,24.277,26.464,23.371,25.95,2436607.106536,1755705599999
1755705600000,25.95,26.888,24.973,25.082,2472080.250888,1755791999999
1755792000000,25.083,26.76,24.112,26.461,2121021.274999,1755878399999
1755878400000,26.459,27.859,25.531,25.999,1731285.176804,1755964799999
1755964800000,26.003,26.375,25.281,25.571,752126.572151,1756051199999
1756051200000,25.567,26.619,24.24,24.426,1936088.465006,1756137599999
1756137600000,24.421,24.806,22.881,24.173,1478622.940653,1756223999999
1756224000000,24.179,24.748,23.946,24.296,829323.775372,1756310399999
1756310400000,24.3,26.025,23.566,24.791,2663579.81651,1756396799999
1756396800000,24.79,25.408,23.121,23.443,1836850.642987,1756483199999
1756483200000,23.447,23.608,22.829,23.414,631971.470929,1756569599999
1756569600000,23.413,24.059,23.276,23.78,515253.298427,1756655999999
1756656000000,23.788,23.873,22.715,22.789,764280.925351,1756742399999
1756742400000,22.794,23.538,22.086,22.845,932286.893376,1756828799999
1756828800000,22.844,23.83,22.786,23.815,525089.339438,1756915199999
1756915200000,23.818,23.96,22.457,22.482,502054.285573,1757001599999
1757001600000,22.478,23.234,22.1,22.238,852965.669162,1757087999999
1757088000000,22.235,22.554,22.042,22.072,344085.330621,1757174399999
1757174400000,22.064,22.465,21.867,22.41,338848.685244,1757260799999
1757260800000,22.411,23.3,22.126,23.217,575657.225969,1757347199999
1757347200000,23.211,23.817,22.828,22.93,778423.57909,1757433599999
1757433600000,22.931,23.945,22.85,23.681,621490.007856,1757519999999
1757520000000,23.679,24.262,23.205,23.52,867453.901434,1757606399999
1757606400000,23.526,24.822,23.517,24.489,783034.484897,1757692799999
1757692800000,24.483,25.637,24.429,24.827,832635.95739,1757779199999
1757779200000,24.831,25.018,23.841,24.045,475370.862892,1757865599999
1757865600000,24.039,24.428,22.994,23.171,754077.253254,1757951999999
1757952000000,23.165,23.866,22.977,23.461,388839.885465,1758038399999
1758038400000,23.467,23.753,22.77,22.971,589406.493514,1758124799999
1758124800000,22.963,24.496,22.75,24.462,847687.351792,1758211199999
1758211200000,24.465,24.882,23.331,23.604,680913.803333,1758297599999
1758297600000,23.6,23.715,23.092,23.417,381386.971406,1758383999999
1758384000000,23.427,23.487,23.03,23.084,199593.284264,1758470399999
1758470400000,23.089,23.198,20.121,21.194,1402152.850957,1758556799999
1758556800000,21.197,22.043,21.111,21.854,499699.965699,1758643199999
1758643200000,21.866,21.995,20.986,21.761,1308754.734302,1758729599999
1758729600000,21.765,21.962,20.38,20.883,782483.869544,1758815999999
1758816000000,20.871,20.903,19.833,20.597,908749.285774,1758902399999
1758902400000,20.59,21.241,20.575,20.948,475695.823255,1758988799999
1758988800000,20.949,21.087,20.428,20.98,385553.830592,1759075199999
1759075200000,20.98,21.714,20.91,21.387,482838.925796,1759161599999
1759161600000,21.397,21.893,20.963,21.096,524524.162766,1759247999999
1759248000000,21.102,22.488,20.999,22.399,779480.24833,1759334399999
1759334400000,22.4,22.851,21.937,22.42,595465.783674,1759420799999
1759420800000,22.422,23.134,22.094,22.716,609061.554369,1759507199999
1759507200000,22.725,23.085,21.765,21.842,663732.675834,1759593599999
1759593600000,21.845,22.941,21.824,22.467,498310.815622,1759679999999
1759680000000,22.468,22.98,21.504,22.833,715822.309483,1759766399999
1759766400000,22.835,23.729,21.849,21.996,1292542.606961,1759852799999
1759852800000,21.998,22.354,21.628,21.994,625997.509657,1759939199999
1759939200000,22,22.677,21.326,21.5,649547.123438,1760025599999
1760025600000,21.501,22.782,21.214,21.366,872414.965729,1760111999999
1760112000000,21.372,21.548,8,17.975,7778800.658026,1760198399999
1760198400000,17.973,18.806,16.6,18.77,1741340.985922,1760284799999
1760284800000,18.773,19.839,18.744,19.73,1547951.036019,1760371199999
1760371200000,19.738,20.193,18.083,19.042,1458405.745553,1760457599999
1760457600000,19.048,19.365,18,18.128,1059752.777052,1760543999999
1760544000000,18.128,18.625,17.538,17.66,1001011.540892,1760630399999
1760630400000,17.659,18.083,15.692,16.627,2061930.645628,1760716799999
1760716800000,16.628,17.004,16.247,16.789,739165.713464,1760803199999
1760803200000,16.794,17.544,16.533,17.408,658179.21692,1760889599999
1760889600000,17.406,19.183,16.934,18.769,1610766.398738,1760975999999
1760976000000,18.767,18.964,17.672,18.803,1647115.358927,1761062399999
1761062400000,18.804,18.9,17.13,17.477,1342426.237304,1761148799999
1761148800000,17.476,17.706,16.711,17.407,1015572.468242,1761235199999
1761235200000,17.414,18.098,17.185,17.559,728356.165702,1761321599999
1761321600000,17.556,18.085,17.474,17.989,461308.387635,1761407999999
1761408000000,17.99,18.49,17.69,18.336,387387.046043,1761494399999
1761494400000,18.337,19.06,18.059,18.412,915670.759105,1761580799999
1761580800000,18.411,18.921,18.02,18.385,865227.53919,1761667199999
1761667200000,18.375,18.662,17.435,18.025,945918.997792,1761753599999
1761753600000,18.025,18.683,16.854,16.907,1562096.987834,1761839999999
1761840000000,16.903,17.454,16.324,17.289,1056808.2407,1761926399999
1761926400000,17.284,17.44,16.775,17.258,495224.491944,1762012799999
1762012800000,17.255,17.641,17.038,17.139,506426.316446,1762099199999
1762099200000,17.138,17.673,14.515,15.298,1808536.593331,1762185599999
1762185600000,15.299,15.865,14.528,15.12,2117721.839826,1762271999999
1762272000000,15.122,15.234,13.685,15.095,1748829.448134,1762358399999
1762358400000,15.101,15.398,14.381,14.468,1145149.505735,1762444799999
1762444800000,14.469,15.189,14.249,15.033,1099115.921618,1762531199999
1762531200000,15.035,16.223,14.954,15.213,1044507.208583,1762617599999
1762617600000,15.212,15.943,15.025,15.828,688740.406738,1762703999999
1762704000000,15.823,16.671,15.73,16.087,866454.632919,1762790399999
1762790400000,16.087,16.8,15.71,15.804,889534.9292,1762876799999
1762876800000,15.802,16.25,15.185,15.378,902506.219397,1762963199999
1762963200000,15.378,16.02,14.925,15.32,1083142.940793,1763049599999
1763049600000,15.318,15.371,13.829,14.295,2032795.289116,1763135999999
1763136000000,14.298,14.501,13.586,14.175,777255.457007,1763222399999
1763222400000,14.172,14.526,13.76,13.783,661714.182668,1763308799999
1763308800000,13.784,14.284,13.399,13.716,1006293.438429,1763395199999
1763395200000,13.716,13.832,13.061,13.71,1171643.960696,1763481599999
1763481600000,13.709,13.989,12.985,13.019,704504.202296,1763567999999
1763568000000,13.02,14.004,12.772,13.421,888471.968047,1763654399999
1763654400000,13.412,13.441,11.613,11.91,1980438.375824,1763740799999
1763740800000,11.915,12.367,11.731,11.92,746797.829586,1763827199999
1763827200000,11.925,12.727,11.915,12.681,677667.203236,1763913599999
1763913600000,12.681,12.857,12.302,12.619,803885.708038,1763999999999
1764000000000,12.62,13.203,12.547,12.735,844304.104631,1764086399999
1764086400000,12.735,13.217,12.729,12.877,1193356.441749,1764172799999
1764172800000,12.877,13.566,12.877,13.465,541754.552763,1764259199999
1764259200000,13.465,13.542,13.148,13.418,378544.439096,1764345599999
1764345600000,13.42,13.423,12.995,13.17,373670.784284,1764431999999
1764432000000,13.172,13.331,12.915,13.242,273274.410508,1764518399999
1764518400000,13.248,13.416,11.814,11.999,824697.606665,1764604799999
1764604800000,11.999,13.413,11.744,13.291,739063.603963,1764691199999
1764691200000,13.292,14.675,13.23,14.396,1705744.427797,1764777599999
1764777600000,14.395,14.931,14.223,14.479,971708.3593,1764863999999
1764864000000,14.478,14.546,13.745,13.941,654312.309007,1764950399999
1764950400000,13.941,13.953,13.365,13.818,827547.981145,1765036799999
1765036800000,13.818,14.084,13.183,13.614,794704.080313,1765123199999
1765123200000,13.611,14.291,13.425,13.742,837178.391856,1765209599999
1765209600000,13.74,14.435,13.547,14.411,699705.430716,1765295999999
1765296000000,14.409,15.006,13.942,14.021,884436.570614,1765382399999
1765382400000,14.021,14.892,13.429,13.52,1200476.544215,1765468799999
1765468800000,13.519,14.358,13.395,13.535,1191256.040035,1765555199999
1765555200000,13.535,13.967,13.285,13.822,497714.679018,1765641599999
1765641600000,13.818,13.863,13.424,13.472,262867.948431,1765727999999
1765728000000,13.471,13.741,12.732,12.78,688898.974816,1765814399999
1765814400000,12.783,13.13,12.471,13.046,967468.637164,1765900799999
1765900800000,13.045,13.18,12.493,12.571,673920.994785,1765987199999
1765987200000,12.57,12.879,12.066,12.634,859117.884579,1766073599999
1766073600000,12.634,12.753,11.741,12.473,811114.287039,1766159999999
1766160000000,12.47,12.711,12.379,12.62,325170.389352,1766246399999
1766246400000,12.623,12.712,12.225,12.334,354177.636695,1766332799999
1766332800000,12.334,12.959,12.272,12.806,744408.236167,1766419199999
1766419200000,12.81,12.86,12.075,12.288,469756.89012,1766505599999
1766505600000,12.287,12.521,12.006,12.184,411053.772001,1766591999999
1766592000000,12.183,12.424,12.114,12.37,267977.692672,1766678399999
1766678400000,12.375,12.538,11.985,12.174,408077.811552,1766764799999
1766764800000,12.176,12.345,12.124,12.317,169888.384473,1766851199999
1766851200000,12.316,12.563,12.261,12.522,291936.414279,1766937599999
1766937600000,12.526,13.025,12.252,12.402,588030.362929,1767023999999
1767024000000,12.401,12.602,12.26,12.526,359434.590616,1767110399999
1767110400000,12.529,12.585,12.329,12.395,358657.850758,1767196799999
1767196800000,12.393,12.45,12.153,12.389,307882.726465,1767283199999
1767283200000,12.394,13.192,12.331,13.077,715447.427527,1767369599999
1767369600000,13.077,13.44,12.969,13.065,502347.482324,1767455999999
1767456000000,13.068,13.558,13.064,13.492,386280.813243,1767542399999
1767542400000,13.493,13.876,13.316,13.724,546086.733195,1767628799999
1767628800000,13.724,14.235,13.552,13.999,1018393.630339,1767715199999
1767715200000,13.996,14.07,13.296,13.37,604850.02981,1767801599999
1767801600000,13.371,13.558,13.026,13.303,458340.965593,1767887999999
1767888000000,13.303,13.429,13.033,13.287,410284.95065,1767974399999
1767974400000,13.288,13.44,13.062,13.166,249266.685201,1768060799999
1768060800000,13.163,13.295,13.088,13.209,168710.361075,1768147199999
1768147200000,13.21,13.518,12.923,13.242,451689.740846,1768233599999
1768233600000,13.246,13.579,13.002,13.575,383799.759749,1768319999999
1768320000000,13.578,14.277,13.536,14.232,788702.620873,1768406399999
1768406400000,14.241,14.4,13.727,13.966,625697.929259,1768492799999
1768492800000,13.96,13.998,13.431,13.492,394774.204736,1768579199999
1768579200000,13.487,13.892,13.454,13.888,245762.462794,1768665599999
1768665600000,13.889,13.894,13.63,13.779,198985.743602,1768751999999
1768752000000,13.78,13.879,12.335,12.774,1083994.305737,1768838399999
1768838400000,12.771,13,12.353,12.436,503517.358021,1768924799999
1768924800000,12.437,12.541,12.028,12.435,547458.860937,1769011199999
1769011200000,12.437,12.671,11.9,12.233,514035.5769,1769097599999
1769097600000,12.229,12.408,12.048,12.251,244524.750334,1769183999999
1769184000000,12.254,12.498,12.127,12.154,243649.237404,1769270399999
1769270400000,12.153,12.257,11.943,11.965,296649.754992,1769356799999
1769356800000,11.966,12.131,11.365,11.919,759562.006892,1769443199999
1769443200000,11.921,12.06,11.825,11.998,295231.372146,1769529599999
1769529600000,11.999,12.187,11.713,11.766,596877.835148,1769615999999
1769616000000,11.764,11.942,10.868,11.032,659451.424003,1769702399999
1769702400000,11.033,11.204,10.587,10.773,1295623.170258,1769788799999
1769788800000,10.772,10.992,9.922,10.047,1116969.429096,1769875199999
1769875200000,10.047,10.177,8.958,9.537,2578019.098163,1769961599999
1769961600000,9.537,10.027,9.025,9.93,2164402.523073,1770047999999
1770048000000,9.932,10.002,9.496,9.747,1253558.046706,1770134399999
1770134400000,9.749,9.893,9.083,9.22,1622644.134809,1770220799999
1770220800000,9.22,9.466,8.306,8.467,2103713.942876,1770307199999
1770307200000,8.467,8.67,7.159,8.583,3600759.403594,1770393599999
1770393600000,8.584,9.044,8.554,8.822,1446838.840217,1770479999999
1770480000000,8.824,9.05,8.785,8.888,1328170.973008,1770566399999
