1744646400000,5.386,5.485,5.255,5.286,725447.635565,1744732799999
1744732800000,5.286,5.346,5.087,5.171,676381.979477,1744819199999
1744819200000,5.174,5.3,5.023,5.174,585057.362603,1744905599999
1744905600000,5.174,5.286,5.126,5.156,356739.402794,1744991999999
1744992000000,5.157,5.319,5.148,5.247,385734.32206,1745078399999
1745078400000,5.245,5.361,5.151,5.207,408072.138755,1745164799999
1745164800000,5.205,5.508,5.205,5.41,703576.588683,1745251199999
1745251200000,5.411,5.693,5.183,5.607,1835272.550944,1745337599999
1745337600000,5.607,6.081,5.563,5.992,1945853.545599,1745423999999
1745424000000,5.99,6.102,5.645,5.853,1764321.691401,1745510399999
1745510400000,5.851,5.987,5.689,5.931,1948681.295532,1745596799999
1745596800000,5.929,6.033,5.744,5.832,1454249.644988,1745683199999
1745683200000,5.828,6,5.548,5.57,1748404.167201,1745769599999
1745769600000,5.569,5.648,5.311,5.411,3941066.616337,1745855999999
1745856000000,5.409,5.545,5.344,5.367,1918465.736536,1745942399999
1745942400000,5.368,5.429,5.06,5.193,2322636.990622,1746028799999
1746028800000,5.192,5.428,5.155,5.344,1544422.179885,1746115199999
1746115200000,5.351,5.437,5.216,5.259,1580899.861873,1746201599999
1746201600000,5.256,5.363,5.107,5.16,1297680.375847,1746287999999
1746288000000,5.159,5.194,5.011,5.07,1392309.542414,1746374399999
1746374400000,5.067,5.115,4.921,4.947,1180115.678704,1746460799999
1746460800000,4.946,5.027,4.813,4.874,1003134.701528,1746547199999
1746547200000,4.88,5.056,4.74,4.812,1361931.896399,1746633599999
1746633600000,4.811,5.688,4.742,5.542,2167392.046526,1746719999999
1746720000000,5.544,6.701,5.498,6.258,5151327.178414,1746806399999
1746806400000,6.263,6.777,6.181,6.75,2330161.187395,1746892799999
1746892800000,6.751,7.58,6.742,6.8,4484509.659958,1746979199999
1746979200000,6.8,7.35,6.717,6.905,2835197.427562,1747065599999
1747065600000,6.903,7.019,6.524,6.851,2638395.437701,1747151999999
1747152000000,6.852,7.36,6.596,6.65,2780762.77552,1747238399999
1747238400000,6.649,6.786,6.163,6.414,2570115.559714,1747324799999
1747324800000,6.412,6.512,6.111,6.304,2341157.037184,1747411199999
1747411200000,6.306,6.348,5.707,5.829,3002981.730792,1747497599999
1747497600000,5.83,6.33,5.646,6.323,2654449.223381,1747583999999
1747584000000,6.324,6.329,5.66,5.856,3439781.948168,1747670399999
1747670400000,5.85,6.121,5.736,5.792,3184654.551721,1747756799999
1747756800000,5.789,6.513,5.692,6.332,4738833.499182,1747843199999
1747843200000,6.333,6.593,5.99,6.469,4705323.729667,1747929599999
1747929600000,6.471,6.794,5.97,6.133,4614691.513572,1748015999999
1748016000000,6.136,6.269,5.935,6.219,1840620.701697,1748102399999
1748102400000,6.22,6.329,5.891,6.031,1710959.299514,1748188799999
1748188800000,6.033,6.66,5.96,6.535,3373824.210127,1748275199999
1748275200000,6.537,6.788,6.262,6.515,3520856.500128,1748361599999
1748361600000,6.515,6.98,6.238,6.728,6723414.795557,1748447999999
1748448000000,6.732,7.668,6.59,6.793,7567198.567381,1748534399999
1748534400000,6.795,6.822,6.311,6.505,5632608.436177,1748620799999
1748620800000,6.505,6.538,5.88,6.075,5042527.465672,1748707199999
1748707200000,6.08,6.307,5.884,6.211,3075209.654365,1748793599999
1748793600000,6.21,6.385,6.03,6.319,2775655.297769,1748879999999
1748880000000,6.318,7.076,6.232,6.777,4361281.070114,1748966399999
1748966400000,6.778,6.849,6.278,6.484,3678783.548734,1749052799999
1749052800000,6.486,6.49,6.213,6.353,1579747.484179,1749139199999
1749139200000,6.354,6.362,5.795,6.092,2806369.269539,1749225599999
1749225600000,6.092,6.375,5.966,6.313,1631809.919218,1749311999999
1749312000000,6.313,6.429,6.2,6.363,1249203.377518,1749398399999
1749398400000,6.363,6.583,6.204,6.494,2074099.617244,1749484799999
1749484800000,6.494,8.311,6.493,8.197,8331882.494528,1749571199999
1749571200000,8.199,8.68,8.136,8.35,5935660.432639,1749657599999
1749657600000,8.349,8.351,7.739,7.754,4315742.390049,1749743999999
1749744000000,7.753,7.994,6.78,7.486,6515331.139443,1749830399999
1749830400000,7.487,7.778,7.15,7.19,2964594.482609,1749916799999
1749916800000,7.19,7.481,7.088,7.142,1780991.447283,1750003199999
1750003200000,7.145,7.978,6.967,7.836,3306173.733529,1750089599999
1750089600000,7.836,7.908,7.261,7.318,3881489.964665,1750175999999
1750176000000,7.321,7.799,7.131,7.487,4864686.86486,1750262399999
1750262400000,7.486,7.95,7.287,7.515,3789557.013016,1750348799999
1750348800000,7.515,7.993,7.446,7.53,3679656.74721,1750435199999
1750435200000,7.534,7.553,6.723,6.814,4617921.286437,1750521599999
1750521600000,6.815,6.967,6.136,6.194,5565892.454724,1750607999999
1750608000000,6.194,6.386,5.919,6.173,3570772.018628,1750694399999
1750694400000,6.173,7.073,6.025,6.964,3975790.077426,1750780799999
1750780800000,6.968,7.363,6.852,6.888,3204760.567999,1750867199999
1750867200000,6.892,7.327,6.763,6.852,2849725.28823,1750953599999
1750953600000,6.85,7,6.72,6.926,1865879.078117,1751039999999
1751040000000,6.929,7.097,6.778,7.072,1099112.13668,1751126399999
1751126400000,7.073,7.316,6.955,7.131,1519223.508419,1751212799999
1751212800000,7.134,7.508,7.044,7.2,2311154.87234,1751299199999
1751299200000,7.201,7.289,6.892,6.935,1647338.838493,1751385599999
1751385600000,6.94,7.332,6.5,7.303,3920954.71296,1751471999999
1751472000000,7.304,7.859,7.284,7.596,3348670.634943,1751558399999
1751558400000,7.594,7.709,6.895,6.907,2670356.358327,1751644799999
1751644800000,6.906,7.03,6.777,6.904,2163170.918051,1751731199999
1751731200000,6.91,7.539,6.872,7.391,2766691.555149,1751817599999
1751817600000,7.395,7.576,7.286,7.338,1566432.308004,1751903999999
1751904000000,7.338,7.686,7.232,7.576,2046409.077423,1751990399999
1751990400000,7.578,8.298,7.529,8.154,3328137.645714,1752076799999
1752076800000,8.153,8.488,8.008,8.062,2584173.734764,1752163199999
1752163200000,8.065,9.078,8.052,8.738,4449107.664971,1752249599999
1752249600000,8.739,8.914,8.158,8.229,2189448.648907,1752335999999
1752336000000,8.236,8.753,8.175,8.594,1085044.243351,1752422399999
1752422400000,8.594,9.68,8.41,9.275,3825297.508971,1752508799999
1752508800000,9.275,9.307,8.684,9.138,2828332.548558,1752595199999
1752595200000,9.137,9.542,8.941,9.023,2972666.448982,1752681599999
1752681600000,9.023,9.33,8.669,8.888,5885239.60166,1752767999999
1752768000000,8.886,10.919,8.636,10.289,9366829.815651,1752854399999
1752854400000,10.285,10.386,9.782,10.086,2657661.328501,1752940799999
1752940800000,10.088,10.81,9.983,10.789,2276697.9994,1753027199999
1753027200000,10.79,11.697,10.313,11.095,4043316.751324,1753113599999
1753113600000,11.096,11.251,10.121,10.53,3429969.656373,1753199999999
1753200000000,10.526,10.851,9.772,10.168,3141037.535534,1753286399999
1753286400000,10.166,10.529,9.637,10.354,3701998.865729,1753372799999
1753372800000,10.356,10.626,9.702,10.088,2740158.380108,1753459199999
1753459200000,10.086,10.597,10,10.446,1476613.705354,1753545599999
1753545600000,10.447,10.835,10.383,10.744,1301552.543551,1753631999999
1753632000000,10.748,11.197,10.518,10.58,1795620.407531,1753718399999
1753718400000,10.578,10.699,10.05,10.156,1824335.697117,1753804799999
1753804800000,10.156,10.513,9.803,10.058,1606794.223064,1753891199999
1753891200000,10.066,10.255,9.509,9.659,2396918.091785,1753977599999
1753977600000,9.668,9.877,8.91,9.073,2700457.464068,1754063999999
1754064000000,9.072,9.223,8.854,8.937,2429159.582101,1754150399999
1754150400000,8.935,9.205,8.68,9.143,1340962.138315,1754236799999
1754236800000,9.136,10.021,9.115,9.984,2074488.13629,1754323199999
1754323200000,9.988,10.095,9.452,9.494,1715706.776396,1754409599999
1754409600000,9.494,9.735,9.373,9.723,1456986.063042,1754495999999
1754496000000,9.724,10.199,9.602,10.107,1436436.029615,1754582399999
1754582400000,10.106,10.788,9.918,10.608,3435597.691245,1754668799999
1754668800000,10.612,11.4,10.612,10.866,2604337.820865,1754755199999
1754755200000,10.868,11.342,10.44,11.06,2311600.403818,1754841599999
1754841600000,11.06,11.359,10.563,10.908,1993140.510384,1754927999999
1754928000000,10.908,11.997,10.802,11.358,5187126.683589,1755014399999
1755014400000,11.358,12.283,11.186,11.989,3850384.852581,1755100799999
1755100800000,11.99,12.28,10.603,10.997,4364868.993026,1755187199999
1755187200000,10.997,11.15,10.472,10.566,1732732.387516,1755273599999
1755273600000,10.564,11.155,10.426,10.892,1614798.052485,1755359999999
1755360000000,10.892,11.358,10.88,11.35,1331785.75096,1755446399999
1755446400000,11.349,11.39,10.191,10.483,2080142.038076,1755532799999
1755532800000,10.481,10.664,10.14,10.228,1236546.637302,1755619199999
1755619200000,10.228,10.469,9.915,10.344,1334995.230634,1755705599999
1755705600000,10.346,10.702,10.237,10.26,1295214.965303,1755791999999
1755792000000,10.262,11.105,10.015,11.009,1683936.111659,1755878399999
1755878400000,11.019,11.633,11.011,11.262,2030552.405488,1755964799999
1755964800000,11.263,11.42,10.843,11.043,896551.994435,1756051199999
1756051200000,11.043,11.441,10.074,10.106,2033971.057084,1756137599999
1756137600000,10.11,10.206,9.572,9.712,1608623.994699,1756223999999
1756224000000,9.712,10.127,9.68,10.109,833285.924314,1756310399999
1756310400000,10.108,10.131,9.773,9.871,946575.677871,1756396799999
1756396800000,9.876,10.084,9.42,9.548,1075464.213015,1756483199999
1756483200000,9.543,9.826,9.405,9.754,426664.259382,1756569599999
1756569600000,9.754,9.915,9.631,9.804,325272.920526,1756655999999
1756656000000,9.806,9.843,9.335,9.362,790217.513465,1756742399999
1756742400000,9.367,9.65,9.114,9.373,940868.550352,1756828799999
1756828800000,9.374,9.732,9.374,9.71,694924.426794,1756915199999
1756915200000,9.711,9.763,9.217,9.233,892189.796231,1757001599999
1757001600000,9.23,9.734,9.161,9.36,685272.507292,1757087999999
1757088000000,9.36,9.497,9.235,9.269,415843.997995,1757174399999
1757174400000,9.267,9.436,9.23,9.375,307608.87876,1757260799999
1757260800000,9.374,9.787,9.265,9.737,693463.775172,1757347199999
1757347200000,9.738,9.932,9.385,9.46,1170583.548112,1757433599999
1757433600000,9.462,9.818,9.414,9.754,1066013.396298,1757519999999
1757520000000,9.76,9.978,9.571,9.754,804661.434568,1757606399999
1757606400000,9.754,10.207,9.733,10.03,799548.87937,1757692799999
1757692800000,10.026,10.349,9.998,10.114,1240922.106022,1757779199999
1757779200000,10.116,10.161,9.012,9.395,2390478.173606,1757865599999
1757865600000,9.394,9.542,9.024,9.131,1711862.837206,1757951999999
1757952000000,9.13,9.346,9.055,9.239,781026.883814,1758038399999
1758038400000,9.241,9.408,9.177,9.208,602523.046958,1758124799999
1758124800000,9.206,9.67,9.127,9.538,1346767.489468,1758211199999
1758211200000,9.537,9.736,9.127,9.182,1121220.437345,1758297599999
1758297600000,9.182,9.282,9.08,9.234,569356.764858,1758383999999
1758384000000,9.236,9.262,9.037,9.099,452492.97905,1758470399999
1758470400000,9.1,9.173,7.5,8.075,2896114.733851,1758556799999
1758556800000,8.075,8.266,8.011,8.142,789219.11122,1758643199999
1758643200000,8.142,8.213,7.832,8.096,896305.664964,1758729599999
1758729600000,8.095,8.121,7.511,7.684,1218196.197554,1758815999999
1758816000000,7.683,7.697,7.278,7.462,1955775.890013,1758902399999
1758902400000,7.458,7.643,7.455,7.598,706139.40419,1758988799999
1758988800000,7.601,7.66,7.411,7.544,374678.615884,1759075199999
1759075200000,7.544,7.839,7.535,7.69,673139.453296,1759161599999
1759161600000,7.688,7.832,7.424,7.485,475480.146411,1759247999999
1759248000000,7.482,8.009,7.455,7.984,953062.905284,1759334399999
1759334400000,7.982,8.285,7.953,8.165,1327868.384916,1759420799999
1759420800000,8.165,8.399,8.129,8.372,990288.659115,1759507199999
1759507200000,8.37,8.494,7.919,7.936,983744.931566,1759593599999
1759593600000,7.936,8.432,7.902,8.209,1028047.910813,1759679999999
1759680000000,8.211,8.418,7.995,8.37,821388.875739,1759766399999
1759766400000,8.371,8.448,7.775,7.82,1389398.540853,1759852799999
1759852800000,7.818,7.982,7.683,7.886,960730.956943,1759939199999
1759939200000,7.889,8.13,7.686,7.739,915812.304949,1760025599999
1760025600000,7.742,8.585,7.642,7.754,2149405.737341,1760111999999
1760112000000,7.755,7.852,2.274,6.08,13213855.235041,1760198399999
1760198400000,6.08,6.5,5.651,6.48,2850772.095558,1760284799999
1760284800000,6.479,6.875,6.479,6.754,2309738.672732,1760371199999
1760371200000,6.753,7.12,6.355,6.765,2146322.502481,1760457599999
1760457600000,6.766,6.984,6.502,6.54,1269643.700211,1760543999999
1760544000000,6.539,6.688,6.328,6.353,1476438.847955,1760630399999
1760630400000,6.352,6.484,5.844,6.173,2079134.717502,1760716799999
1760716800000,6.171,6.253,5.907,5.953,1175221.67183,1760803199999
1760803200000,5.954,6.329,5.904,6.285,1187186.740803,1760889599999
1760889600000,6.284,6.546,6.139,6.372,1863707.824949,1760975999999
1760976000000,6.372,6.655,6.109,6.59,1505520.87953,1761062399999
1761062400000,6.59,6.641,6.031,6.144,1300239.64623,1761148799999
1761148800000,6.145,6.28,5.861,6.261,930779.152624,1761235199999
1761235200000,6.263,6.479,6.18,6.195,945914.255283,1761321599999
1761321600000,6.195,6.303,6.16,6.185,554112.775891,1761407999999
1761408000000,6.192,6.542,6.146,6.537,707415.838443,1761494399999
1761494400000,6.538,6.885,6.471,6.573,1119775.469885,1761580799999
1761580800000,6.576,6.684,6.412,6.531,667386.445466,1761667199999
1761667200000,6.531,6.61,6.203,6.233,708402.97634,1761753599999
1761753600000,6.227,6.452,5.78,5.812,2530193.209613,1761839999999
1761840000000,5.814,5.951,5.667,5.739,1315409.710935,1761926399999
1761926400000,5.74,5.888,5.615,5.854,615275.387494,1762012799999
1762012800000,5.856,5.927,5.718,5.76,438627.131347,1762099199999
1762099200000,5.759,5.888,4.942,5.136,1670250.700517,1762185599999
1762185600000,5.137,5.324,5.027,5.152,1240736.496592,1762271999999
1762272000000,5.152,5.372,4.736,5.372,2325177.888586,1762358399999
1762358400000,5.372,5.493,5.181,5.199,913285.685529,1762444799999
1762444800000,5.199,5.6,5.106,5.573,1648808.357505,1762531199999
1762531200000,5.573,6.141,5.556,5.989,2207438.141522,1762617599999
1762617600000,5.992,6.656,5.792,6.517,2067296.073649,1762703999999
1762704000000,6.516,7.199,6.503,6.971,2912369.617978,1762790399999
1762790400000,6.967,10.3,6.909,8.987,19507817.738207,1762876799999
1762876800000,8.991,9.188,7.737,7.82,7121106.093555,1762963199999
1762963200000,7.82,8.199,7.475,7.928,5261499.069975,1763049599999
1763049600000,7.926,8.023,6.963,7.275,4342802.066447,1763135999999
1763136000000,7.275,7.554,6.928,7.464,1679613.729528,1763222399999
1763222400000,7.464,7.922,7.198,7.334,2393553.637445,1763308799999
1763308800000,7.334,8.159,6.976,7.775,4632047.662191,1763395199999
1763395200000,7.784,7.79,7.089,7.613,4931951.981185,1763481599999
1763481600000,7.61,7.768,6.864,6.89,2668983.22639,1763567999999
1763568000000,6.885,7.4,6.818,7.055,3954333.554016,1763654399999
1763654400000,7.057,7.068,5.901,6.234,4250627.017425,1763740799999
1763740800000,6.234,6.544,6.016,6.06,1987918.516529,1763827199999
1763827200000,6.063,6.352,5.859,6.247,1430647.235282,1763913599999
1763913600000,6.247,6.426,6.049,6.191,2207373.143503,1763999999999
1764000000000,6.194,6.417,5.883,5.923,1867983.696211,1764086399999
1764086400000,5.925,6.322,5.91,6.043,1223999.117203,1764172799999
1764172800000,6.044,6.431,6.044,6.187,1117674.766868,1764259199999
1764259200000,6.185,6.355,6.051,6.273,821532.391779,1764345599999
1764345600000,6.272,6.272,6.061,6.125,438259.39708,1764431999999
1764432000000,6.126,6.278,5.98,6.131,685908.17969,1764518399999
1764518400000,6.134,6.193,5.438,5.573,1756899.740013,1764604799999
1764604800000,5.574,6.041,5.369,5.98,1272436.173342,1764691199999
1764691200000,5.987,6.177,5.863,6.001,1360305.554152,1764777599999
1764777600000,6.003,6.198,5.936,6.051,994104.984274,1764863999999
1764864000000,6.049,6.073,5.7,5.731,711659.947642,1764950399999
1764950400000,5.731,5.736,5.417,5.53,727511.988016,1765036799999
1765036800000,5.53,5.637,5.319,5.523,664806.152495,1765123199999
1765123200000,5.522,5.77,5.369,5.601,1065117.318138,1765209599999
1765209600000,5.6,5.738,5.426,5.719,609448.411531,1765295999999
1765296000000,5.723,5.973,5.529,5.585,1036851.743496,1765382399999
1765382400000,5.584,5.947,5.293,5.349,1982550.572603,1765468799999
1765468800000,5.349,5.652,5.251,5.29,1102835.004041,1765555199999
1765555200000,5.288,5.506,5.211,5.461,613603.491592,1765641599999
1765641600000,5.465,5.563,5.338,5.378,333140.249258,1765727999999
1765728000000,5.381,5.467,5.064,5.107,1117968.774173,1765814399999
1765814400000,5.107,5.277,4.939,5.25,928349.860754,1765900799999
1765900800000,5.25,5.322,5.019,5.082,932722.466689,1765987199999
1765987200000,5.081,5.431,4.855,5.292,1804545.338029,1766073599999
1766073600000,5.291,5.333,4.863,5.186,1596068.339286,1766159999999
1766160000000,5.193,6.091,5.188,6.053,2060607.042826,1766246399999
1766246400000,6.051,6.5,6.043,6.09,2953656.988734,1766332799999
1766332800000,6.09,6.413,6.032,6.156,1930669.782463,1766419199999
1766419200000,6.156,6.224,5.655,5.739,2283450.666705,1766505599999
1766505600000,5.739,5.866,5.596,5.764,1265282.400603,1766591999999
1766592000000,5.765,5.942,5.749,5.905,657768.72223,1766678399999
1766678400000,5.905,6.083,5.731,5.808,1406776.153451,1766764799999
1766764800000,5.811,6.04,5.768,5.955,670604.915904,1766851199999
1766851200000,5.958,6.567,5.838,6.448,1804312.878038,1766937599999
1766937600000,6.45,6.465,5.989,6.057,2067729.828586,1767023999999
1767024000000,6.054,6.069,5.901,6.007,851396.361908,1767110399999
1767110400000,6.008,6.034,5.816,5.854,818790.281743,1767196799999
1767196800000,5.854,5.867,5.614,5.748,949587.397983,1767283199999
1767283200000,5.748,5.916,5.673,5.864,981492.506161,1767369599999
1767369600000,5.864,6.121,5.744,5.809,1238491.891749,1767455999999
1767456000000,5.813,6.021,5.802,5.945,1316614.643811,1767542399999
1767542400000,5.945,6.042,5.767,5.874,1456702.566846,1767628799999
1767628800000,5.874,6.443,5.722,6.144,3013415.83349,1767715199999
1767715200000,6.143,6.185,5.69,5.748,1400583.531731,1767801599999
1767801600000,5.747,5.817,5.39,5.494,1766942.850349,1767887999999
1767888000000,5.493,5.57,5.349,5.496,1061959.949017,1767974399999
1767974400000,5.497,5.581,5.427,5.506,695104.902199,1768060799999
1768060800000,5.507,5.537,5.444,5.478,323753.207382,1768147199999
1768147200000,5.479,5.607,5.284,5.388,757577.700461,1768233599999
1768233600000,5.388,5.572,5.294,5.569,679657.649623,1768319999999
1768320000000,5.57,5.834,5.541,5.787,1570423.135433,1768406399999
1768406400000,5.788,5.851,5.321,5.403,1417922.723405,1768492799999
1768492800000,5.4,5.436,5.13,5.168,1259694.997042,1768579199999
1768579200000,5.168,5.443,5.157,5.435,549858.12426,1768665599999
1768665600000,5.435,5.438,5.259,5.338,422895.129208,1768751999999
1768752000000,5.339,5.397,4.601,4.977,2291641.75889,1768838399999
1768838400000,4.977,5.049,4.762,4.808,1110301.290127,1768924799999
1768924800000,4.809,4.999,4.693,4.972,967588.100046,1769011199999
1769011200000,4.974,5.066,4.761,4.82,534507.182638,1769097599999
1769097600000,4.818,4.91,4.769,4.894,463047.65096,1769183999999
1769184000000,4.895,4.987,4.82,4.842,353780.654787,1769270399999
1769270400000,4.842,4.896,4.803,4.815,623867.807144,1769356799999
1769356800000,4.817,4.817,4.491,4.688,1835438.702792,1769443199999
1769443200000,4.689,4.753,4.635,4.715,788499.188622,1769529599999
1769529600000,4.712,4.876,4.631,4.815,791581.1454,1769615999999
1769616000000,4.816,4.872,4.412,4.455,966345.367734,1769702399999
1769702400000,4.455,4.504,4.183,4.264,2108635.042047,1769788799999
1769788800000,4.262,4.346,3.894,3.995,1872081.910578,1769875199999
1769875200000,3.995,4.072,3.6,3.831,3109109.997904,1769961599999
1769961600000,3.832,3.998,3.707,3.97,1715713.002606,1770047999999
1770048000000,3.969,3.991,3.837,3.965,990541.38748,1770134399999
1770134400000,3.966,4.027,3.677,3.722,1447766.216203,1770220799999
1770220800000,3.721,3.891,3.315,3.355,3337685.772045,1770307199999
1770307200000,3.356,3.479,2.843,3.45,5265156.462321,1770393599999
1770393600000,3.45,3.633,3.43,3.52,1430585.988551,1770479999999
