open_ms,open,high,low,close,volume,close_ms
1766808000000,155.95,156.04,154.64,154.76,2888.611,1766811599999
1766811600000,154.78,155.88,154.66,155.87,1390.95,1766815199999
1766815200000,155.87,156.14,155.53,155.97,1270.001,1766818799999
1766818800000,155.98,156.79,155.77,156.73,2976.408,1766822399999
1766822400000,156.72,157.03,156.52,156.78,2126.597,1766825999999
1766826000000,156.77,157.2,156.14,157.03,2444.994,1766829599999
1766829600000,157.03,157.19,155.79,156.32,2662.268,1766833199999
1766833200000,156.32,157.11,156.1,156.83,1820.952,1766836799999
1766836800000,156.84,157.18,156.0,156.54,6476.596,1766840399999
1766840400000,156.53,156.57,155.6,155.79,944.818,1766843999999
1766844000000,155.79,156.6,155.51,156.16,2338.014,1766847599999
1766847600000,156.16,156.77,155.96,156.63,2025.052,1766851199999
1766851200000,156.64,156.73,155.5,155.61,2901.52,1766854799999
1766854800000,155.6,155.93,155.5,155.78,774.324,1766858399999
1766858400000,155.78,156.09,155.29,156.01,958.94,1766861999999
1766862000000,156.01,156.54,155.89,156.12,1328.187,1766865599999
1766865600000,156.13,156.53,155.96,156.06,619.299,1766869199999
1766869200000,156.09,156.59,155.96,156.45,604.109,1766872799999
1766872800000,156.45,157.68,156.09,156.21,2289.919,1766876399999
1766876400000,156.2,157.54,156.11,157.12,2022.007,1766879999999
1766880000000,157.12,157.36,156.21,156.36,1710.853,1766883599999
1766883600000,156.37,156.6,155.65,155.77,1046.977,1766887199999
1766887200000,155.77,156.52,155.57,156.05,1266.959,1766890799999
1766890800000,156.06,156.27,155.63,156.15,569.21,1766894399999
1766894400000,156.14,156.18,155.23,155.46,984.669,1766897999999
1766898000000,155.47,155.47,154.45,154.5,2754.708,1766901599999
1766901600000,154.52,155.75,154.06,155.68,3954.875,1766905199999
1766905200000,155.67,155.8,155.05,155.27,2813.629,1766908799999
1766908800000,155.25,155.49,154.73,154.89,1073.152,1766912399999
1766912400000,154.89,155.23,154.47,154.78,1892.681,1766915999999
1766916000000,154.79,156.23,154.74,155.79,2773.055,1766919599999
1766919600000,155.8,155.9,154.83,155.03,2193.268,1766923199999
1766923200000,155.04,155.09,154.32,154.58,608.012,1766926799999
1766926800000,154.58,155.26,154.4,155.09,673.809,1766930399999
1766930400000,155.1,155.93,155.09,155.66,1908.387,1766933999999
1766934000000,155.64,155.92,154.83,154.84,2446.882,1766937599999
1766937600000,154.85,155.37,154.57,154.94,659.527,1766941199999
1766941200000,154.94,155.27,154.37,154.41,1157.637,1766944799999
1766944800000,154.41,154.54,153.17,153.65,2585.154,1766948399999
1766948400000,153.65,154.14,153.14,153.25,1416.18,1766951999999
1766952000000,153.24,153.86,152.84,152.91,1841.918,1766955599999
1766955600000,152.9,153.34,152.64,153.13,3093.318,1766959199999
1766959200000,153.14,154.22,153.05,153.78,1205.928,1766962799999
1766962800000,153.78,153.97,152.7,153.64,1401.431,1766966399999
1766966400000,153.65,155.11,152.88,154.44,1776.552,1766969999999
1766970000000,154.45,155.59,153.4,154.84,2557.152,1766973599999
1766973600000,154.85,156.33,154.85,155.71,4710.532,1766977199999
1766977200000,155.72,157.86,155.51,157.5,5737.249,1766980799999
1766980800000,157.5,159.5,157.08,157.34,16640.921,1766984399999
1766984400000,157.33,157.93,156.73,157.29,5249.909,1766987999999
1766988000000,157.29,157.32,155.73,155.86,3104.262,1766991599999
1766991600000,155.87,156.25,153.58,154.11,11678.56,1766995199999
1766995200000,154.12,154.23,152.07,152.55,16356.296,1766998799999
1766998800000,152.55,152.89,150.72,151.87,16622.509,1767002399999
1767002400000,151.86,152.8,151.71,152.41,2442.658,1767005999999
1767006000000,152.4,152.61,151.88,151.95,2087.15,1767009599999
1767009600000,151.95,152.15,149.88,151.39,8143.406,1767013199999
1767013200000,151.37,151.65,150.16,150.24,1517.64,1767016799999
1767016800000,150.24,152.4,149.84,150.83,4004.021,1767020399999
1767020400000,150.83,151.81,150.48,151.21,2502.76,1767023999999
1767024000000,151.2,151.66,150.42,150.85,1474.957,1767027599999
1767027600000,150.86,151.55,150.24,151.29,2749.718,1767031199999
1767031200000,151.27,151.4,149.42,149.7,2482.504,1767034799999
1767034800000,149.69,150.72,149.3,149.67,1816.324,1767038399999
1767038400000,149.67,149.78,148.47,148.81,5362.909,1767041999999
1767042000000,148.78,149.76,148.72,149.73,3217.592,1767045599999
1767045600000,149.72,150.07,149.38,149.69,1341.815,1767049199999
1767049200000,149.69,150.08,149.2,149.5,1044.096,1767052799999
1767052800000,149.49,150.18,149.3,150.03,729.151,1767056399999
1767056400000,150.04,150.62,149.72,150.46,995.527,1767059999999
1767060000000,150.47,150.76,149.6,149.82,1035.473,1767063599999
1767063600000,149.82,151.32,149.33,151.12,3405.436,1767067199999
1767067200000,151.13,152.13,150.95,151.04,3180.008,1767070799999
1767070800000,151.03,151.28,150.11,150.38,924.646,1767074399999
1767074400000,150.37,150.95,150.15,150.69,841.984,1767077999999
1767078000000,150.67,151.28,150.47,150.98,1073.918,1767081599999
1767081600000,150.99,152.59,150.93,151.01,5369.347,1767085199999
1767085200000,151.0,151.45,150.4,151.34,6681.159,1767088799999
1767088800000,151.33,151.39,150.31,150.39,5976.813,1767092399999
1767092400000,150.39,150.74,149.65,150.02,8109.027,1767095999999
1767096000000,150.03,150.83,150.0,150.5,1768.041,1767099599999
1767099600000,150.5,151.03,150.35,150.81,1273.446,1767103199999
1767103200000,150.8,151.89,149.65,151.45,3466.093,1767106799999
1767106800000,151.43,151.76,150.17,150.92,2990.722,1767110399999
1767110400000,150.93,151.71,150.11,150.78,2050.882,1767113999999
1767114000000,150.77,151.19,150.16,150.63,1470.22,1767117599999
1767117600000,150.62,150.77,149.91,150.26,956.002,1767121199999
1767121200000,150.25,150.53,149.18,150.22,3653.517,1767124799999
1767124800000,150.21,150.37,149.65,149.71,1030.804,1767128399999
1767128400000,149.71,149.96,149.11,149.42,5240.156,1767131999999
1767132000000,149.43,150.11,148.96,149.29,2362.235,1767135599999
1767135600000,149.29,149.64,149.14,149.52,744.541,1767139199999
1767139200000,149.51,149.51,148.79,148.86,2611.947,1767142799999
1767142800000,148.85,149.94,148.77,149.69,1391.988,1767146399999
1767146400000,149.69,150.27,149.45,150.02,2513.631,1767149999999
1767150000000,150.02,150.21,149.12,149.53,1177.711,1767153599999
1767153600000,149.53,149.96,149.23,149.56,1553.835,1767157199999
1767157200000,149.57,150.23,149.57,150.17,614.207,1767160799999
1767160800000,150.18,150.95,150.0,150.51,2511.892,1767164399999
1767164400000,150.52,150.91,150.11,150.17,3695.31,1767167999999
1767168000000,150.15,150.73,149.18,149.48,2574.561,1767171599999
1767171600000,149.48,149.82,149.31,149.66,1193.983,1767175199999
1767175200000,149.66,149.76,149.1,149.27,1256.251,1767178799999
1767178800000,149.27,149.89,149.15,149.66,3498.384,1767182399999
1767182400000,149.66,149.66,148.55,148.72,2097.613,1767185999999
1767186000000,148.74,149.72,148.51,149.51,2158.366,1767189599999
1767189600000,149.5,150.38,147.45,148.93,7933.834,1767193199999
1767193200000,148.93,148.94,146.76,147.42,3709.079,1767196799999
1767196800000,147.44,148.04,144.16,145.95,11364.141,1767200399999
1767200400000,145.95,146.02,144.68,144.98,3754.145,1767203999999
1767204000000,144.99,145.68,144.58,144.68,2002.853,1767207599999
1767207600000,144.7,145.07,144.26,144.35,4541.217,1767211199999
1767211200000,144.36,145.67,143.63,145.48,7763.773,1767214799999
1767214800000,145.5,147.18,145.47,147.04,5998.811,1767218399999
1767218400000,147.04,147.05,145.92,146.06,2257.299,1767221999999
1767222000000,146.05,146.74,145.8,146.02,2685.899,1767225599999
1767225600000,146.02,146.73,146.02,146.5,1848.895,1767229199999
1767229200000,146.5,146.57,145.94,146.16,942.363,1767232799999
1767232800000,146.15,146.29,145.88,145.93,1535.468,1767236399999
1767236400000,145.92,146.43,145.69,146.16,1519.408,1767239999999
1767240000000,146.17,146.25,145.4,145.81,1947.651,1767243599999
1767243600000,145.83,146.7,145.81,146.05,1651.906,1767247199999
1767247200000,146.06,146.64,146.06,146.45,705.135,1767250799999
1767250800000,146.46,146.68,145.97,146.05,1828.429,1767254399999
1767254400000,146.05,146.5,145.74,146.13,1564.85,1767257999999
1767258000000,146.12,146.35,145.92,146.1,2156.689,1767261599999
1767261600000,146.09,146.2,145.87,145.94,584.496,1767265199999
1767265200000,145.94,146.41,145.91,146.35,659.262,1767268799999
1767268800000,146.34,146.35,145.12,145.2,1062.77,1767272399999
1767272400000,145.2,145.8,145.1,145.47,1201.641,1767275999999
1767276000000,145.47,145.92,145.18,145.62,1734.615,1767279599999
1767279600000,145.65,147.0,145.31,146.51,2266.603,1767283199999
1767283200000,146.51,146.97,146.23,146.76,1567.031,1767286799999
1767286800000,146.77,147.97,146.66,147.38,2389.211,1767290399999
1767290400000,147.39,148.02,147.26,147.65,2534.514,1767293999999
1767294000000,147.66,148.71,147.5,148.64,1195.452,1767297599999
1767297600000,148.64,149.05,147.4,147.49,2117.842,1767301199999
1767301200000,147.5,148.15,147.34,148.14,585.194,1767304799999
1767304800000,148.15,149.39,148.15,149.32,2209.994,1767308399999
1767308400000,149.34,149.59,148.71,148.93,2113.14,1767311999999
1767312000000,148.93,149.42,148.5,149.35,2888.897,1767315599999
1767315600000,149.35,149.75,148.39,148.75,1976.839,1767319199999
1767319200000,148.75,149.4,147.89,149.12,2882.269,1767322799999
1767322800000,149.13,151.31,149.01,150.84,3598.233,1767326399999
1767326400000,150.85,151.17,150.13,150.68,1908.375,1767329999999
1767330000000,150.67,150.82,149.62,150.33,2580.985,1767333599999
1767333600000,150.33,151.17,150.31,150.55,1857.357,1767337199999
1767337200000,150.55,150.68,149.29,149.61,2523.136,1767340799999
1767340800000,149.6,150.67,149.56,150.4,3079.569,1767344399999
1767344400000,150.39,153.0,150.24,152.05,5793.696,1767347999999
1767348000000,152.06,153.14,151.78,151.8,4060.869,1767351599999
1767351600000,151.79,151.86,150.2,150.74,6467.005,1767355199999
1767355200000,150.73,152.42,150.44,151.83,3922.781,1767358799999
1767358800000,151.84,152.46,151.55,152.01,1671.738,1767362399999
1767362400000,152.0,154.11,149.94,153.11,10412.221,1767365999999
1767366000000,153.12,155.16,152.43,154.11,9691.52,1767369599999
1767369600000,154.12,157.48,153.05,156.38,12321.083,1767373199999
1767373200000,156.37,157.37,155.44,156.06,6597.77,1767376799999
1767376800000,156.06,156.86,154.84,155.56,4144.367,1767380399999
1767380400000,155.57,156.94,155.37,156.87,1354.734,1767383999999
1767384000000,156.88,162.36,156.66,160.39,29125.561,1767387599999
1767387600000,160.38,165.43,160.36,165.03,15681.78,1767391199999
1767391200000,165.04,166.0,163.82,164.78,13523.271,1767394799999
1767394800000,164.78,165.82,164.61,165.22,8011.756,1767398399999
1767398400000,165.22,165.93,164.76,164.99,5293.384,1767401999999
1767402000000,164.99,166.08,164.77,165.16,8035.611,1767405599999
1767405600000,165.14,165.68,164.03,165.12,5926.676,1767409199999
1767409200000,165.11,166.1,164.99,165.14,4575.207,1767412799999
1767412800000,165.12,165.59,164.7,165.05,3425.829,1767416399999
1767416400000,165.05,166.03,164.79,165.72,2712.101,1767419999999
1767420000000,165.72,168.06,164.27,164.27,9728.012,1767423599999
1767423600000,164.3,164.56,161.07,161.74,12711.895,1767427199999
1767427200000,161.72,162.4,161.18,161.5,3469.924,1767430799999
1767430800000,161.51,162.28,161.01,161.65,2733.244,1767434399999
1767434400000,161.66,161.76,159.87,160.41,10610.003,1767437999999
1767438000000,160.4,160.43,158.25,158.52,6704.485,1767441599999
1767441600000,158.53,159.78,157.86,159.64,6144.742,1767445199999
1767445200000,159.64,160.45,159.51,160.31,2931.934,1767448799999
1767448800000,160.32,160.64,159.83,160.13,4036.213,1767452399999
1767452400000,160.13,160.28,159.45,159.83,1570.359,1767455999999
1767456000000,159.82,161.1,159.7,160.62,1910.838,1767459599999
1767459600000,160.61,160.63,159.83,160.46,773.725,1767463199999
1767463200000,160.46,160.93,159.84,160.53,1011.992,1767466799999
1767466800000,160.54,160.75,160.3,160.57,1162.581,1767470399999
1767470400000,160.57,161.72,159.41,161.24,4355.458,1767473999999
1767474000000,161.23,162.13,161.01,161.48,3317.131,1767477599999
1767477600000,161.49,162.59,161.35,162.37,2021.563,1767481199999
1767481200000,162.37,163.17,162.07,163.14,1948.453,1767484799999
1767484800000,163.14,164.92,162.58,164.42,4369.654,1767488399999
1767488400000,164.42,164.52,163.25,164.22,2493.071,1767491999999
1767492000000,164.21,164.45,163.4,163.79,1560.755,1767495599999
1767495600000,163.78,164.69,163.7,164.38,1123.019,1767499199999
1767499200000,164.38,164.92,163.7,163.81,1189.55,1767502799999
1767502800000,163.81,163.81,162.81,163.21,1650.378,1767506399999
1767506400000,163.22,163.63,161.43,161.62,4370.169,1767509999999
1767510000000,161.62,162.08,161.14,161.57,1227.783,1767513599999
1767513600000,161.58,162.31,160.74,162.09,3031.297,1767517199999
1767517200000,162.1,163.56,161.44,163.02,5219.313,1767520799999
1767520800000,163.03,163.24,162.46,162.95,1412.652,1767524399999
1767524400000,162.94,164.35,162.53,164.15,3060.901,1767527999999
1767528000000,164.16,166.09,163.9,165.0,8897.819,1767531599999
1767531600000,165.0,165.01,163.38,164.73,2833.086,1767535199999
1767535200000,164.73,165.51,164.62,165.51,1866.193,1767538799999
1767538800000,165.52,166.16,163.31,164.61,4603.823,1767542399999
1767542400000,164.6,166.13,164.49,165.68,3337.699,1767545999999
1767546000000,165.68,166.12,164.6,165.13,3366.565,1767549599999
1767549600000,165.15,165.19,163.33,163.55,2682.755,1767553199999
1767553200000,163.54,163.58,161.87,162.59,2621.356,1767556799999
1767556800000,162.6,163.56,162.36,163.49,860.82,1767560399999
1767560400000,163.47,165.33,163.11,164.13,3803.039,1767563999999
1767564000000,164.14,164.64,163.56,164.1,1042.625,1767567599999
1767567600000,164.12,165.04,163.52,164.23,1324.826,1767571199999
1767571200000,164.22,165.88,163.65,165.24,3112.236,1767574799999
1767574800000,165.25,167.88,164.89,166.82,8002.018,1767578399999
1767578400000,166.83,167.68,165.78,166.98,4120.434,1767581999999
1767582000000,167.0,167.04,165.48,165.79,3196.925,1767585599999
1767585600000,165.78,166.01,162.27,163.37,9020.037,1767589199999
1767589200000,163.37,164.17,162.58,162.66,4498.891,1767592799999
1767592800000,162.65,163.75,161.77,163.55,4873.924,1767596399999
1767596400000,163.53,164.8,163.29,164.57,2764.826,1767599999999
1767600000000,164.57,165.52,163.9,164.09,3466.55,1767603599999
1767603600000,164.1,164.29,162.84,163.67,2498.856,1767607199999
1767607200000,163.68,165.76,163.57,165.4,3014.356,1767610799999
1767610800000,165.4,166.63,164.67,166.17,2568.519,1767614399999
1767614400000,166.16,166.55,163.67,165.05,3006.526,1767617999999
1767618000000,165.06,165.47,163.79,165.11,2476.777,1767621599999
1767621600000,165.11,167.41,164.65,166.7,8004.687,1767625199999
1767625200000,166.71,170.07,165.59,169.27,10581.732,1767628799999
1767628800000,169.27,171.06,168.18,170.6,10403.787,1767632399999
1767632400000,170.6,172.18,168.39,171.51,5795.43,1767635999999
1767636000000,171.52,174.48,170.86,174.45,7442.404,1767639599999
1767639600000,174.44,174.73,172.81,173.55,4463.857,1767643199999
1767643200000,173.55,175.22,171.34,171.98,7316.822,1767646799999
1767646800000,172.0,172.48,169.97,171.42,5441.07,1767650399999
1767650400000,171.43,173.39,170.26,172.83,4356.867,1767653999999
1767654000000,172.83,172.98,170.72,170.91,2992.841,1767657599999
1767657600000,170.93,172.57,170.67,172.51,2506.705,1767661199999
1767661200000,172.5,173.9,171.84,172.13,2227.649,1767664799999
1767664800000,172.13,172.97,171.7,172.47,1817.401,1767668399999
1767668400000,172.48,173.61,172.07,173.24,1512.238,1767671999999
1767672000000,173.24,174.01,173.04,173.62,1209.968,1767675599999
1767675600000,173.62,174.45,172.8,172.96,2659.897,1767679199999
1767679200000,172.96,174.67,172.07,173.72,3685.624,1767682799999
1767682800000,173.73,173.83,171.07,171.66,3239.569,1767686399999
1767686400000,171.65,172.96,171.61,172.12,1536.841,1767689999999
1767690000000,172.11,173.75,171.88,173.72,2325.989,1767693599999
1767693600000,173.72,174.76,172.63,174.17,5345.194,1767697199999
1767697200000,174.18,174.87,173.58,174.75,5205.384,1767700799999
1767700800000,174.76,175.68,174.55,174.93,8031.082,1767704399999
1767704400000,174.93,175.02,173.93,174.64,4088.495,1767707999999
1767708000000,174.64,177.09,172.74,173.56,13479.121,1767711599999
1767711600000,173.53,175.51,172.0,172.83,6400.625,1767715199999
1767715200000,172.82,173.27,168.53,170.38,9320.415,1767718799999
1767718800000,170.37,171.76,167.89,168.17,5852.572,1767722399999
1767722400000,168.15,171.31,167.73,170.53,3065.283,1767725999999
1767726000000,170.53,171.19,169.62,169.86,1137.185,1767729599999
1767729600000,169.87,172.33,169.87,171.76,1223.165,1767733199999
1767733200000,171.76,175.3,171.68,174.68,5095.79,1767736799999
1767736800000,174.68,176.0,174.2,174.71,4937.339,1767740399999
1767740400000,174.71,176.83,174.71,176.21,5202.611,1767743999999
1767744000000,176.23,176.25,172.58,172.73,3729.63,1767747599999
1767747600000,172.74,173.63,171.56,171.93,1727.568,1767751199999
1767751200000,171.92,173.77,171.37,173.03,2332.371,1767754799999
1767754800000,173.04,173.72,171.95,172.16,940.644,1767758399999
1767758400000,172.16,172.61,170.98,171.05,913.122,1767761999999
1767762000000,171.06,171.9,170.73,171.11,1226.552,1767765599999
1767765600000,171.12,171.92,171.02,171.77,500.347,1767769199999
1767769200000,171.77,173.49,171.77,173.49,1790.346,1767772799999
1767772800000,173.5,174.67,173.28,173.86,1876.951,1767776399999
1767776400000,173.84,173.84,169.67,169.95,4061.029,1767779999999
1767780000000,169.95,171.18,169.68,170.63,3107.893,1767783599999
1767783600000,170.62,172.58,170.47,172.07,3740.901,1767787199999
1767787200000,172.09,172.09,170.74,171.0,2041.907,1767790799999
1767790800000,171.0,171.76,169.68,169.87,2353.73,1767794399999
1767794400000,169.88,170.08,167.36,169.54,4979.362,1767797999999
1767798000000,169.55,169.68,166.55,167.0,5876.349,1767801599999
1767801600000,166.99,168.13,166.41,167.12,4211.925,1767805199999
1767805200000,167.14,168.62,166.68,167.62,4050.29,1767808799999
1767808800000,167.61,168.61,166.88,167.54,4019.436,1767812399999
1767812400000,167.53,167.88,166.21,167.13,2946.32,1767815999999
1767816000000,167.17,167.35,165.72,166.38,2301.045,1767819599999
1767819600000,166.36,167.15,166.3,166.89,605.239,1767823199999
1767823200000,166.89,168.29,166.26,166.97,1143.261,1767826799999
1767826800000,166.97,168.66,166.11,167.85,2039.83,1767830399999
1767830400000,167.85,168.32,166.82,167.86,1256.584,1767833999999
1767834000000,167.87,168.5,167.62,168.41,1275.441,1767837599999
1767837600000,168.43,169.23,167.34,167.86,1722.417,1767841199999
1767841200000,167.85,168.79,166.19,166.63,1604.726,1767844799999
1767844800000,166.63,167.78,166.37,167.06,1347.109,1767848399999
1767848400000,167.07,168.13,166.55,166.7,1286.963,1767851999999
1767852000000,166.71,166.89,163.41,163.5,6054.788,1767855599999
1767855600000,163.51,165.69,162.34,165.55,6483.323,1767859199999
1767859200000,165.56,166.35,164.4,164.71,2570.855,1767862799999
1767862800000,164.72,165.68,163.74,163.87,1575.886,1767866399999
1767866400000,163.9,165.62,163.01,165.38,4155.593,1767869999999
1767870000000,165.39,165.49,163.77,164.41,11542.995,1767873599999
1767873600000,164.4,164.59,162.54,163.09,4270.09,1767877199999
1767877200000,163.09,163.09,161.83,162.2,10189.587,1767880799999
1767880800000,162.19,163.64,161.16,163.06,8196.23,1767884399999
1767884400000,163.04,166.0,162.3,165.95,4659.294,1767887999999
1767888000000,165.94,166.98,164.45,166.86,4083.65,1767891599999
1767891600000,166.88,167.48,165.64,166.73,3113.88,1767895199999
1767895200000,166.73,166.74,165.11,165.42,4673.108,1767898799999
1767898800000,165.43,165.6,164.05,164.36,4970.59,1767902399999
1767902400000,164.36,164.49,162.77,164.18,2211.761,1767905999999
1767906000000,164.18,165.39,164.03,165.14,5305.475,1767909599999
1767909600000,165.14,166.08,164.25,165.14,2418.995,1767913199999
1767913200000,165.14,165.55,164.31,164.33,945.921,1767916799999
1767916800000,164.34,165.25,164.34,165.01,808.766,1767920399999
1767920400000,165.02,166.6,163.61,165.08,3678.556,1767923999999
1767924000000,165.06,166.67,164.89,165.14,1731.562,1767927599999
1767927600000,165.14,166.49,164.85,166.23,1141.533,1767931199999
1767931200000,166.24,166.49,164.99,165.54,1090.872,1767934799999
1767934800000,165.53,166.38,165.45,166.37,556.454,1767938399999
1767938400000,166.37,166.74,165.76,166.6,934.315,1767941999999
1767942000000,166.61,166.61,165.04,165.04,975.545,1767945599999
1767945600000,165.06,165.27,162.69,163.61,2692.587,1767949199999
1767949200000,163.59,165.18,163.21,164.37,2353.36,1767952799999
1767952800000,164.38,164.95,164.09,164.52,501.155,1767956399999
1767956400000,164.53,165.6,164.35,165.31,1632.989,1767959999999
1767960000000,165.3,165.66,163.82,165.21,3097.84,1767963599999
1767963600000,165.2,167.41,164.91,166.59,6792.429,1767967199999
1767967200000,166.6,166.78,164.48,165.2,3095.691,1767970799999
1767970800000,165.21,169.86,163.97,167.9,7759.285,1767974399999
1767974400000,167.91,170.4,167.82,169.14,5226.483,1767977999999
1767978000000,169.14,169.27,166.4,167.99,3523.708,1767981599999
1767981600000,167.97,168.06,164.39,165.89,2116.27,1767985199999
1767985200000,165.88,165.88,163.76,164.4,1914.044,1767988799999
1767988800000,164.39,165.66,164.22,165.02,1763.326,1767992399999
1767992400000,165.03,166.55,164.45,165.88,2037.705,1767995999999
1767996000000,165.87,166.36,165.24,166.09,778.162,1767999599999
1767999600000,166.08,166.41,165.44,165.7,510.244,1768003199999
1768003200000,165.7,165.7,164.44,164.7,678.468,1768006799999
1768006800000,164.71,165.57,164.63,165.37,667.853,1768010399999
1768010400000,165.37,165.38,164.07,164.58,1136.843,1768013999999
1768014000000,164.59,164.92,163.9,164.71,1339.854,1768017599999
1768017600000,164.75,164.78,163.78,163.97,733.139,1768021199999
1768021200000,163.97,164.56,163.8,163.93,600.715,1768024799999
1768024800000,163.94,164.7,163.42,164.48,1057.357,1768028399999
1768028400000,164.48,165.56,164.41,165.22,896.449,1768031999999
1768032000000,165.22,165.63,164.96,165.61,912.387,1768035599999
1768035600000,165.62,166.12,165.62,165.76,936.63,1768039199999
1768039200000,165.75,166.54,165.34,166.53,618.662,1768042799999
1768042800000,166.52,166.61,166.06,166.55,557.225,1768046399999
1768046400000,166.55,167.28,166.49,167.15,872.914,1768049999999
1768050000000,167.16,167.29,166.49,166.72,1765.836,1768053599999
1768053600000,166.72,166.8,166.06,166.28,852.446,1768057199999
1768057200000,166.29,166.65,165.84,165.92,2798.906,1768060799999
1768060800000,165.92,166.09,165.35,165.56,1154.419,1768064399999
1768064400000,165.57,166.28,165.17,165.25,1029.476,1768067999999
1768068000000,165.25,165.64,164.86,165.11,842.948,1768071599999
1768071600000,165.13,165.76,165.12,165.76,408.367,1768075199999
1768075200000,165.76,165.94,165.56,165.83,260.563,1768078799999
1768078800000,165.81,165.81,164.58,164.64,667.221,1768082399999
1768082400000,164.64,165.02,163.87,163.96,582.034,1768085999999
1768086000000,163.97,165.29,163.97,164.94,328.237,1768089599999
1768089600000,164.93,165.37,164.67,165.28,446.486,1768093199999
1768093200000,165.28,165.82,164.82,165.71,4886.91,1768096799999
1768096800000,165.72,165.99,165.13,165.24,1644.471,1768100399999
1768100400000,165.23,165.67,164.99,165.48,402.234,1768103999999
1768104000000,165.47,165.62,164.96,165.52,342.861,1768107599999
1768107600000,165.52,165.97,165.19,165.89,622.981,1768111199999
1768111200000,165.9,165.96,165.11,165.86,310.63,1768114799999
1768114800000,165.86,166.05,165.67,166.04,403.877,1768118399999
1768118400000,166.03,166.71,165.72,166.47,645.347,1768121999999
1768122000000,166.46,166.84,166.27,166.27,472.421,1768125599999
1768125600000,166.27,166.85,165.72,166.74,1163.822,1768129199999
1768129200000,166.75,167.28,166.64,166.84,741.257,1768132799999
1768132800000,166.86,167.39,166.76,167.09,864.348,1768136399999
1768136400000,167.1,167.36,166.39,166.46,805.3,1768139999999
1768140000000,166.48,168.03,166.46,167.85,942.608,1768143599999
1768143600000,167.86,168.34,166.39,166.91,2312.216,1768147199999
1768147200000,166.92,169.9,166.88,169.08,3409.612,1768150799999
1768150800000,169.08,169.79,168.35,169.65,1191.221,1768154399999
1768154400000,169.68,171.69,169.27,170.02,3857.161,1768157999999
1768158000000,170.04,170.99,168.65,168.83,1932.25,1768161599999
1768161600000,168.82,168.82,166.66,167.23,2450.305,1768165199999
1768165200000,167.22,168.39,166.24,168.06,1745.827,1768168799999
1768168800000,168.06,168.09,166.48,166.61,4411.76,1768172399999
1768172400000,166.59,167.95,165.38,167.95,2279.463,1768175999999
1768176000000,167.95,168.75,165.78,167.64,3629.039,1768179599999
1768179600000,167.66,169.0,166.64,167.34,2138.878,1768183199999
1768183200000,167.35,171.03,166.91,170.4,4154.329,1768186799999
1768186800000,170.41,171.54,169.03,169.11,2370.218,1768190399999
1768190400000,169.13,170.4,168.88,170.16,1236.621,1768193999999
1768194000000,170.15,170.54,169.59,170.1,1447.684,1768197599999
1768197600000,170.11,170.75,168.69,168.91,1549.337,1768201199999
1768201200000,168.91,169.6,166.26,166.47,3508.737,1768204799999
1768204800000,166.46,167.33,164.04,165.16,5072.823,1768208399999
1768208400000,165.17,165.4,164.3,164.52,2382.027,1768211999999
1768212000000,164.56,164.97,163.27,163.53,3302.851,1768215599999
1768215600000,163.53,165.27,163.53,164.6,1897.744,1768219199999
1768219200000,164.6,165.37,164.48,164.79,1579.063,1768222799999
1768222800000,164.79,165.11,163.03,163.19,2391.042,1768226399999
1768226400000,163.21,163.77,160.82,162.56,14245.993,1768229999999
1768230000000,162.55,165.17,161.89,164.81,4921.079,1768233599999
1768233600000,164.8,166.5,163.91,165.79,4701.49,1768237199999
1768237200000,165.79,166.23,162.67,164.16,3517.322,1768240799999
1768240800000,164.19,166.0,164.0,165.86,4020.917,1768244399999
1768244400000,165.84,167.18,165.19,166.73,3312.724,1768247999999
1768248000000,166.73,167.65,165.21,165.55,2229.113,1768251599999
1768251600000,165.53,166.01,163.83,164.49,7982.456,1768255199999
1768255200000,164.48,165.97,164.47,165.68,2184.518,1768258799999
1768258800000,165.67,166.05,164.85,165.0,1342.088,1768262399999
1768262400000,165.0,165.96,164.75,165.68,2225.157,1768265999999
1768266000000,165.68,166.62,164.94,165.47,1351.081,1768269599999
1768269600000,165.47,166.69,165.41,166.46,1519.405,1768273199999
1768273200000,166.47,167.56,165.96,167.26,2387.626,1768276799999
1768276800000,167.28,168.95,167.01,168.91,2922.697,1768280399999
1768280400000,168.91,171.27,168.86,169.32,6511.152,1768283999999
1768284000000,169.32,170.76,169.31,170.56,3030.279,1768287599999
1768287600000,170.57,170.59,169.21,169.31,2491.709,1768291199999
1768291200000,169.3,171.72,169.27,171.65,3206.347,1768294799999
1768294800000,171.65,171.82,169.95,170.54,2971.089,1768298399999
1768298400000,170.55,171.99,169.04,169.4,8676.236,1768301999999
1768302000000,169.41,169.84,169.01,169.58,2334.256,1768305599999
1768305600000,169.59,169.95,169.04,169.83,2474.592,1768309199999
1768309200000,169.82,171.13,169.18,170.35,6420.655,1768312799999
1768312800000,170.34,174.2,169.86,171.02,9674.573,1768316399999
1768316400000,171.0,172.67,169.73,172.56,5301.856,1768319999999
1768320000000,172.57,174.27,171.65,173.23,9124.46,1768323599999
1768323600000,173.22,173.55,172.18,173.36,2563.735,1768327199999
1768327200000,173.35,175.03,173.2,174.52,4139.98,1768330799999
1768330800000,174.53,175.52,174.02,175.04,2738.215,1768334399999
1768334400000,175.05,175.3,173.44,174.07,3707.387,1768337999999
1768338000000,174.08,174.79,173.88,174.18,1799.17,1768341599999
1768341600000,174.2,180.12,174.16,178.18,14134.788,1768345199999
1768345200000,178.19,178.83,176.15,177.74,6585.105,1768348799999
1768348800000,177.74,178.59,177.45,178.08,4181.595,1768352399999
1768352400000,178.09,179.5,177.96,178.79,4192.734,1768355999999
1768356000000,178.8,179.77,177.63,177.78,2756.573,1768359599999
1768359600000,177.77,178.62,177.14,178.62,4552.368,1768363199999
1768363200000,178.61,179.13,177.35,177.4,11986.316,1768366799999
1768366800000,177.39,177.49,176.36,177.39,2169.81,1768370399999
1768370400000,177.39,178.27,176.21,178.23,2332.735,1768373999999
1768374000000,178.24,178.59,176.72,177.11,2145.056,1768377599999
1768377600000,177.11,178.43,176.97,178.05,2195.414,1768381199999
1768381200000,178.04,178.21,177.36,177.51,3018.545,1768384799999
1768384800000,177.51,177.51,175.64,176.02,3821.365,1768388399999
1768388400000,176.01,176.04,174.42,174.66,2828.192,1768391999999
1768392000000,174.65,175.87,174.39,174.84,2076.706,1768395599999
1768395600000,174.84,175.5,174.15,174.58,2892.541,1768399199999
1768399200000,174.56,177.62,174.51,176.75,6418.21,1768402799999
1768402800000,176.75,178.26,175.71,177.46,7096.373,1768406399999
1768406400000,177.47,179.04,177.13,177.87,5724.296,1768409999999
1768410000000,177.86,179.73,177.1,177.26,7038.549,1768413599999
1768413600000,177.25,178.59,175.54,177.47,4783.045,1768417199999
1768417200000,177.48,180.37,177.13,178.51,9173.785,1768420799999
1768420800000,178.51,179.63,177.9,178.59,2965.634,1768424399999
1768424400000,178.58,179.52,177.81,178.63,4061.259,1768427999999
1768428000000,178.62,179.03,177.57,177.68,3031.132,1768431599999
1768431600000,177.68,179.36,177.67,178.46,1454.572,1768435199999
1768435200000,178.45,178.53,176.76,177.32,2524.018,1768438799999
1768438800000,177.34,178.29,175.9,176.42,1806.476,1768442399999
1768442400000,176.42,176.83,175.03,175.61,2156.821,1768445999999
1768446000000,175.61,176.57,171.94,172.78,13049.181,1768449599999
1768449600000,172.77,174.55,172.66,174.38,2922.838,1768453199999
1768453200000,174.36,174.76,173.98,174.38,2137.819,1768456799999
1768456800000,174.38,175.22,173.81,174.19,1074.992,1768460399999
1768460400000,174.18,176.08,173.81,175.68,2227.637,1768463999999
1768464000000,175.68,176.02,174.84,175.76,2031.375,1768467599999
1768467600000,175.76,178.53,175.4,177.01,3427.025,1768471199999
1768471200000,177.03,177.27,173.96,174.41,18573.502,1768474799999
1768474800000,174.42,175.29,174.15,174.7,4291.495,1768478399999
1768478400000,174.68,175.93,174.63,175.86,1169.065,1768481999999
1768482000000,175.87,176.34,175.12,176.01,1783.146,1768485599999
1768485600000,176.01,176.86,173.16,174.25,3265.137,1768489199999
1768489200000,174.23,175.08,170.75,173.78,6100.65,1768492799999
1768492800000,173.78,174.33,172.22,174.05,3067.794,1768496399999
1768496400000,174.05,174.49,172.18,172.44,2432.246,1768499999999
1768500000000,172.43,172.76,169.66,170.34,5351.597,1768503599999
1768503600000,170.33,170.79,169.38,170.54,3063.11,1768507199999
1768507200000,170.53,171.19,169.16,169.74,1783.491,1768510799999
1768510800000,169.7,170.97,169.62,170.12,3991.915,1768514399999
1768514400000,170.12,171.42,170.01,170.85,1160.058,1768517999999
1768518000000,170.85,171.83,170.51,171.75,654.545,1768521599999
1768521600000,171.75,172.65,171.52,171.8,971.664,1768525199999
1768525200000,171.8,172.38,171.29,171.83,758.49,1768528799999
1768528800000,171.84,172.0,170.61,171.87,1126.813,1768532399999
1768532400000,171.88,172.18,170.83,171.03,975.813,1768535999999
1768536000000,171.03,172.66,170.06,170.57,4177.247,1768539599999
1768539600000,170.57,172.56,170.4,171.96,2285.459,1768543199999
1768543200000,171.97,172.45,171.4,172.45,1296.035,1768546799999
1768546800000,172.43,173.27,172.2,172.83,1505.46,1768550399999
1768550400000,172.84,174.23,172.8,173.79,2614.467,1768553999999
1768554000000,173.78,173.98,173.2,173.57,1345.169,1768557599999
1768557600000,173.58,173.61,172.52,172.86,1355.929,1768561199999
1768561200000,172.85,173.14,172.3,172.97,1505.269,1768564799999
1768564800000,172.97,173.29,172.55,172.97,1336.002,1768568399999
1768568400000,172.97,173.28,171.91,172.38,2299.875,1768571999999
1768572000000,172.37,172.98,171.76,171.97,3083.424,1768575599999
1768575600000,171.96,173.0,168.38,169.32,5268.298,1768579199999
1768579200000,169.31,170.9,168.87,170.5,4405.194,1768582799999
1768582800000,170.49,171.78,169.77,171.65,1375.405,1768586399999
1768586400000,171.64,172.05,171.3,171.88,1555.245,1768589999999
1768590000000,171.87,172.45,171.13,172.05,1107.275,1768593599999
1768593600000,172.05,176.26,171.55,176.14,3531.589,1768597199999
1768597200000,176.15,176.49,175.19,175.48,1826.338,1768600799999
1768600800000,175.48,175.79,174.74,175.12,1209.603,1768604399999
1768604400000,175.13,175.8,174.82,175.35,869.698,1768607999999
1768608000000,175.35,176.07,174.85,175.54,1963.741,1768611599999
1768611600000,175.53,176.39,175.4,176.29,1181.778,1768615199999
1768615200000,176.3,177.51,173.88,174.99,16394.675,1768618799999
1768618800000,175.01,175.05,174.28,174.9,514.05,1768622399999
1768622400000,174.89,175.58,174.68,175.42,663.125,1768625999999
1768626000000,175.43,176.0,175.07,175.61,1008.72,1768629599999
1768629600000,175.6,175.6,174.76,174.83,342.188,1768633199999
1768633200000,174.78,174.8,174.12,174.16,1474.117,1768636799999
1768636800000,174.17,175.53,173.71,175.28,3143.939,1768640399999
1768640400000,175.28,175.81,175.01,175.66,1016.273,1768643999999
1768644000000,175.65,175.77,174.72,174.82,751.068,1768647599999
1768647600000,174.82,174.98,174.06,174.74,980.585,1768651199999
1768651200000,174.72,175.6,174.63,175.13,1290.612,1768654799999
1768654800000,175.13,176.06,174.67,175.65,1186.194,1768658399999
1768658400000,175.65,176.39,175.21,176.05,1037.805,1768661999999
1768662000000,176.04,176.54,175.69,176.53,1240.925,1768665599999
1768665600000,176.52,176.69,174.8,175.29,1818.859,1768669199999
1768669200000,175.29,175.76,174.64,175.17,687.268,1768672799999
1768672800000,175.17,175.44,174.66,175.33,369.687,1768676399999
1768676400000,175.33,175.37,174.8,175.09,208.043,1768679999999
1768680000000,175.1,175.52,174.59,174.75,1422.583,1768683599999
1768683600000,174.74,175.01,174.37,174.86,832.226,1768687199999
1768687200000,174.86,174.96,173.4,173.83,1179.915,1768690799999
1768690800000,173.82,174.07,173.57,173.84,559.455,1768694399999
1768694400000,173.84,174.89,173.42,173.8,989.398,1768697999999
1768698000000,173.81,174.15,171.92,172.66,6209.834,1768701599999
1768701600000,172.67,173.48,172.11,172.71,746.985,1768705199999
1768705200000,172.72,174.08,172.11,173.93,8400.672,1768708799999
1768708800000,173.94,173.94,173.14,173.65,688.225,1768712399999
1768712400000,173.66,173.82,173.12,173.46,666.865,1768715999999
1768716000000,173.47,173.8,172.94,173.29,341.84,1768719599999
1768719600000,173.29,173.3,172.43,172.84,331.846,1768723199999
1768723200000,172.83,173.39,172.6,173.09,921.624,1768726799999
1768726800000,173.09,173.68,172.93,173.59,483.132,1768730399999
1768730400000,173.59,173.65,172.89,173.45,1326.777,1768733999999
1768734000000,173.44,173.51,172.99,173.09,536.286,1768737599999
1768737600000,173.08,173.71,172.76,173.14,1099.134,1768741199999
1768741200000,173.15,173.61,172.43,173.06,2341.795,1768744799999
1768744800000,173.05,174.0,172.33,172.49,1856.913,1768748399999
1768748400000,172.47,174.64,172.19,174.56,3292.825,1768751999999
1768752000000,174.53,175.71,174.18,175.39,5859.444,1768755599999
1768755600000,175.43,176.04,174.7,175.84,2465.309,1768759199999
1768759200000,175.84,177.3,175.27,176.66,1923.504,1768762799999
1768762800000,176.68,176.9,174.99,175.31,950.712,1768766399999
1768766400000,175.28,176.11,174.81,175.95,5374.644,1768769999999
1768770000000,175.96,176.25,174.37,174.87,15080.511,1768773599999
1768773600000,174.86,176.0,174.71,175.48,1346.685,1768777199999
1768777200000,175.48,175.48,168.61,168.84,10718.882,1768780799999
1768780800000,168.84,168.84,156.83,163.29,39942.273,1768784399999
1768784400000,163.28,164.62,162.38,163.36,6888.805,1768787999999
1768788000000,163.36,164.22,162.86,163.66,2550.91,1768791599999
1768791600000,163.67,163.96,162.93,163.54,2330.555,1768795199999
1768795200000,163.53,163.73,162.84,163.08,1623.618,1768798799999
1768798800000,163.08,163.58,162.24,162.56,7483.553,1768802399999
1768802400000,162.56,162.56,161.4,161.77,2194.628,1768805999999
1768806000000,161.76,162.66,161.68,162.4,1293.343,1768809599999
1768809600000,162.42,163.78,162.08,163.53,1956.865,1768813199999
1768813200000,163.51,163.99,162.6,163.18,2541.555,1768816799999
1768816800000,163.19,163.23,162.26,163.13,2290.483,1768820399999
1768820400000,163.14,164.56,163.14,163.66,2047.63,1768823999999
1768824000000,163.66,164.18,163.21,163.52,1357.28,1768827599999
1768827600000,163.53,163.58,162.78,162.88,1084.148,1768831199999
1768831200000,162.89,163.52,162.39,162.96,1185.97,1768834799999
1768834800000,162.95,163.4,162.17,162.58,1908.115,1768838399999
1768838400000,162.58,164.94,162.43,164.79,2134.286,1768841999999
1768842000000,164.79,164.92,163.86,164.02,1222.818,1768845599999
1768845600000,164.02,164.41,163.65,164.17,3594.293,1768849199999
1768849200000,164.18,165.75,164.18,165.4,1502.032,1768852799999
1768852800000,165.42,166.19,165.42,165.68,1322.486,1768856399999
1768856400000,165.68,166.06,164.59,164.67,1298.564,1768859999999
1768860000000,164.64,164.79,162.96,163.03,2566.177,1768863599999
1768863600000,163.02,164.61,162.82,163.96,1585.07,1768867199999
1768867200000,163.93,164.29,163.16,163.54,1599.66,1768870799999
1768870800000,163.53,164.52,163.07,163.8,664.923,1768874399999
1768874400000,163.8,164.25,162.94,163.85,3916.966,1768877999999
1768878000000,163.86,164.28,163.41,164.03,797.188,1768881599999
1768881600000,164.03,164.24,162.98,163.04,3103.258,1768885199999
1768885200000,163.05,163.6,162.12,163.22,3352.736,1768888799999
1768888800000,163.21,163.32,161.03,161.25,3260.618,1768892399999
1768892400000,161.24,161.98,160.79,160.86,3630.648,1768895999999
1768896000000,160.85,161.31,158.9,159.88,7332.518,1768899599999
1768899600000,159.86,159.91,158.91,159.17,1992.446,1768903199999
1768903200000,159.18,159.96,159.08,159.62,1604.422,1768906799999
1768906800000,159.61,160.31,159.52,159.55,1740.642,1768910399999
1768910400000,159.56,160.2,159.41,159.71,980.844,1768913999999
1768914000000,159.7,159.77,157.12,157.16,3537.053,1768917599999
1768917600000,157.17,159.3,156.8,157.68,5429.306,1768921199999
1768921200000,157.68,157.8,155.43,157.1,6621.866,1768924799999
1768924800000,157.08,157.35,154.25,155.3,9945.433,1768928399999
1768928400000,155.27,156.57,153.72,154.44,5372.822,1768931999999
1768932000000,154.46,155.34,153.79,154.23,2288.245,1768935599999
1768935600000,154.25,155.15,153.99,154.96,2294.551,1768939199999
1768939200000,154.95,155.85,154.36,155.48,1342.352,1768942799999
1768942800000,155.5,155.66,154.22,154.39,751.885,1768946399999
1768946400000,154.38,154.96,151.72,153.82,5438.73,1768949999999
1768950000000,153.85,153.93,153.0,153.29,3977.849,1768953599999
1768953600000,153.3,155.46,153.08,155.37,3954.287,1768957199999
1768957200000,155.38,155.96,155.14,155.4,2359.062,1768960799999
1768960800000,155.41,156.42,155.15,155.81,1314.611,1768964399999
1768964400000,155.82,156.81,155.78,156.3,1861.007,1768967999999
1768968000000,156.29,157.35,155.94,156.82,1231.415,1768971599999
1768971600000,156.82,158.12,156.82,157.91,2635.817,1768975199999
1768975200000,157.9,158.25,157.23,157.44,1846.048,1768978799999
1768978800000,157.43,157.6,156.47,157.02,1142.849,1768982399999
1768982400000,157.01,158.0,155.81,156.57,2877.413,1768985999999
1768986000000,156.56,157.24,156.24,156.63,2536.855,1768989599999
1768989600000,156.65,157.31,156.48,156.87,3065.914,1768993199999
1768993200000,156.86,158.09,156.08,156.25,9049.031,1768996799999
1768996800000,156.25,156.52,153.83,155.23,11964.013,1769000399999
1769000400000,155.22,155.98,153.96,154.41,5492.891,1769003999999
1769004000000,154.4,159.28,154.27,158.71,10442.716,1769007599999
1769007600000,158.7,160.47,157.8,159.22,6942.424,1769011199999
1769011200000,159.22,159.33,152.87,153.01,7523.177,1769014799999
1769014800000,153.03,154.97,151.88,153.85,6097.773,1769018399999
1769018400000,153.84,156.03,153.19,155.39,2703.878,1769021999999
1769022000000,155.4,162.2,154.62,162.09,10255.846,1769025599999
1769025600000,162.08,162.17,159.34,161.82,4770.401,1769029199999
1769029200000,161.81,163.04,161.25,162.68,2524.924,1769032799999
1769032800000,162.69,163.55,161.3,161.47,2558.006,1769036399999
1769036400000,161.47,161.67,158.93,159.46,2923.223,1769039999999
1769040000000,159.47,161.5,159.47,160.92,1947.849,1769043599999
1769043600000,160.93,161.9,160.61,161.51,3136.226,1769047199999
1769047200000,161.5,161.73,160.4,160.58,1842.724,1769050799999
1769050800000,160.59,161.39,159.41,159.96,952.025,1769054399999
1769054400000,159.95,160.97,159.89,160.76,1295.86,1769057999999
1769058000000,160.78,160.89,160.13,160.38,530.819,1769061599999
1769061600000,160.43,160.77,159.66,160.52,777.865,1769065199999
1769065200000,160.52,160.61,159.24,159.33,1385.502,1769068799999
1769068800000,159.34,159.92,158.75,159.8,1532.453,1769072399999
1769072400000,159.8,160.69,159.54,160.32,622.007,1769075999999
1769076000000,160.33,160.47,159.66,160.02,932.427,1769079599999
1769079600000,160.01,160.09,159.09,159.12,1093.319,1769083199999
1769083200000,159.11,159.24,158.49,158.65,1541.099,1769086799999
1769086800000,158.65,160.04,157.66,158.12,4299.598,1769090399999
1769090400000,158.11,158.74,156.78,156.98,3487.711,1769093999999
1769094000000,156.99,157.77,155.11,156.44,4516.406,1769097599999
1769097600000,156.44,158.16,156.2,157.6,3367.783,1769101199999
1769101200000,157.6,158.53,156.91,158.38,1999.46,1769104799999
1769104800000,158.37,158.6,156.84,156.9,1347.581,1769108399999
1769108400000,156.91,158.47,156.46,157.99,1334.457,1769111999999
1769112000000,157.98,158.15,156.38,156.81,951.216,1769115599999
1769115600000,156.82,157.38,156.5,156.78,694.082,1769119199999
1769119200000,156.79,157.44,156.53,156.87,804.683,1769122799999
1769122800000,156.85,157.51,156.17,157.28,583.236,1769126399999
1769126400000,157.29,157.61,156.91,157.4,512.902,1769129999999
1769130000000,157.41,158.63,157.41,158.62,661.087,1769133599999
1769133600000,158.61,158.74,157.95,157.95,580.853,1769137199999
1769137200000,157.94,158.94,157.88,158.6,572.44,1769140799999
1769140800000,158.62,159.7,158.47,159.49,784.265,1769144399999
1769144400000,159.48,159.62,158.48,158.93,527.309,1769147999999
1769148000000,158.94,159.43,157.57,157.61,1689.914,1769151599999
1769151600000,157.61,158.58,157.47,158.42,2691.481,1769155199999
1769155200000,158.42,158.66,156.9,157.03,4277.911,1769158799999
1769158800000,157.02,157.68,156.35,156.88,5511.044,1769162399999
1769162400000,156.89,157.63,156.55,157.16,3064.549,1769165999999
1769166000000,157.16,158.42,157.12,158.12,1521.722,1769169599999
1769169600000,158.11,158.38,157.7,157.71,3038.747,1769173199999
1769173200000,157.69,158.1,157.38,157.54,798.614,1769176799999
1769176800000,157.54,157.99,154.82,156.07,4890.943,1769180399999
1769180400000,156.08,158.58,155.01,158.29,2529.447,1769183999999
1769184000000,158.31,160.08,157.48,158.91,3253.064,1769187599999
1769187600000,158.91,161.4,158.02,159.48,4165.619,1769191199999
1769191200000,159.48,160.46,159.09,159.53,2451.206,1769194799999
1769194800000,159.52,159.52,157.05,157.46,4041.356,1769198399999
1769198400000,157.46,157.74,155.51,156.24,3502.942,1769201999999
1769202000000,156.23,157.13,156.11,156.57,2097.07,1769205599999
1769205600000,156.56,157.83,156.52,157.62,898.588,1769209199999
1769209200000,157.61,157.61,156.82,157.08,474.169,1769212799999
1769212800000,157.08,157.61,156.79,156.79,473.341,1769216399999
1769216400000,156.79,157.34,156.71,157.02,272.259,1769219999999
1769220000000,157.03,157.32,156.93,157.0,1009.776,1769223599999
1769223600000,157.01,157.56,156.87,157.29,1564.88,1769227199999
1769227200000,157.3,157.47,157.01,157.37,305.027,1769230799999
1769230800000,157.38,157.47,157.13,157.37,423.354,1769234399999
1769234400000,157.38,158.0,157.34,157.8,315.525,1769237999999
1769238000000,157.81,158.14,157.67,157.7,664.615,1769241599999
1769241600000,157.69,157.74,157.28,157.57,560.32,1769245199999
1769245200000,157.56,157.56,156.64,156.65,895.919,1769248799999
1769248800000,156.65,156.65,155.95,156.17,1048.007,1769252399999
1769252400000,156.16,156.34,155.82,155.94,834.152,1769255999999
1769256000000,155.93,156.34,155.84,156.18,658.329,1769259599999
1769259600000,156.2,156.55,155.81,155.85,1515.103,1769263199999
1769263200000,155.85,156.62,155.61,156.5,685.871,1769266799999
1769266800000,156.51,156.84,155.51,155.69,663.028,1769270399999
1769270400000,155.68,156.42,155.34,156.11,1096.122,1769273999999
1769274000000,156.11,156.47,155.98,156.47,496.716,1769277599999
1769277600000,156.48,156.58,156.05,156.05,567.349,1769281199999
1769281200000,156.06,156.1,155.71,155.76,287.164,1769284799999
1769284800000,155.76,156.25,155.75,156.2,215.447,1769288399999
1769288400000,156.19,156.45,155.96,156.25,785.742,1769291999999
1769292000000,156.26,156.86,156.07,156.77,291.908,1769295599999
1769295600000,156.77,156.92,156.12,156.22,457.611,1769299199999
1769299200000,156.22,156.69,156.1,156.56,752.688,1769302799999
1769302800000,156.57,156.8,156.04,156.26,646.759,1769306399999
1769306400000,156.25,156.52,155.79,155.97,419.353,1769309999999
1769310000000,155.97,156.03,154.69,154.97,1613.946,1769313599999
1769313600000,154.96,155.4,154.71,154.89,486.545,1769317199999
1769317200000,154.89,155.55,154.88,155.49,430.767,1769320799999
1769320800000,155.48,155.67,154.96,155.2,614.166,1769324399999
1769324400000,155.19,155.25,154.57,155.16,692.236,1769327999999
1769328000000,155.17,155.54,154.25,154.44,1404.983,1769331599999
1769331600000,154.46,155.56,154.29,155.05,1293.777,1769335199999
1769335200000,155.04,155.69,155.0,155.15,717.599,1769338799999
1769338800000,155.14,155.61,154.55,154.72,377.006,1769342399999
1769342400000,154.71,154.87,154.24,154.8,882.371,1769345999999
1769346000000,154.78,155.09,154.56,154.94,796.731,1769349599999
1769349600000,154.93,154.96,153.32,153.86,1639.412,1769353199999
1769353200000,153.84,154.5,152.95,153.36,2426.821,1769356799999
1769356800000,153.35,153.35,149.84,151.04,18118.389,1769360399999
1769360400000,151.05,151.3,149.46,150.0,7020.97,1769363999999
1769364000000,149.99,150.32,147.7,148.53,4894.886,1769367599999
1769367600000,148.54,148.92,145.52,146.22,8121.952,1769371199999
1769371200000,146.21,147.42,145.58,146.65,10151.689,1769374799999
1769374800000,146.64,148.03,146.62,147.49,3477.07,1769378399999
1769378400000,147.49,147.59,145.81,146.47,1529.635,1769381999999
1769382000000,146.48,148.12,146.0,147.96,3327.91,1769385599999
1769385600000,147.95,149.48,147.61,149.25,3040.93,1769389199999
1769389200000,149.26,152.22,149.26,151.58,4099.028,1769392799999
1769392800000,151.59,151.72,150.36,150.84,1717.576,1769396399999
1769396400000,150.83,151.37,149.57,149.96,1357.477,1769399999999
1769400000000,149.97,151.86,149.97,150.97,1250.389,1769403599999
1769403600000,150.98,151.11,150.57,150.79,836.931,1769407199999
1769407200000,150.81,152.2,150.58,152.05,1494.637,1769410799999
1769410800000,152.04,152.63,151.59,152.34,2187.037,1769414399999
1769414400000,152.35,153.57,151.83,152.12,3952.621,1769417999999
1769418000000,152.13,152.19,150.85,151.07,1937.233,1769421599999
1769421600000,151.08,151.93,150.99,151.61,1130.198,1769425199999
1769425200000,151.62,152.16,151.37,151.63,798.294,1769428799999
1769428800000,151.65,152.54,151.65,152.3,1951.318,1769432399999
1769432400000,152.32,152.85,152.06,152.64,1291.25,1769435999999
1769436000000,152.64,154.15,151.18,153.75,6589.686,1769439599999
1769439600000,153.74,154.89,151.81,152.66,4764.387,1769443199999
1769443200000,152.66,154.18,152.14,153.39,2947.163,1769446799999
1769446800000,153.37,153.76,151.68,153.28,5581.423,1769450399999
1769450400000,153.27,154.73,153.06,154.32,3347.361,1769453999999
1769454000000,154.33,154.8,153.42,153.59,1913.975,1769457599999
1769457600000,153.6,153.97,152.52,152.92,2800.951,1769461199999
1769461200000,152.92,155.25,152.6,154.52,3154.274,1769464799999
1769464800000,154.53,154.92,154.15,154.24,1193.699,1769468399999
1769468400000,154.23,155.07,153.78,154.21,1075.713,1769471999999
1769472000000,154.22,154.6,153.84,154.34,1286.099,1769475599999
1769475600000,154.33,154.9,153.5,154.4,3612.162,1769479199999
1769479200000,154.4,154.92,154.19,154.72,1268.591,1769482799999
1769482800000,154.71,154.94,154.22,154.43,1310.456,1769486399999
1769486400000,154.42,155.36,154.3,154.88,831.169,1769489999999
1769490000000,154.9,154.98,154.29,154.58,572.398,1769493599999
1769493600000,154.59,154.76,153.65,153.76,640.595,1769497199999
1769497200000,153.76,154.41,153.76,154.04,1431.526,1769500799999
1769500800000,154.01,155.04,154.01,154.81,4709.254,1769504399999
1769504400000,154.81,154.81,153.2,153.24,2945.385,1769507999999
1769508000000,153.24,153.69,153.13,153.44,596.39,1769511599999
1769511600000,153.46,154.09,153.21,153.74,593.475,1769515199999
1769515200000,153.74,154.27,153.67,154.16,2457.481,1769518799999
1769518800000,154.17,154.95,153.73,154.11,5118.498,1769522399999
1769522400000,154.11,156.57,153.23,153.83,24015.232,1769525999999
1769526000000,153.84,155.43,153.38,154.81,4570.293,1769529599999
1769529600000,154.81,157.9,154.78,157.68,7191.309,1769533199999
1769533200000,157.69,157.86,152.91,153.8,8013.309,1769536799999
1769536800000,153.8,156.44,153.47,155.89,3176.331,1769540399999
1769540400000,155.9,156.69,155.13,156.24,1448.774,1769543999999
1769544000000,156.24,159.33,156.21,159.13,5931.743,1769547599999
1769547600000,159.13,159.34,157.68,158.14,2470.667,1769551199999
1769551200000,158.16,159.51,158.16,159.1,1934.205,1769554799999
1769554800000,159.12,159.86,158.65,159.01,3156.864,1769558399999
1769558400000,159.02,159.49,157.83,158.7,1788.143,1769561999999
1769562000000,158.71,158.86,157.46,157.88,1200.436,1769565599999
1769565600000,157.87,159.97,157.56,159.43,10264.896,1769569199999
1769569200000,159.42,159.54,158.26,158.43,2664.295,1769572799999
1769572800000,158.42,158.74,157.6,157.92,1658.882,1769576399999
1769576400000,157.93,158.29,156.4,156.85,16388.875,1769579999999
1769580000000,156.85,158.04,156.85,157.95,1930.61,1769583599999
1769583600000,157.96,159.19,157.5,158.28,5122.466,1769587199999
1769587200000,158.27,159.01,157.99,158.2,3780.908,1769590799999
1769590800000,158.2,160.2,157.98,160.08,3011.48,1769594399999
1769594400000,160.1,160.69,159.72,160.36,2100.912,1769597999999
1769598000000,160.36,162.96,160.26,162.9,5784.52,1769601599999
1769601600000,162.9,163.94,161.57,162.04,5526.365,1769605199999
1769605200000,162.05,163.77,161.65,163.22,6248.94,1769608799999
1769608800000,163.23,163.55,161.46,161.85,5031.98,1769612399999
1769612400000,161.84,162.49,159.9,160.47,2786.873,1769615999999
1769616000000,160.48,160.81,159.2,159.66,1648.282,1769619599999
1769619600000,159.66,161.8,158.83,160.92,3283.217,1769623199999
1769623200000,160.92,160.92,159.57,160.19,1815.198,1769626799999
1769626800000,160.18,160.92,159.34,160.08,3102.485,1769630399999
1769630400000,160.07,161.39,159.45,159.8,3009.81,1769633999999
1769634000000,159.8,160.62,158.52,160.28,3179.537,1769637599999
1769637600000,160.29,161.06,159.52,161.06,1726.397,1769641199999
1769641200000,161.07,161.49,160.01,160.2,1507.056,1769644799999
1769644800000,160.2,160.35,158.95,159.83,1430.546,1769648399999
1769648400000,159.83,160.06,158.56,159.32,1314.223,1769651999999
1769652000000,159.32,159.73,157.05,157.51,4120.879,1769655599999
1769655600000,157.51,158.45,156.65,156.86,2103.037,1769659199999
1769659200000,156.85,157.14,155.75,156.88,2255.813,1769662799999
1769662800000,156.91,157.38,156.18,156.29,2160.355,1769666399999
1769666400000,156.29,157.15,156.23,156.81,1094.102,1769669999999
1769670000000,156.81,157.2,156.63,156.74,1312.454,1769673599999
1769673600000,156.78,157.32,156.01,156.65,2198.308,1769677199999
1769677200000,156.64,156.7,155.27,155.29,3285.236,1769680799999
1769680800000,155.29,155.35,154.52,154.53,5180.372,1769684399999
1769684400000,154.52,154.96,153.65,153.96,4441.289,1769687999999
1769688000000,153.96,154.21,153.19,153.64,3216.088,1769691599999
1769691600000,153.64,154.6,153.64,154.53,1994.021,1769695199999
1769695200000,154.53,155.17,150.25,150.28,7722.954,1769698799999
1769698800000,150.29,150.33,145.29,147.31,26417.875,1769702399999
1769702400000,147.29,147.68,145.58,147.5,9090.232,1769705999999
1769706000000,147.49,149.49,146.41,146.58,8131.581,1769709599999
1769709600000,146.58,147.36,143.25,143.55,11096.921,1769713199999
1769713200000,143.53,145.59,143.13,145.23,7515.708,1769716799999
1769716800000,145.24,147.05,144.94,146.79,2799.503,1769720399999
1769720400000,146.8,148.05,146.66,147.15,4543.896,1769723999999
1769724000000,147.16,147.7,146.52,146.85,1581.511,1769727599999
1769727600000,146.87,147.33,146.41,147.26,2284.877,1769731199999
1769731200000,147.26,147.8,146.19,146.68,3265.83,1769734799999
1769734800000,146.68,147.0,139.81,144.14,20126.821,1769738399999
1769738400000,144.15,144.16,140.63,142.36,9272.575,1769741999999
1769742000000,142.37,143.26,142.05,142.64,2948.08,1769745599999
1769745600000,142.64,144.5,142.64,143.63,4241.092,1769749199999
1769749200000,143.64,144.02,143.09,143.3,2939.794,1769752799999
1769752800000,143.3,143.35,139.86,140.7,11108.364,1769756399999
1769756400000,140.69,142.8,140.67,142.0,4823.061,1769759999999
1769760000000,142.0,142.19,140.41,140.89,7580.422,1769763599999
1769763600000,140.9,141.36,139.99,140.7,4239.074,1769767199999
1769767200000,140.69,142.27,140.4,141.33,3838.794,1769770799999
1769770800000,141.34,143.58,141.05,142.93,3949.933,1769774399999
1769774400000,142.92,143.09,141.08,141.51,3369.637,1769777999999
1769778000000,141.51,141.9,139.58,140.56,6167.155,1769781599999
1769781600000,140.56,142.23,140.09,140.54,9595.746,1769785199999
1769785200000,140.55,141.31,138.64,139.79,11882.919,1769788799999
1769788800000,139.78,140.97,138.46,139.89,5892.438,1769792399999
1769792400000,139.9,140.43,138.5,138.76,4174.652,1769795999999
1769796000000,138.75,141.28,135.44,140.59,17470.875,1769799599999
1769799600000,140.61,141.95,140.26,140.32,8222.165,1769803199999
1769803200000,140.33,140.36,137.5,138.08,7277.603,1769806799999
1769806800000,138.09,139.78,137.92,139.01,4938.578,1769810399999
1769810400000,139.02,139.58,138.13,138.58,3012.971,1769813999999
1769814000000,138.58,138.7,137.33,138.01,2465.952,1769817599999
1769817600000,138.02,138.29,137.5,137.61,2708.399,1769821199999
1769821200000,137.61,138.21,137.17,137.91,2682.487,1769824799999
1769824800000,137.91,138.61,137.18,137.91,1801.553,1769828399999
1769828400000,137.9,138.4,137.63,137.85,1504.236,1769831999999
1769832000000,137.84,138.54,137.83,137.85,1309.761,1769835599999
1769835600000,137.86,138.25,137.22,137.99,2176.308,1769839199999
1769839200000,138.0,138.23,136.69,137.05,1933.286,1769842799999
1769842800000,137.06,137.13,135.5,136.32,2562.666,1769846399999
1769846400000,136.33,136.8,132.94,134.22,12010.022,1769849999999
1769850000000,134.23,135.24,133.85,134.24,2954.124,1769853599999
1769853600000,134.25,135.52,133.78,135.42,1391.865,1769857199999
1769857200000,135.43,135.43,134.29,134.58,1550.297,1769860799999
1769860800000,134.56,134.65,133.65,133.94,2645.84,1769864399999
1769864400000,133.95,134.01,132.9,133.36,3933.225,1769867999999
1769868000000,133.36,133.81,127.96,133.04,68019.202,1769871599999
1769871600000,133.03,133.39,131.73,132.22,20048.316,1769875199999
1769875200000,132.21,132.87,128.65,129.23,18967.946,1769878799999
1769878800000,129.21,129.55,123.29,124.04,66169.241,1769882399999
1769882400000,124.05,124.71,115.66,122.56,72160.649,1769885999999
1769886000000,122.57,125.23,122.47,123.44,21515.843,1769889599999
1769889600000,123.44,124.9,122.55,124.12,11468.667,1769893199999
1769893200000,124.11,126.87,123.66,126.62,13272.426,1769896799999
1769896800000,126.63,127.89,125.68,127.45,10191.391,1769900399999
1769900400000,127.46,129.75,127.18,129.05,12246.08,1769903999999
1769904000000,129.05,130.41,128.9,129.97,10214.486,1769907599999
1769907600000,129.97,130.05,128.45,129.62,2417.131,1769911199999
1769911200000,129.63,130.42,129.08,129.3,2438.773,1769914799999
1769914800000,129.3,129.43,128.73,129.05,2769.301,1769918399999
1769918400000,129.06,129.81,129.04,129.1,3137.779,1769921999999
1769922000000,129.11,129.26,127.74,127.77,3452.903,1769925599999
1769925600000,127.77,128.54,127.09,127.22,2823.608,1769929199999
1769929200000,127.21,128.61,126.62,127.35,6541.155,1769932799999
1769932800000,127.35,128.12,126.77,127.22,7121.021,1769936399999
1769936400000,127.22,128.26,126.68,127.97,5039.847,1769939999999
1769940000000,127.97,128.07,125.44,125.51,4413.496,1769943599999
1769943600000,125.52,127.66,125.52,127.14,4071.936,1769947199999
1769947200000,127.15,127.27,125.84,126.31,15720.184,1769950799999
1769950800000,126.32,127.31,125.18,125.57,9492.602,1769954399999
1769954400000,125.56,126.72,123.68,125.82,9411.745,1769957999999
1769958000000,125.81,125.82,122.39,124.02,13361.308,1769961599999
1769961600000,124.03,125.56,122.98,124.58,11969.334,1769965199999
1769965200000,124.58,125.06,123.29,124.42,4480.583,1769968799999
1769968800000,124.43,126.92,124.29,126.0,7175.26,1769972399999
1769972400000,125.98,126.33,124.02,124.73,3419.859,1769975999999
1769976000000,124.72,126.5,123.82,124.94,5489.451,1769979599999
1769979600000,124.92,125.36,123.75,124.3,3907.198,1769983199999
1769983200000,124.33,126.57,124.3,125.45,4173.87,1769986799999
1769986800000,125.44,126.12,121.49,124.23,15552.142,1769990399999
1769990400000,124.24,127.09,123.37,126.17,9591.405,1769993999999
1769994000000,126.16,127.46,124.05,126.33,5245.41,1769997599999
1769997600000,126.33,126.84,125.09,125.23,3764.563,1770001199999
1770001200000,125.25,125.53,120.4,125.07,16337.417,1770004799999
1770004800000,125.08,126.78,123.16,125.3,8385.405,1770008399999
1770008400000,125.28,125.3,121.76,122.8,7615.833,1770011999999
1770012000000,122.8,125.69,120.57,124.35,15663.158,1770015599999
1770015600000,124.34,126.03,124.15,124.9,8044.792,1770019199999
1770019200000,124.89,125.9,124.81,125.37,3212.877,1770022799999
1770022800000,125.38,127.35,125.0,126.53,11429.337,1770026399999
1770026400000,126.54,127.25,126.32,126.76,5870.549,1770029999999
1770030000000,126.76,127.99,126.66,127.12,7691.075,1770033599999
1770033600000,127.13,128.47,127.13,128.0,4704.916,1770037199999
1770037200000,127.99,129.26,127.65,128.89,4789.384,1770040799999
1770040800000,128.89,130.4,127.63,128.53,9719.069,1770044399999
1770044400000,128.51,131.03,128.02,129.67,9439.768,1770047999999
1770048000000,129.68,130.33,128.9,129.12,2900.821,1770051599999
1770051600000,129.14,129.87,128.12,128.54,3869.789,1770055199999
1770055200000,128.55,129.08,127.79,128.42,2341.073,1770058799999
1770058800000,128.41,128.55,127.78,127.91,1467.656,1770062399999
1770062400000,127.91,128.36,126.66,127.25,3216.934,1770065999999
1770066000000,127.24,128.34,127.19,128.18,1544.592,1770069599999
1770069600000,128.18,128.93,127.99,128.69,1972.617,1770073199999
1770073200000,128.68,128.96,128.31,128.38,1982.449,1770076799999
1770076800000,128.38,128.66,127.27,128.07,2326.923,1770080399999
1770080400000,128.06,128.21,127.15,128.0,2315.883,1770083999999
1770084000000,128.01,128.02,125.94,126.03,3008.732,1770087599999
1770087600000,126.02,128.14,125.65,128.06,4281.861,1770091199999
1770091200000,128.05,129.01,127.52,128.78,2820.404,1770094799999
1770094800000,128.8,128.82,127.35,127.45,2140.001,1770098399999
1770098400000,127.45,128.23,126.72,128.01,3167.187,1770101999999
1770102000000,128.0,128.8,127.64,128.44,2934.428,1770105599999
1770105600000,128.44,129.15,127.9,128.18,1951.074,1770109199999
1770109200000,128.16,128.53,126.08,126.73,6101.646,1770112799999
1770112800000,126.74,127.15,125.72,126.34,2455.503,1770116399999
1770116400000,126.34,127.0,126.2,126.67,3532.054,1770119999999
1770120000000,126.67,128.19,126.38,127.92,2579.583,1770123599999
1770123600000,127.91,128.36,127.54,128.11,1508.255,1770127199999
1770127200000,128.09,128.6,125.62,125.8,5082.727,1770130799999
1770130800000,125.79,129.41,125.67,129.0,11886.664,1770134399999
1770134400000,129.0,129.06,125.62,125.98,10472.982,1770137999999
1770138000000,125.98,126.25,123.08,123.13,10661.276,1770141599999
1770141600000,123.14,123.8,121.06,121.22,14787.749,1770145199999
1770145200000,121.21,128.33,120.89,127.42,18074.205,1770148799999
1770148800000,127.42,131.04,125.41,129.04,19156.896,1770152399999
1770152400000,129.05,130.46,127.04,127.19,5870.387,1770155999999
1770156000000,127.19,127.25,124.95,125.33,3982.486,1770159599999
1770159600000,125.32,125.8,124.22,125.29,4337.242,1770163199999
1770163200000,125.29,126.36,124.54,125.73,1856.342,1770166799999
1770166800000,125.74,127.97,125.74,127.37,2356.38,1770170399999
1770170400000,127.36,127.76,126.19,126.62,1749.687,1770173999999
1770174000000,126.63,128.65,126.45,128.03,3303.778,1770177599999
1770177600000,128.03,128.31,127.56,127.78,1113.496,1770181199999
1770181200000,127.77,128.08,126.71,127.18,1466.945,1770184799999
1770184800000,127.18,128.04,126.88,127.7,1467.219,1770188399999
1770188400000,127.69,128.4,127.06,127.92,2679.126,1770191999999
1770192000000,127.91,128.8,127.4,128.53,3059.592,1770195599999
1770195600000,128.55,128.63,126.52,126.88,9420.139,1770199199999
1770199200000,126.89,127.35,126.67,126.97,3898.542,1770202799999
1770202800000,126.98,127.42,125.44,126.9,4144.72,1770206399999
1770206400000,126.91,127.07,125.99,126.61,2084.338,1770209999999
1770210000000,126.61,126.76,124.56,124.62,3911.852,1770213599999
1770213600000,124.61,125.85,123.5,123.58,6401.773,1770217199999
1770217200000,123.57,124.91,121.06,122.64,11591.681,1770220799999
1770220800000,122.65,123.31,120.39,122.04,17055.658,1770224399999
1770224400000,122.04,122.79,119.88,121.63,14132.493,1770227999999
1770228000000,121.64,124.09,119.5,122.5,18779.718,1770231599999
1770231600000,122.5,125.54,122.07,125.23,8758.84,1770235199999
1770235200000,125.24,125.47,124.08,124.57,3790.341,1770238799999
1770238800000,124.56,124.84,122.14,123.34,3293.716,1770242399999
1770242400000,123.34,125.25,121.09,122.51,4641.711,1770245999999
1770246000000,122.52,124.88,122.22,123.75,5327.201,1770249599999
1770249600000,123.75,124.66,123.35,124.02,1449.17,1770253199999
1770253200000,124.03,125.52,122.85,123.94,5179.88,1770256799999
1770256800000,123.95,124.51,121.94,122.14,8407.26,1770260399999
1770260400000,122.15,123.15,121.4,121.73,7601.354,1770263999999
1770264000000,121.74,122.48,120.71,121.07,9658.476,1770267599999
1770267600000,121.06,122.37,119.62,120.96,8907.255,1770271199999
1770271200000,120.97,121.11,119.13,119.76,7777.09,1770274799999
1770274800000,119.75,121.77,119.59,120.12,6180.903,1770278399999
1770278400000,120.13,122.68,120.13,121.72,5307.161,1770281999999
1770282000000,121.73,122.77,121.24,121.62,4648.604,1770285599999
1770285600000,121.61,122.02,118.38,118.59,7041.176,1770289199999
1770289200000,118.58,119.64,116.85,118.31,12653.531,1770292799999
1770292800000,118.31,118.94,116.72,117.77,14667.283,1770296399999
1770296400000,117.76,119.97,116.97,117.31,23659.667,1770299999999
1770300000000,117.32,120.35,117.02,117.31,11652.715,1770303599999
1770303600000,117.31,117.72,110.34,112.56,37634.954,1770307199999
1770307200000,112.57,115.93,111.86,114.41,20960.27,1770310799999
1770310800000,114.42,115.03,110.31,111.82,23605.515,1770314399999
1770314400000,111.81,113.02,110.46,112.66,19366.32,1770317999999
1770318000000,112.66,112.84,109.32,109.8,19326.595,1770321599999
1770321600000,109.8,110.52,102.91,104.65,53265.803,1770325199999
1770325200000,104.65,108.12,101.45,101.55,52874.991,1770328799999
1770328800000,101.56,103.5,98.64,102.08,65702.497,1770332399999
1770332400000,102.08,105.44,100.5,100.97,30726.807,1770335999999
1770336000000,100.97,102.05,92.25,100.66,123581.015,1770339599999
1770339600000,100.65,105.82,100.32,105.79,37882.29,1770343199999
1770343200000,105.79,106.7,103.27,103.88,14920.809,1770346799999
1770346800000,103.89,104.98,103.1,104.43,13732.714,1770350399999
1770350400000,104.42,106.06,104.0,105.09,8593.659,1770353999999
1770354000000,105.08,107.88,104.95,107.36,8884.09,1770357599999
1770357600000,107.36,107.68,103.81,104.03,17721.851,1770361199999
1770361200000,104.04,104.09,102.7,102.96,9639.009,1770364799999
1770364800000,102.97,103.98,102.1,102.36,14185.157,1770368399999
1770368400000,102.35,106.0,101.91,105.67,15385.553,1770371999999
1770372000000,105.68,107.13,105.22,106.61,11506.838,1770375599999
1770375600000,106.6,107.48,106.25,106.43,7424.958,1770379199999
1770379200000,106.42,106.68,105.83,106.52,5972.96,1770382799999
1770382800000,106.54,108.57,106.26,108.09,11918.791,1770386399999
1770386400000,108.08,110.52,107.24,109.62,20363.714,1770389999999
1770390000000,109.63,110.78,108.92,110.23,9807.673,1770393599999
1770393600000,110.23,113.64,109.81,113.13,19213.398,1770397199999
1770397200000,113.12,115.4,112.7,114.14,14670.676,1770400799999
1770400800000,114.13,114.29,112.01,113.34,11336.038,1770404399999
