open_ms,open,high,low,close,volume,close_ms
1767816000000,0.403,0.404,0.3991,0.401,3701431.7,1767819599999
1767819600000,0.401,0.4028,0.4006,0.4012,1726900.6,1767823199999
1767823200000,0.4011,0.4038,0.3986,0.4004,2700556.9,1767826799999
1767826800000,0.4004,0.4046,0.3976,0.4022,4215036.4,1767830399999
1767830400000,0.4023,0.4035,0.3996,0.403,4282475.3,1767833999999
1767834000000,0.4031,0.4049,0.4018,0.4038,1979110.8,1767837599999
1767837600000,0.4038,0.4046,0.3994,0.4004,3332954.4,1767841199999
1767841200000,0.4004,0.4024,0.3955,0.3978,4946015.9,1767844799999
1767844800000,0.3978,0.4018,0.3965,0.4006,3550503.6,1767848399999
1767848400000,0.4006,0.4021,0.398,0.3987,2275550.1,1767851999999
1767852000000,0.3988,0.3993,0.3912,0.3915,8182168.4,1767855599999
1767855600000,0.3914,0.3957,0.3891,0.3953,10949088.3,1767859199999
1767859200000,0.3954,0.3972,0.3921,0.3926,4960937.0,1767862799999
1767862800000,0.3926,0.3945,0.3897,0.3899,4338899.5,1767866399999
1767866400000,0.39,0.3929,0.3868,0.3922,6657956.2,1767869999999
1767870000000,0.3922,0.3926,0.3874,0.3905,5172224.6,1767873599999
1767873600000,0.3906,0.3908,0.3871,0.3886,4764993.1,1767877199999
1767877200000,0.3886,0.3905,0.388,0.3891,2575540.0,1767880799999
1767880800000,0.3891,0.3902,0.3849,0.3887,10309012.5,1767884399999
1767884400000,0.3886,0.3955,0.3866,0.3954,7348559.5,1767887999999
1767888000000,0.3953,0.3961,0.3903,0.3951,7364987.2,1767891599999
1767891600000,0.3952,0.3979,0.3924,0.3971,4224215.6,1767895199999
1767895200000,0.397,0.3974,0.3936,0.3946,3015607.6,1767898799999
1767898800000,0.3946,0.3965,0.3924,0.3932,2035503.7,1767902399999
1767902400000,0.3932,0.3937,0.3896,0.3929,2760522.1,1767905999999
1767906000000,0.393,0.398,0.3927,0.3977,5014610.6,1767909599999
1767909600000,0.3978,0.399,0.3945,0.3967,2271786.8,1767913199999
1767913200000,0.3968,0.3978,0.3956,0.3956,1064448.6,1767916799999
1767916800000,0.3957,0.3983,0.3957,0.3977,2090429.3,1767920399999
1767920400000,0.3977,0.4007,0.3947,0.3958,5355101.5,1767923999999
1767924000000,0.3958,0.3996,0.3949,0.3954,2344165.6,1767927599999
1767927600000,0.3955,0.3985,0.3946,0.3985,2178433.0,1767931199999
1767931200000,0.3985,0.3989,0.396,0.3963,1484931.6,1767934799999
1767934800000,0.3963,0.3971,0.394,0.3968,1565114.0,1767938399999
1767938400000,0.3969,0.3998,0.3957,0.3996,1300031.3,1767941999999
1767942000000,0.3996,0.3997,0.397,0.3971,1801719.4,1767945599999
1767945600000,0.3972,0.3977,0.3896,0.3919,6236541.3,1767949199999
1767949200000,0.3919,0.3949,0.3917,0.3917,3068282.8,1767952799999
1767952800000,0.3918,0.3928,0.3908,0.3916,1660414.6,1767956399999
1767956400000,0.3917,0.3941,0.3912,0.3918,1645651.8,1767959999999
1767960000000,0.3918,0.3926,0.3896,0.3915,1808106.3,1767963599999
1767963600000,0.3915,0.398,0.3913,0.3957,7167818.2,1767967199999
1767967200000,0.3956,0.3958,0.3874,0.3903,7659278.3,1767970799999
1767970800000,0.3903,0.4052,0.3883,0.3971,13554319.4,1767974399999
1767974400000,0.3972,0.4045,0.3971,0.4018,5568701.3,1767977999999
1767978000000,0.4018,0.402,0.3926,0.3963,4519344.3,1767981599999
1767981600000,0.3963,0.3973,0.3896,0.393,3324841.2,1767985199999
1767985200000,0.393,0.393,0.3889,0.3902,2055375.6,1767988799999
1767988800000,0.3902,0.3931,0.3898,0.3912,2107117.3,1767992399999
1767992400000,0.3912,0.3936,0.3895,0.3926,1668732.4,1767995999999
1767996000000,0.3926,0.3939,0.3909,0.3932,1373885.8,1767999599999
1767999600000,0.3933,0.3935,0.3907,0.3914,3042528.4,1768003199999
1768003200000,0.3914,0.3915,0.3886,0.3897,3465775.5,1768006799999
1768006800000,0.3897,0.3908,0.3892,0.3902,1084482.3,1768010399999
1768010400000,0.3903,0.3914,0.389,0.3896,1118363.0,1768013999999
1768014000000,0.3896,0.3896,0.3867,0.3892,2664295.0,1768017599999
1768017600000,0.3891,0.3894,0.3873,0.3878,1583421.1,1768021199999
1768021200000,0.3878,0.3886,0.3872,0.3875,1757263.0,1768024799999
1768024800000,0.3875,0.388,0.3846,0.3861,1842649.4,1768028399999
1768028400000,0.3861,0.3887,0.3861,0.3881,1393168.7,1768031999999
1768032000000,0.3881,0.3885,0.387,0.3883,1047764.9,1768035599999
1768035600000,0.3883,0.3906,0.388,0.3905,2390192.6,1768039199999
1768039200000,0.3906,0.3915,0.3895,0.3912,2328339.7,1768042799999
1768042800000,0.3912,0.3912,0.3899,0.3912,1382439.4,1768046399999
1768046400000,0.3911,0.3925,0.3908,0.3924,1416093.6,1768049999999
1768050000000,0.3924,0.3925,0.3904,0.3905,1031020.9,1768053599999
1768053600000,0.3905,0.3905,0.3888,0.3895,1448287.9,1768057199999
1768057200000,0.3895,0.3907,0.3895,0.3897,1251762.1,1768060799999
1768060800000,0.3896,0.3908,0.3885,0.3902,910829.1,1768064399999
1768064400000,0.3903,0.3919,0.389,0.3893,1250475.8,1768067999999
1768068000000,0.3893,0.391,0.3886,0.3895,903176.7,1768071599999
1768071600000,0.3895,0.3913,0.3892,0.3913,701770.9,1768075199999
1768075200000,0.3913,0.3915,0.3901,0.3904,1038286.7,1768078799999
1768078800000,0.3903,0.3907,0.3889,0.3889,1087036.1,1768082399999
1768082400000,0.389,0.389,0.3856,0.3858,2695376.3,1768085999999
1768086000000,0.3859,0.3892,0.3856,0.3886,1598365.0,1768089599999
1768089600000,0.3886,0.3895,0.3877,0.3892,1097009.0,1768093199999
1768093200000,0.3892,0.3903,0.3885,0.3903,753039.7,1768096799999
1768096800000,0.3903,0.3921,0.39,0.3902,1369931.5,1768100399999
1768100400000,0.3902,0.391,0.3898,0.3905,774647.4,1768103999999
1768104000000,0.3906,0.3912,0.3895,0.391,1214030.3,1768107599999
1768107600000,0.3911,0.392,0.3902,0.3915,1235217.8,1768111199999
1768111200000,0.3916,0.3918,0.3889,0.3906,948590.5,1768114799999
1768114800000,0.3907,0.3916,0.3901,0.3914,952993.1,1768118399999
1768118400000,0.3913,0.3922,0.3906,0.3917,2578374.9,1768121999999
1768122000000,0.3917,0.3933,0.3908,0.3914,1722748.1,1768125599999
1768125600000,0.3915,0.3916,0.3897,0.3911,1289949.2,1768129199999
1768129200000,0.3912,0.3922,0.3908,0.3919,1193546.1,1768132799999
1768132800000,0.392,0.3968,0.3917,0.3959,3341761.2,1768136399999
1768136400000,0.3959,0.3972,0.3935,0.3937,5237037.7,1768139999999
1768140000000,0.3937,0.3964,0.3931,0.3954,2751949.7,1768143599999
1768143600000,0.3955,0.396,0.3888,0.3906,8144338.8,1768147199999
1768147200000,0.3906,0.3961,0.3903,0.3937,8028662.2,1768150799999
1768150800000,0.3937,0.3954,0.3919,0.395,2309596.1,1768154399999
1768154400000,0.395,0.3951,0.3922,0.3945,920180.8,1768157999999
1768158000000,0.3945,0.3949,0.3922,0.3925,1625274.2,1768161599999
1768161600000,0.3924,0.3925,0.3866,0.3896,6981493.2,1768165199999
1768165200000,0.3895,0.3929,0.3873,0.3919,5578045.4,1768168799999
1768168800000,0.3919,0.392,0.3878,0.3878,3762305.5,1768172399999
1768172400000,0.3879,0.3926,0.3839,0.391,7492948.3,1768175999999
1768176000000,0.391,0.3918,0.3857,0.3915,7144426.1,1768179599999
1768179600000,0.3915,0.3958,0.3907,0.3946,5982872.4,1768183199999
1768183200000,0.3947,0.4033,0.3946,0.4018,6582099.6,1768186799999
1768186800000,0.4019,0.4036,0.3972,0.3974,6097319.1,1768190399999
1768190400000,0.3975,0.401,0.3969,0.4006,4086378.1,1768193999999
1768194000000,0.4007,0.4013,0.398,0.3986,2142285.3,1768197599999
1768197600000,0.3986,0.3998,0.3945,0.3949,2176065.6,1768201199999
1768201200000,0.3949,0.3969,0.3899,0.3904,4407228.7,1768204799999
1768204800000,0.3904,0.3928,0.3853,0.3881,7244227.1,1768208399999
1768208400000,0.3881,0.3888,0.3864,0.3867,3142524.1,1768211999999
1768212000000,0.3867,0.3883,0.3848,0.3854,2906132.4,1768215599999
1768215600000,0.3854,0.3882,0.385,0.3874,2552978.0,1768219199999
1768219200000,0.3875,0.3885,0.3857,0.3863,3273879.0,1768222799999
1768222800000,0.3864,0.3869,0.3817,0.3825,7916586.0,1768226399999
1768226400000,0.3824,0.39,0.3815,0.3892,11029612.9,1768229999999
1768230000000,0.3892,0.395,0.3883,0.3945,8435294.1,1768233599999
1768233600000,0.3944,0.3995,0.3942,0.3976,10458113.6,1768237199999
1768237200000,0.3976,0.3989,0.3907,0.3934,6493693.4,1768240799999
1768240800000,0.3934,0.397,0.3923,0.3936,3759901.4,1768244399999
1768244400000,0.3935,0.394,0.3915,0.3934,3219076.0,1768247999999
1768248000000,0.3933,0.3953,0.389,0.3894,3294272.6,1768251599999
1768251600000,0.3893,0.3893,0.3838,0.3855,4031922.5,1768255199999
1768255200000,0.3855,0.3881,0.385,0.3873,6976170.4,1768258799999
1768258800000,0.3872,0.3897,0.3855,0.3862,6799704.2,1768262399999
1768262400000,0.3862,0.3874,0.3851,0.3868,2090586.1,1768265999999
1768266000000,0.3868,0.3883,0.385,0.3861,1671541.0,1768269599999
1768269600000,0.3862,0.389,0.3857,0.386,1652340.9,1768273199999
1768273200000,0.386,0.3884,0.3856,0.3868,2021591.5,1768276799999
1768276800000,0.3869,0.3893,0.3864,0.3891,1404608.2,1768280399999
1768280400000,0.3891,0.3958,0.3891,0.3918,4831353.9,1768283999999
1768284000000,0.3918,0.3934,0.3906,0.3923,3669918.0,1768287599999
1768287600000,0.3923,0.3923,0.3898,0.39,1875364.5,1768291199999
1768291200000,0.3899,0.394,0.3897,0.3933,2562787.6,1768294799999
1768294800000,0.3933,0.3955,0.3918,0.3929,3559886.0,1768298399999
1768298400000,0.3929,0.3944,0.3909,0.3915,2576115.3,1768301999999
1768302000000,0.3915,0.3936,0.3904,0.3923,2564057.6,1768305599999
1768305600000,0.3923,0.3937,0.3908,0.3931,2124359.2,1768309199999
1768309200000,0.3932,0.3976,0.3925,0.394,7159615.2,1768312799999
1768312800000,0.3941,0.4029,0.3921,0.3984,13398523.2,1768316399999
1768316400000,0.3983,0.4064,0.3958,0.4062,10983274.0,1768319999999
1768320000000,0.4061,0.411,0.4061,0.4093,17171555.7,1768323599999
1768323600000,0.4094,0.4104,0.405,0.4063,12625849.0,1768327199999
1768327200000,0.4062,0.4089,0.4052,0.4063,3749883.0,1768330799999
1768330800000,0.4063,0.4106,0.4051,0.4103,4829509.6,1768334399999
1768334400000,0.4104,0.4116,0.4066,0.4087,5809931.2,1768337999999
1768338000000,0.4087,0.4108,0.4083,0.41,2500413.0,1768341599999
1768341600000,0.4101,0.4251,0.4098,0.4225,37814787.1,1768345199999
1768345200000,0.4225,0.4267,0.4193,0.4218,12983002.8,1768348799999
1768348800000,0.4219,0.4242,0.4198,0.4225,9935741.8,1768352399999
1768352400000,0.4225,0.4243,0.4202,0.4212,8936812.0,1768355999999
1768356000000,0.4212,0.4241,0.4201,0.4216,5289617.3,1768359599999
1768359600000,0.4216,0.426,0.4213,0.4259,3926380.5,1768363199999
1768363200000,0.4259,0.4269,0.4227,0.4237,5629063.1,1768366799999
1768366800000,0.4238,0.424,0.4214,0.4218,5351251.9,1768370399999
1768370400000,0.4219,0.4262,0.4182,0.4253,11067884.7,1768373999999
1768374000000,0.4252,0.4273,0.4224,0.4238,7617904.9,1768377599999
1768377600000,0.4238,0.4254,0.4204,0.4206,2447191.1,1768381199999
1768381200000,0.4207,0.4221,0.4197,0.4202,2343215.3,1768384799999
1768384800000,0.4202,0.421,0.4177,0.4182,2863466.0,1768388399999
1768388400000,0.4181,0.4184,0.4133,0.4139,4910190.5,1768391999999
1768392000000,0.414,0.4164,0.4135,0.4153,2619035.5,1768395599999
1768395600000,0.4153,0.416,0.4113,0.4121,3281987.1,1768399199999
1768399200000,0.412,0.4225,0.4119,0.4196,11954091.1,1768402799999
1768402800000,0.4196,0.4232,0.417,0.4201,12821560.8,1768406399999
1768406400000,0.4202,0.4241,0.4195,0.4211,10063651.0,1768409999999
1768410000000,0.4211,0.4226,0.4155,0.4164,8241106.6,1768413599999
1768413600000,0.4164,0.4175,0.4097,0.4136,7478447.9,1768417199999
1768417200000,0.4135,0.4205,0.4126,0.4149,6607303.7,1768420799999
1768420800000,0.415,0.4177,0.4117,0.413,4460370.9,1768424399999
1768424400000,0.413,0.4153,0.412,0.4142,3310834.9,1768427999999
1768428000000,0.4141,0.4148,0.4104,0.4124,4437295.9,1768431599999
1768431600000,0.4125,0.4162,0.4123,0.4143,2743258.4,1768435199999
1768435200000,0.4144,0.4144,0.4108,0.4118,3543506.4,1768438799999
1768438800000,0.4119,0.4142,0.4075,0.4084,4817281.3,1768442399999
1768442400000,0.4084,0.4099,0.4046,0.4055,7569137.9,1768445999999
1768446000000,0.4056,0.4064,0.3992,0.4002,8155916.5,1768449599999
1768449600000,0.4003,0.4033,0.3997,0.4026,4687690.6,1768453199999
1768453200000,0.4026,0.4042,0.4018,0.4024,3301396.6,1768456799999
1768456800000,0.4024,0.4034,0.4005,0.4011,2925749.6,1768460399999
1768460400000,0.4011,0.4055,0.4007,0.4045,2858026.4,1768463999999
1768464000000,0.4044,0.4053,0.4023,0.4036,2646780.1,1768467599999
1768467600000,0.4036,0.4067,0.4011,0.4049,8416197.0,1768471199999
1768471200000,0.4049,0.406,0.4035,0.4052,3930461.4,1768474799999
1768474800000,0.4052,0.4062,0.4039,0.4048,3511467.8,1768478399999
1768478400000,0.4048,0.4079,0.4045,0.4077,3201163.7,1768481999999
1768482000000,0.4077,0.4107,0.4053,0.4085,11204758.6,1768485599999
1768485600000,0.4085,0.4098,0.4003,0.403,11295138.8,1768489199999
1768489200000,0.403,0.4047,0.3934,0.3997,16497876.7,1768492799999
1768492800000,0.3996,0.4001,0.3956,0.3993,7709525.4,1768496399999
1768496400000,0.3992,0.401,0.3955,0.3962,5675528.0,1768499999999
1768500000000,0.3963,0.397,0.3907,0.3919,7357779.3,1768503599999
1768503600000,0.3918,0.3932,0.3894,0.3925,6385614.9,1768507199999
1768507200000,0.3925,0.394,0.3891,0.3905,4259405.0,1768510799999
1768510800000,0.3905,0.3936,0.3903,0.3929,3452339.4,1768514399999
1768514400000,0.3929,0.3946,0.3921,0.394,2577317.1,1768517999999
1768518000000,0.3939,0.3945,0.3926,0.3936,1850298.3,1768521599999
1768521600000,0.3937,0.3944,0.3929,0.393,1899375.1,1768525199999
1768525200000,0.3931,0.3939,0.3916,0.3921,1629168.3,1768528799999
1768528800000,0.3922,0.3931,0.3897,0.3928,3316427.6,1768532399999
1768532400000,0.3929,0.3932,0.3909,0.3915,2788539.2,1768535999999
1768536000000,0.3914,0.3925,0.3885,0.3899,3665723.0,1768539599999
1768539600000,0.3899,0.3939,0.3895,0.393,2840440.0,1768543199999
1768543200000,0.393,0.3945,0.3921,0.394,1533372.2,1768546799999
1768546800000,0.394,0.3944,0.3922,0.3926,1672603.0,1768550399999
1768550400000,0.3926,0.3938,0.3923,0.3928,2808293.7,1768553999999
1768554000000,0.3928,0.3933,0.3916,0.3919,1874922.0,1768557599999
1768557600000,0.3919,0.3919,0.3907,0.3912,1890555.2,1768561199999
1768561200000,0.3912,0.3928,0.3904,0.3927,1453674.4,1768564799999
1768564800000,0.3928,0.3929,0.3906,0.3915,1241092.7,1768568399999
1768568400000,0.3915,0.3917,0.3886,0.39,3198481.4,1768571999999
1768572000000,0.39,0.3921,0.389,0.3893,6312140.3,1768575599999
1768575600000,0.3893,0.3911,0.3788,0.3816,21833903.7,1768579199999
1768579200000,0.3816,0.3852,0.3803,0.384,9101696.1,1768582799999
1768582800000,0.384,0.3871,0.3817,0.3865,4798042.5,1768586399999
1768586400000,0.3865,0.388,0.386,0.3865,3013003.2,1768589999999
1768590000000,0.3865,0.3875,0.3845,0.3868,1954152.4,1768593599999
1768593600000,0.3868,0.3951,0.3849,0.3948,7054167.0,1768597199999
1768597200000,0.3949,0.3981,0.3936,0.3964,11271171.2,1768600799999
1768600800000,0.3965,0.3987,0.3948,0.3965,3558100.6,1768604399999
1768604400000,0.3965,0.3973,0.3951,0.3955,3886993.4,1768607999999
1768608000000,0.3956,0.3974,0.3951,0.3958,4468273.3,1768611599999
1768611600000,0.3957,0.3969,0.3951,0.396,1213327.3,1768615199999
1768615200000,0.3959,0.3962,0.3935,0.3947,2059253.8,1768618799999
1768618800000,0.3948,0.396,0.3936,0.3946,2020469.9,1768622399999
1768622400000,0.3945,0.3964,0.3937,0.3961,1205715.8,1768625999999
1768626000000,0.3962,0.3969,0.3957,0.3961,1012328.6,1768629599999
1768629600000,0.3961,0.3963,0.395,0.395,927414.6,1768633199999
1768633200000,0.395,0.3958,0.3937,0.3956,1395331.6,1768636799999
1768636800000,0.3956,0.3971,0.3953,0.3959,1430590.0,1768640399999
1768640400000,0.396,0.3969,0.3953,0.3953,1535326.9,1768643999999
1768644000000,0.3952,0.3969,0.3947,0.3961,1316568.1,1768647599999
1768647600000,0.3961,0.3968,0.3946,0.3948,1838568.4,1768651199999
1768651200000,0.3947,0.3967,0.3945,0.3959,1089859.3,1768654799999
1768654800000,0.396,0.3983,0.3952,0.3976,2121204.6,1768658399999
1768658400000,0.3977,0.4019,0.3963,0.401,4898596.8,1768661999999
1768662000000,0.4011,0.4027,0.3998,0.4026,4184715.4,1768665599999
1768665600000,0.4026,0.4042,0.3989,0.4005,4926333.5,1768669199999
1768669200000,0.4004,0.4022,0.3994,0.4004,2558909.0,1768672799999
1768672800000,0.4005,0.4005,0.3987,0.4001,1431984.1,1768676399999
1768676400000,0.4002,0.4013,0.3992,0.4002,1474569.4,1768679999999
1768680000000,0.4002,0.4022,0.3987,0.3991,1763617.9,1768683599999
1768683600000,0.3991,0.3992,0.3976,0.3988,1609858.1,1768687199999
1768687200000,0.3987,0.3989,0.395,0.3964,2766885.6,1768690799999
1768690800000,0.3964,0.3974,0.3956,0.3973,1303672.0,1768694399999
1768694400000,0.3973,0.3988,0.3958,0.3965,4497241.0,1768697999999
1768698000000,0.3966,0.3968,0.3928,0.3942,3021126.7,1768701599999
1768701600000,0.3942,0.3961,0.3935,0.3943,1706483.1,1768705199999
1768705200000,0.3943,0.3968,0.3939,0.3956,1465189.6,1768708799999
1768708800000,0.3956,0.3956,0.3937,0.3954,1225064.3,1768712399999
1768712400000,0.3954,0.396,0.3945,0.3953,890301.1,1768715999999
1768716000000,0.3954,0.396,0.3942,0.3952,1138814.5,1768719599999
1768719600000,0.3951,0.3953,0.3932,0.3942,1449216.3,1768723199999
1768723200000,0.3942,0.3943,0.392,0.3937,5812481.0,1768726799999
1768726800000,0.3937,0.3948,0.393,0.3942,1592896.7,1768730399999
1768730400000,0.3943,0.3947,0.3924,0.3937,1841417.7,1768733999999
1768734000000,0.3938,0.3938,0.3926,0.3929,1102194.4,1768737599999
1768737600000,0.3929,0.394,0.392,0.3924,1604439.4,1768741199999
1768741200000,0.3923,0.3941,0.391,0.3928,2933941.0,1768744799999
1768744800000,0.3928,0.3953,0.3903,0.3904,3930546.4,1768748399999
1768748400000,0.3904,0.3927,0.3894,0.3924,4221289.1,1768751999999
1768752000000,0.3925,0.394,0.3913,0.3918,1934931.1,1768755599999
1768755600000,0.3919,0.3925,0.39,0.3922,2370088.4,1768759199999
1768759200000,0.3922,0.3962,0.3911,0.3946,2987290.6,1768762799999
1768762800000,0.3947,0.3957,0.3919,0.3927,1748010.9,1768766399999
1768766400000,0.3926,0.3953,0.3914,0.3938,1402831.6,1768769999999
1768770000000,0.3939,0.3947,0.3928,0.3944,1056624.8,1768773599999
1768773600000,0.3945,0.3971,0.3942,0.396,2083158.6,1768777199999
1768777200000,0.3959,0.3959,0.3747,0.3758,27241946.9,1768780799999
1768780800000,0.3757,0.3757,0.3421,0.3631,104712962.0,1768784399999
1768784400000,0.3631,0.3667,0.361,0.3636,13521987.0,1768787999999
1768788000000,0.3635,0.3662,0.3625,0.3653,4522578.2,1768791599999
1768791600000,0.3652,0.3661,0.3639,0.3656,3764492.1,1768795199999
1768795200000,0.3655,0.366,0.3626,0.3629,6895263.1,1768798799999
1768798800000,0.3629,0.3669,0.3628,0.364,15947226.3,1768802399999
1768802400000,0.3639,0.3644,0.3606,0.3624,9095171.2,1768805999999
1768806000000,0.3625,0.3653,0.3625,0.3641,7775448.0,1768809599999
1768809600000,0.3641,0.3696,0.3634,0.3693,20778117.0,1768813199999
1768813200000,0.3693,0.3709,0.3681,0.3699,13919412.3,1768816799999
1768816800000,0.37,0.3714,0.3687,0.3711,10895164.0,1768820399999
1768820400000,0.3712,0.373,0.3685,0.3693,12625318.9,1768823999999
1768824000000,0.3692,0.3693,0.366,0.367,4242222.3,1768827599999
1768827600000,0.367,0.3674,0.3652,0.3659,2988204.6,1768831199999
1768831200000,0.3659,0.3706,0.3659,0.368,3684981.8,1768834799999
1768834800000,0.368,0.369,0.3657,0.3668,3831107.8,1768838399999
1768838400000,0.3668,0.3719,0.3664,0.3709,2570832.7,1768841999999
1768842000000,0.3708,0.371,0.3686,0.3687,3203954.5,1768845599999
1768845600000,0.3687,0.3703,0.3684,0.3691,1702170.1,1768849199999
1768849200000,0.3692,0.373,0.3692,0.371,2171367.5,1768852799999
1768852800000,0.371,0.3726,0.3707,0.3713,1664232.8,1768856399999
1768856400000,0.3714,0.3723,0.3697,0.3701,2599801.5,1768859999999
1768860000000,0.37,0.371,0.367,0.3671,3192408.4,1768863599999
1768863600000,0.3671,0.3713,0.3671,0.3703,2813526.2,1768867199999
1768867200000,0.3703,0.3704,0.3679,0.3683,1546714.0,1768870799999
1768870800000,0.3683,0.3706,0.3672,0.3688,1844612.3,1768874399999
1768874400000,0.3689,0.3692,0.366,0.3678,3802858.9,1768877999999
1768878000000,0.3679,0.3683,0.3655,0.3666,2714648.0,1768881599999
1768881600000,0.3665,0.3676,0.3654,0.3659,3451988.7,1768885199999
1768885200000,0.3658,0.3689,0.364,0.3679,14623760.8,1768888799999
1768888800000,0.3678,0.3679,0.3638,0.3666,12403998.7,1768892399999
1768892400000,0.3666,0.3681,0.3659,0.366,6713771.9,1768895999999
1768896000000,0.3661,0.3667,0.3574,0.3607,29185116.6,1768899599999
1768899600000,0.3607,0.3607,0.3579,0.3589,4508483.1,1768903199999
1768903200000,0.3589,0.3615,0.3586,0.3601,2925317.3,1768906799999
1768906800000,0.3601,0.361,0.3576,0.3578,3234239.6,1768910399999
1768910400000,0.3578,0.3601,0.3576,0.3592,5785537.6,1768913999999
1768914000000,0.3591,0.3602,0.3558,0.3574,12683697.3,1768917599999
1768917600000,0.3573,0.3641,0.3569,0.3607,14104903.6,1768921199999
1768921200000,0.3607,0.3612,0.3569,0.3594,11078267.0,1768924799999
1768924800000,0.3593,0.3604,0.3525,0.3544,6535201.8,1768928399999
1768928400000,0.3543,0.3567,0.3499,0.3519,9054681.9,1768931999999
1768932000000,0.352,0.3532,0.3504,0.3514,5422453.9,1768935599999
1768935600000,0.3515,0.3533,0.3501,0.3524,4682561.6,1768939199999
1768939200000,0.3524,0.3543,0.351,0.3538,3077658.2,1768942799999
1768942800000,0.3538,0.354,0.3511,0.3521,4411800.7,1768946399999
1768946400000,0.3521,0.3529,0.3467,0.351,8257666.4,1768949999999
1768950000000,0.3511,0.3523,0.3493,0.3507,3859623.6,1768953599999
1768953600000,0.3506,0.3573,0.3504,0.357,4099095.1,1768957199999
1768957200000,0.3571,0.3599,0.3568,0.358,5390237.0,1768960799999
1768960800000,0.358,0.361,0.3578,0.3581,2934031.3,1768964399999
1768964400000,0.3581,0.3602,0.3579,0.3582,1992186.2,1768967999999
1768968000000,0.3583,0.3593,0.3577,0.359,1353720.3,1768971599999
1768971600000,0.3589,0.3624,0.3588,0.3613,2483427.3,1768975199999
1768975200000,0.3613,0.3615,0.3585,0.3588,2609959.8,1768978799999
1768978800000,0.3589,0.363,0.3583,0.3597,5086796.0,1768982399999
1768982400000,0.3597,0.3597,0.3565,0.3583,2616458.1,1768985999999
1768986000000,0.3584,0.3591,0.3574,0.3581,1948090.6,1768989599999
1768989600000,0.3581,0.3595,0.357,0.3571,1809037.2,1768993199999
1768993200000,0.357,0.3579,0.3544,0.3548,3079346.1,1768996799999
1768996800000,0.3548,0.3553,0.3501,0.3549,6378832.7,1769000399999
1769000400000,0.3548,0.3572,0.3523,0.3528,9794935.8,1769003999999
1769004000000,0.3528,0.3628,0.352,0.362,22510879.6,1769007599999
1769007600000,0.362,0.3639,0.3584,0.3624,8937936.7,1769011199999
1769011200000,0.3625,0.3629,0.3472,0.3476,9183571.7,1769014799999
1769014800000,0.3476,0.3519,0.3466,0.3509,6405758.5,1769018399999
1769018400000,0.3508,0.3549,0.3492,0.3537,4424137.7,1769021999999
1769022000000,0.3537,0.3676,0.3521,0.3674,16121587.7,1769025599999
1769025600000,0.3674,0.3682,0.3624,0.3669,6636890.7,1769029199999
1769029200000,0.3668,0.37,0.3658,0.3691,7205593.5,1769032799999
1769032800000,0.3691,0.3739,0.3675,0.3685,9611523.3,1769036399999
1769036400000,0.3685,0.3697,0.3649,0.3659,4524423.6,1769039999999
1769040000000,0.366,0.3686,0.3658,0.3672,3123035.2,1769043599999
1769043600000,0.3672,0.369,0.3664,0.3678,1834758.2,1769047199999
1769047200000,0.3677,0.3685,0.3649,0.3652,4122579.0,1769050799999
1769050800000,0.3653,0.367,0.3633,0.364,4762727.6,1769054399999
1769054400000,0.3639,0.3663,0.3636,0.366,8070644.2,1769057999999
1769058000000,0.366,0.3675,0.365,0.3654,4161297.7,1769061599999
1769061600000,0.3654,0.3665,0.3643,0.3657,1890156.2,1769065199999
1769065200000,0.3656,0.3659,0.3634,0.3635,1746208.4,1769068799999
1769068800000,0.3635,0.3652,0.3627,0.3647,3053889.3,1769072399999
1769072400000,0.3647,0.3664,0.3639,0.3657,1526921.8,1769075999999
1769076000000,0.3657,0.3661,0.3648,0.3657,2245533.0,1769079599999
1769079600000,0.3656,0.3657,0.3633,0.3637,2171612.1,1769083199999
1769083200000,0.3638,0.3643,0.3631,0.3633,866722.5,1769086799999
1769086800000,0.3633,0.3663,0.3611,0.3622,3870302.1,1769090399999
1769090400000,0.3622,0.3631,0.3571,0.3581,6076857.4,1769093999999
1769094000000,0.3581,0.3604,0.3554,0.3585,5566347.1,1769097599999
1769097600000,0.3585,0.3629,0.3583,0.3617,2788912.3,1769101199999
1769101200000,0.3617,0.3633,0.3599,0.3623,2692239.8,1769104799999
1769104800000,0.3624,0.3627,0.3595,0.3597,2743111.9,1769108399999
1769108400000,0.3596,0.3623,0.3586,0.3615,2008573.9,1769111999999
1769112000000,0.3615,0.3619,0.359,0.3601,1597822.8,1769115599999
1769115600000,0.3602,0.3612,0.3592,0.3593,1127108.3,1769119199999
1769119200000,0.3594,0.3607,0.3587,0.3598,1891556.1,1769122799999
1769122800000,0.3598,0.36,0.3577,0.3594,1605694.0,1769126399999
1769126400000,0.3594,0.3602,0.3585,0.3593,1124614.6,1769129999999
1769130000000,0.3594,0.3614,0.3591,0.3614,2230369.3,1769133599999
1769133600000,0.3613,0.3616,0.3592,0.3596,2797220.6,1769137199999
1769137200000,0.3595,0.3634,0.3594,0.362,1261003.7,1769140799999
1769140800000,0.362,0.3652,0.3615,0.3645,2512400.7,1769144399999
1769144400000,0.3644,0.3644,0.36,0.3606,1616185.0,1769147999999
1769148000000,0.3606,0.3628,0.359,0.3602,3918058.8,1769151599999
1769151600000,0.3603,0.3617,0.3596,0.3613,1569428.2,1769155199999
1769155200000,0.3612,0.3616,0.3582,0.3592,2633803.1,1769158799999
1769158800000,0.3591,0.3606,0.3576,0.3586,5005829.8,1769162399999
1769162400000,0.3587,0.36,0.3579,0.3589,1655286.6,1769165999999
1769166000000,0.3589,0.3609,0.3587,0.36,1849085.6,1769169599999
1769169600000,0.36,0.3607,0.3584,0.3601,1471372.8,1769173199999
1769173200000,0.36,0.3605,0.3588,0.359,1162039.7,1769176799999
1769176800000,0.3589,0.3592,0.3525,0.3549,8130786.6,1769180399999
1769180400000,0.355,0.3615,0.3533,0.3604,4974503.3,1769183999999
1769184000000,0.3604,0.3666,0.36,0.3634,8694528.8,1769187599999
1769187600000,0.3634,0.3707,0.3617,0.3659,6644739.5,1769191199999
1769191200000,0.3659,0.3686,0.3648,0.3659,3047769.4,1769194799999
1769194800000,0.3659,0.3659,0.3597,0.3615,4565893.6,1769198399999
1769198400000,0.3616,0.3628,0.3573,0.3592,3920861.0,1769201999999
1769202000000,0.3591,0.3611,0.3585,0.3599,1149677.1,1769205599999
1769205600000,0.3598,0.3628,0.3597,0.3624,2242360.6,1769209199999
1769209200000,0.3623,0.3623,0.3602,0.3602,1189791.8,1769212799999
1769212800000,0.3603,0.3614,0.3592,0.3592,1300397.2,1769216399999
1769216400000,0.3591,0.3599,0.3584,0.3596,1769193.9,1769219999999
1769220000000,0.3597,0.3604,0.3595,0.3599,803125.9,1769223599999
1769223600000,0.36,0.3624,0.3595,0.3618,1488553.1,1769227199999
1769227200000,0.3618,0.3625,0.3608,0.3612,1242026.6,1769230799999
1769230800000,0.3612,0.3614,0.3602,0.3606,873147.8,1769234399999
1769234400000,0.3606,0.3607,0.3599,0.36,1375515.3,1769237999999
1769238000000,0.3599,0.3607,0.3595,0.3596,800223.6,1769241599999
1769241600000,0.3596,0.3602,0.3586,0.3598,774833.6,1769245199999
1769245200000,0.3597,0.3608,0.3591,0.3597,836353.2,1769248799999
1769248800000,0.3596,0.3597,0.359,0.3592,553721.7,1769252399999
1769252400000,0.3591,0.3602,0.3591,0.36,575533.0,1769255999999
1769256000000,0.3599,0.3605,0.3594,0.3601,992460.0,1769259599999
1769259600000,0.3601,0.3604,0.3582,0.3583,1270696.7,1769263199999
1769263200000,0.3584,0.3603,0.3577,0.3594,1762667.2,1769266799999
1769266800000,0.3593,0.3601,0.3574,0.358,1902909.8,1769270399999
1769270400000,0.358,0.359,0.3564,0.3586,1861586.1,1769273999999
1769274000000,0.3587,0.3592,0.3582,0.3587,1487979.1,1769277599999
1769277600000,0.3588,0.3598,0.3582,0.3588,913994.1,1769281199999
1769281200000,0.3588,0.359,0.3578,0.3583,802607.0,1769284799999
1769284800000,0.3583,0.3594,0.3582,0.3591,638293.4,1769288399999
1769288400000,0.3591,0.3594,0.3582,0.359,367059.5,1769291999999
1769292000000,0.3591,0.3601,0.3587,0.3599,685922.2,1769295599999
1769295600000,0.3599,0.3602,0.3579,0.3583,1261063.7,1769299199999
1769299200000,0.3583,0.3591,0.3573,0.359,1697370.6,1769302799999
1769302800000,0.3591,0.3595,0.3572,0.3576,1093529.2,1769306399999
1769306400000,0.3577,0.3585,0.3564,0.3567,791168.2,1769309999999
1769310000000,0.3567,0.3574,0.3543,0.3557,1840691.7,1769313599999
1769313600000,0.3557,0.3578,0.3555,0.3571,819343.9,1769317199999
1769317200000,0.3572,0.3574,0.3555,0.357,713500.7,1769320799999
1769320800000,0.3569,0.3569,0.3556,0.3559,1316974.5,1769324399999
1769324400000,0.3559,0.3563,0.3541,0.3558,1328190.4,1769327999999
1769328000000,0.3558,0.3569,0.3538,0.3547,1324664.1,1769331599999
1769331600000,0.3547,0.3578,0.3539,0.3569,1837871.9,1769335199999
1769335200000,0.3568,0.3603,0.3566,0.3584,1968018.2,1769338799999
1769338800000,0.3584,0.3587,0.3562,0.3565,829809.5,1769342399999
1769342400000,0.3564,0.3565,0.3547,0.3561,1290153.4,1769345999999
1769346000000,0.3561,0.3572,0.3552,0.3568,1468473.7,1769349599999
1769349600000,0.3569,0.3571,0.3506,0.3529,3724469.5,1769353199999
1769353200000,0.3528,0.354,0.3516,0.3524,1778381.6,1769356799999
1769356800000,0.3523,0.3523,0.3417,0.3447,31354522.6,1769360399999
1769360400000,0.3447,0.3458,0.3415,0.3418,4460938.5,1769363999999
1769364000000,0.3418,0.3426,0.3382,0.3403,13955960.9,1769367599999
1769367600000,0.3403,0.3406,0.3327,0.3345,15909711.1,1769371199999
1769371200000,0.3346,0.3373,0.333,0.3359,10636986.3,1769374799999
1769374800000,0.3359,0.3394,0.3359,0.339,5975843.2,1769378399999
1769378400000,0.3391,0.3393,0.3366,0.3386,3183772.0,1769381999999
1769382000000,0.3386,0.3398,0.3369,0.3391,3752374.2,1769385599999
1769385600000,0.339,0.3449,0.3388,0.3439,6871087.0,1769389199999
1769389200000,0.3439,0.3495,0.3437,0.3485,6348633.6,1769392799999
1769392800000,0.3484,0.3487,0.3456,0.3463,3304616.2,1769396399999
1769396400000,0.3463,0.3478,0.3439,0.3451,2210081.0,1769399999999
1769400000000,0.3451,0.3499,0.3451,0.3476,2715769.4,1769403599999
1769403600000,0.3476,0.3482,0.3466,0.3477,2042555.4,1769407199999
1769407200000,0.3478,0.349,0.3463,0.3481,2571962.7,1769410799999
1769410800000,0.3481,0.3497,0.3471,0.3482,3157828.5,1769414399999
1769414400000,0.3483,0.3517,0.3475,0.3486,5205936.3,1769417999999
1769418000000,0.3487,0.3487,0.3449,0.3454,3225972.1,1769421599999
1769421600000,0.3455,0.3479,0.3454,0.3473,1688911.0,1769425199999
1769425200000,0.3473,0.3485,0.3465,0.3471,1770519.0,1769428799999
1769428800000,0.3471,0.3484,0.3468,0.3477,1965046.2,1769432399999
1769432400000,0.3478,0.3497,0.3476,0.3497,2080001.4,1769435999999
1769436000000,0.3496,0.3548,0.3478,0.3539,11619298.9,1769439599999
1769439600000,0.3539,0.3584,0.3508,0.3524,10179496.3,1769443199999
1769443200000,0.3524,0.3548,0.3507,0.3532,4149376.7,1769446799999
1769446800000,0.3533,0.3542,0.3494,0.3528,4059983.0,1769450399999
1769450400000,0.3528,0.356,0.3522,0.354,5716999.9,1769453999999
1769454000000,0.354,0.3552,0.3518,0.3522,1904360.7,1769457599999
1769457600000,0.3521,0.3527,0.3495,0.35,2449255.7,1769461199999
1769461200000,0.35,0.3545,0.349,0.3532,3688509.3,1769464799999
1769464800000,0.3532,0.3541,0.3515,0.3524,1965024.7,1769468399999
1769468400000,0.3524,0.3542,0.3514,0.3521,1883642.3,1769471999999
1769472000000,0.3521,0.3528,0.3511,0.3524,1010252.5,1769475599999
1769475600000,0.3524,0.3551,0.3511,0.3538,2230634.7,1769479199999
1769479200000,0.3539,0.3553,0.3535,0.3545,5920401.6,1769482799999
1769482800000,0.3545,0.3547,0.3524,0.3527,3507465.1,1769486399999
1769486400000,0.3526,0.3548,0.3523,0.3532,1918176.2,1769489999999
1769490000000,0.3531,0.3532,0.3516,0.3525,1416498.5,1769493599999
1769493600000,0.3525,0.3529,0.351,0.3511,876813.4,1769497199999
1769497200000,0.351,0.3525,0.3509,0.3519,1250160.5,1769500799999
1769500800000,0.3519,0.3529,0.3509,0.3515,984769.5,1769504399999
1769504400000,0.3515,0.3515,0.3489,0.3493,2482842.9,1769507999999
1769508000000,0.3493,0.3503,0.3493,0.3498,2632236.5,1769511599999
1769511600000,0.3497,0.3516,0.3492,0.3506,5838430.6,1769515199999
1769515200000,0.3506,0.351,0.3492,0.3498,1929900.3,1769518799999
1769518800000,0.3499,0.3504,0.3476,0.3484,1650129.0,1769522399999
1769522400000,0.3484,0.3527,0.3482,0.3491,5884888.2,1769525999999
1769526000000,0.3491,0.352,0.3486,0.3516,2451295.1,1769529599999
1769529600000,0.3517,0.3577,0.3516,0.3575,14454167.0,1769533199999
1769533200000,0.3574,0.3578,0.3492,0.3503,13947518.9,1769536799999
1769536800000,0.3504,0.3572,0.3498,0.3557,4312829.6,1769540399999
1769540400000,0.3556,0.3561,0.3541,0.3556,2581203.9,1769543999999
1769544000000,0.3555,0.3627,0.3555,0.3619,10364310.9,1769547599999
1769547600000,0.3618,0.3636,0.3596,0.3599,4598562.8,1769551199999
1769551200000,0.3599,0.3629,0.3599,0.3611,3679552.4,1769554799999
1769554800000,0.3612,0.3624,0.3605,0.3608,1731436.2,1769558399999
1769558400000,0.3607,0.3615,0.3579,0.3595,3571347.9,1769561999999
1769562000000,0.3595,0.3595,0.3562,0.3576,3353454.8,1769565599999
1769565600000,0.3575,0.3586,0.3567,0.3579,1868955.2,1769569199999
1769569200000,0.3578,0.3583,0.3562,0.3568,1587821.9,1769572799999
1769572800000,0.3568,0.357,0.355,0.3557,3251205.6,1769576399999
1769576400000,0.3558,0.3577,0.3551,0.3571,1653759.2,1769579999999
1769580000000,0.3572,0.3592,0.3569,0.3585,1769329.2,1769583599999
1769583600000,0.3586,0.3592,0.3567,0.3576,1764315.1,1769587199999
1769587200000,0.3576,0.3588,0.3567,0.357,1893394.8,1769590799999
1769590800000,0.357,0.3615,0.3564,0.3612,2989533.5,1769594399999
1769594400000,0.3612,0.3624,0.3599,0.36,2838217.8,1769597999999
1769598000000,0.3601,0.3647,0.3594,0.3645,5619450.0,1769601599999
1769601600000,0.3644,0.365,0.3598,0.3609,6954378.0,1769605199999
1769605200000,0.361,0.3636,0.3608,0.3617,3462007.6,1769608799999
1769608800000,0.3616,0.3617,0.3581,0.3585,11032333.1,1769612399999
1769612400000,0.3585,0.3599,0.3546,0.3572,8816822.5,1769615999999
1769616000000,0.3572,0.3592,0.3561,0.3568,4453967.5,1769619599999
1769619600000,0.3568,0.3615,0.3551,0.3599,4402323.7,1769623199999
1769623200000,0.3599,0.3599,0.3554,0.3575,4775815.7,1769626799999
1769626800000,0.3574,0.3594,0.3556,0.3584,3610906.7,1769630399999
1769630400000,0.3583,0.362,0.3568,0.3575,3791189.0,1769633999999
1769634000000,0.3576,0.3593,0.3551,0.3584,2862215.6,1769637599999
1769637600000,0.3585,0.3606,0.3569,0.3603,1021795.0,1769641199999
1769641200000,0.3603,0.361,0.3578,0.3583,2947233.9,1769644799999
1769644800000,0.3583,0.3592,0.3551,0.3567,3227074.5,1769648399999
1769648400000,0.3567,0.3575,0.3524,0.3544,3431743.5,1769651999999
1769652000000,0.3543,0.3557,0.3495,0.3506,7949906.9,1769655599999
1769655600000,0.3506,0.3532,0.3498,0.3512,2315099.7,1769659199999
1769659200000,0.3511,0.3513,0.3473,0.35,6089378.9,1769662799999
1769662800000,0.35,0.3511,0.3496,0.3505,1647509.7,1769666399999
1769666400000,0.3506,0.3519,0.3501,0.3519,940610.8,1769669999999
1769670000000,0.3518,0.3525,0.3509,0.3514,2532482.1,1769673599999
1769673600000,0.3514,0.3518,0.3491,0.3499,2802951.9,1769677199999
1769677200000,0.3499,0.3503,0.3488,0.3489,1484862.4,1769680799999
1769680800000,0.349,0.3491,0.3473,0.3482,2385168.5,1769684399999
1769684400000,0.3482,0.3486,0.3459,0.3466,3575918.3,1769687999999
1769688000000,0.3466,0.347,0.3441,0.3453,4075459.8,1769691599999
1769691600000,0.3453,0.3468,0.3451,0.3464,1598317.3,1769695199999
1769695200000,0.3465,0.3474,0.3386,0.3392,8699509.9,1769698799999
1769698800000,0.3391,0.3392,0.3297,0.3333,34516752.7,1769702399999
1769702400000,0.3332,0.3366,0.3305,0.3364,10385240.7,1769705999999
1769706000000,0.3364,0.341,0.3335,0.3342,10083283.0,1769709599999
1769709600000,0.3342,0.3354,0.3282,0.3282,15074912.2,1769713199999
1769713200000,0.3283,0.3321,0.3272,0.3309,7517694.3,1769716799999
1769716800000,0.3309,0.3343,0.3301,0.3336,5004823.0,1769720399999
1769720400000,0.3337,0.3359,0.3337,0.3352,4853321.0,1769723999999
1769724000000,0.3352,0.3365,0.3346,0.3351,2564418.4,1769727599999
1769727600000,0.3351,0.3351,0.333,0.3347,2142975.8,1769731199999
1769731200000,0.3346,0.3359,0.3332,0.3342,3004258.3,1769734799999
1769734800000,0.3343,0.3348,0.318,0.3269,33950989.4,1769738399999
1769738400000,0.3269,0.327,0.3206,0.3249,8969616.9,1769741999999
1769742000000,0.3249,0.3267,0.3244,0.3251,2923517.7,1769745599999
1769745600000,0.3251,0.3298,0.325,0.3283,4298985.2,1769749199999
1769749200000,0.3283,0.329,0.3266,0.3268,2992688.6,1769752799999
1769752800000,0.3268,0.3269,0.3197,0.3217,6980260.9,1769756399999
1769756400000,0.3217,0.3272,0.3217,0.3254,6232437.8,1769759999999
1769760000000,0.3255,0.3257,0.3217,0.3229,3535850.2,1769763599999
1769763600000,0.3229,0.3238,0.3204,0.3223,5155270.8,1769767199999
1769767200000,0.3223,0.324,0.3215,0.3237,2921297.0,1769770799999
1769770800000,0.3237,0.3292,0.3233,0.3279,3310505.0,1769774399999
1769774400000,0.3279,0.3283,0.3247,0.3255,2584986.2,1769777999999
1769778000000,0.3254,0.3261,0.3215,0.3236,6297125.1,1769781599999
1769781600000,0.3237,0.3284,0.3237,0.3254,6341932.1,1769785199999
1769785200000,0.3255,0.328,0.3208,0.3257,9536395.9,1769788799999
1769788800000,0.3257,0.3284,0.3235,0.3258,4838171.2,1769792399999
1769792400000,0.3259,0.3283,0.3238,0.3253,4447127.5,1769795999999
1769796000000,0.3252,0.3309,0.3161,0.3289,19352818.7,1769799599999
1769799600000,0.3289,0.3319,0.3284,0.3291,9725538.4,1769803199999
1769803200000,0.3291,0.3292,0.323,0.3236,11920333.4,1769806799999
1769806800000,0.3236,0.3272,0.3232,0.3247,6335311.7,1769810399999
1769810400000,0.3247,0.3251,0.3219,0.3235,2708667.0,1769813999999
1769814000000,0.3234,0.3235,0.32,0.3208,6078086.4,1769817599999
1769817600000,0.3208,0.3213,0.3193,0.3201,3855031.6,1769821199999
1769821200000,0.3202,0.3224,0.3201,0.3212,3203998.4,1769824799999
1769824800000,0.3212,0.3212,0.318,0.3198,4501759.8,1769828399999
1769828400000,0.3198,0.3205,0.3181,0.3184,3574677.5,1769831999999
1769832000000,0.3184,0.3192,0.3146,0.3157,17604623.9,1769835599999
1769835600000,0.3157,0.3165,0.3123,0.3159,22111250.3,1769839199999
1769839200000,0.3159,0.3164,0.3112,0.3114,27178891.1,1769842799999
1769842800000,0.3114,0.3131,0.3104,0.3124,5711451.6,1769846399999
1769846400000,0.3124,0.3128,0.307,0.3103,19755466.2,1769849999999
1769850000000,0.3104,0.3125,0.3096,0.3111,5089353.6,1769853599999
1769853600000,0.3111,0.3132,0.3102,0.3112,2917505.5,1769857199999
1769857200000,0.3113,0.3114,0.3091,0.3104,4360059.6,1769860799999
1769860800000,0.3104,0.3109,0.3092,0.3099,3154455.1,1769864399999
1769864400000,0.31,0.3101,0.3071,0.3081,5230032.9,1769867999999
1769868000000,0.3082,0.3091,0.2939,0.2985,50999841.4,1769871599999
1769871600000,0.2985,0.3006,0.296,0.2963,15130238.6,1769875199999
1769875200000,0.2962,0.3003,0.2908,0.2925,23427676.3,1769878799999
1769878800000,0.2925,0.2935,0.2771,0.2843,71653336.4,1769882399999
1769882400000,0.2843,0.2872,0.2685,0.2841,65919366.8,1769885999999
1769886000000,0.2842,0.2874,0.282,0.2853,35899114.9,1769889599999
1769889600000,0.2853,0.2875,0.2819,0.2856,11642447.5,1769893199999
1769893200000,0.2855,0.2918,0.2845,0.291,13055705.3,1769896799999
1769896800000,0.291,0.2914,0.2871,0.2886,9223891.5,1769900399999
1769900400000,0.2886,0.2958,0.2882,0.2936,10675500.9,1769903999999
1769904000000,0.2937,0.2967,0.2935,0.2957,8321818.2,1769907599999
1769907600000,0.2957,0.296,0.2915,0.2956,4946155.9,1769911199999
1769911200000,0.2955,0.2978,0.2941,0.2961,6446476.7,1769914799999
1769914800000,0.2961,0.2967,0.2951,0.2959,2943937.0,1769918399999
1769918400000,0.2959,0.2977,0.2957,0.297,5399233.2,1769921999999
1769922000000,0.297,0.2974,0.2945,0.2949,4006326.9,1769925599999
1769925600000,0.295,0.2964,0.2934,0.2945,3026709.1,1769929199999
1769929200000,0.2945,0.2992,0.2928,0.2963,10187602.6,1769932799999
1769932800000,0.2962,0.2979,0.2947,0.2966,5579006.7,1769936399999
1769936400000,0.2965,0.298,0.2952,0.2976,2439456.2,1769939999999
1769940000000,0.2976,0.2979,0.2915,0.2921,5645275.6,1769943599999
1769943600000,0.2921,0.2964,0.2921,0.2955,2925897.3,1769947199999
1769947200000,0.2954,0.2955,0.2925,0.2935,5141756.6,1769950799999
1769950800000,0.2935,0.2968,0.2927,0.2937,12130701.4,1769954399999
1769954400000,0.2937,0.2953,0.2887,0.2928,17287056.5,1769957999999
1769958000000,0.2928,0.293,0.2848,0.2894,17119191.9,1769961599999
1769961600000,0.2894,0.2917,0.2865,0.2878,10076330.7,1769965199999
1769965200000,0.2877,0.2886,0.2846,0.2872,6470782.1,1769968799999
1769968800000,0.2872,0.2929,0.2872,0.2904,8690254.9,1769972399999
1769972400000,0.2903,0.2911,0.2856,0.2869,5422111.2,1769975999999
1769976000000,0.2869,0.2908,0.2844,0.2877,6215346.6,1769979599999
1769979600000,0.2877,0.288,0.2849,0.2861,4773872.0,1769983199999
1769983200000,0.2862,0.2911,0.2858,0.2883,6243653.4,1769986799999
1769986800000,0.2883,0.2907,0.279,0.2858,22164969.7,1769990399999
1769990400000,0.2859,0.2921,0.2834,0.2892,11191153.7,1769993999999
1769994000000,0.2892,0.2936,0.2854,0.2908,7415616.4,1769997599999
1769997600000,0.2907,0.2918,0.2869,0.2875,5854153.9,1770001199999
1770001200000,0.2875,0.288,0.2764,0.2864,25504271.0,1770004799999
1770004800000,0.2865,0.29,0.2817,0.285,9177744.3,1770008399999
1770008400000,0.2849,0.2851,0.2767,0.2796,13538408.5,1770011999999
1770012000000,0.2795,0.2884,0.2757,0.2843,22872912.1,1770015599999
1770015600000,0.2843,0.2876,0.2833,0.2841,8522804.7,1770019199999
1770019200000,0.2841,0.2899,0.2841,0.289,8239669.3,1770022799999
1770022800000,0.2889,0.2931,0.2874,0.2921,13265730.9,1770026399999
1770026400000,0.2922,0.2936,0.2914,0.2923,5238952.1,1770029999999
1770030000000,0.2923,0.2948,0.292,0.2924,5641182.6,1770033599999
1770033600000,0.2924,0.2967,0.2924,0.2959,6033996.6,1770037199999
1770037200000,0.2958,0.2974,0.2946,0.2967,5988589.0,1770040799999
1770040800000,0.2967,0.3026,0.2948,0.2986,18490287.5,1770044399999
1770044400000,0.2987,0.3033,0.298,0.3014,15067844.6,1770047999999
1770048000000,0.3014,0.3027,0.2997,0.3005,6025639.3,1770051599999
1770051600000,0.3004,0.3018,0.2991,0.3005,6639921.1,1770055199999
1770055200000,0.3005,0.3034,0.2995,0.3025,5058257.2,1770058799999
1770058800000,0.3026,0.3033,0.3,0.3002,3383119.9,1770062399999
1770062400000,0.3002,0.3016,0.2978,0.2994,7415481.0,1770065999999
1770066000000,0.2995,0.3015,0.2992,0.3008,2778970.3,1770069599999
1770069600000,0.3008,0.3012,0.2996,0.3005,1930792.7,1770073199999
1770073200000,0.3005,0.3005,0.2988,0.2991,2831116.2,1770076799999
1770076800000,0.2991,0.3004,0.2974,0.3001,3557378.3,1770080399999
1770080400000,0.3001,0.3004,0.298,0.3,2248400.1,1770083999999
1770084000000,0.3,0.3,0.2941,0.2945,4848117.4,1770087599999
1770087600000,0.2945,0.2997,0.2934,0.2993,3940207.3,1770091199999
1770091200000,0.2993,0.3019,0.2979,0.3014,3541023.3,1770094799999
1770094800000,0.3015,0.3016,0.2977,0.2978,2736625.6,1770098399999
1770098400000,0.2979,0.2987,0.2956,0.298,4213751.8,1770101999999
1770102000000,0.298,0.3008,0.2971,0.2993,2501642.0,1770105599999
1770105600000,0.2994,0.3007,0.2978,0.2981,3293140.6,1770109199999
1770109200000,0.2981,0.2992,0.2938,0.2963,6848122.7,1770112799999
1770112800000,0.2963,0.2972,0.2948,0.2958,1611159.2,1770116399999
1770116400000,0.2958,0.298,0.2958,0.2973,2843271.4,1770119999999
1770120000000,0.2973,0.3,0.2964,0.2992,3748151.1,1770123599999
1770123600000,0.2992,0.3004,0.2982,0.2996,3500105.1,1770127199999
1770127200000,0.2996,0.3003,0.2938,0.2941,8487259.8,1770130799999
1770130800000,0.294,0.305,0.2933,0.3039,19010803.0,1770134399999
1770134400000,0.304,0.304,0.2946,0.2956,12024946.7,1770137999999
1770138000000,0.2956,0.2962,0.287,0.2874,10817149.5,1770141599999
1770141600000,0.2875,0.2892,0.2817,0.2823,18748095.2,1770145199999
1770145200000,0.2823,0.2964,0.282,0.2949,21350443.5,1770148799999
1770148800000,0.2948,0.3046,0.2908,0.3013,22769071.1,1770152399999
1770152400000,0.3012,0.3036,0.2961,0.2968,6161842.7,1770155999999
1770156000000,0.2968,0.297,0.2918,0.2928,5353074.0,1770159599999
1770159600000,0.2927,0.2931,0.2897,0.2917,4699395.5,1770163199999
1770163200000,0.2917,0.2958,0.2906,0.2944,3918983.7,1770166799999
1770166800000,0.2944,0.2994,0.2944,0.2972,2816138.7,1770170399999
1770170400000,0.2972,0.298,0.2942,0.2951,3728105.4,1770173999999
1770174000000,0.295,0.3018,0.2946,0.3011,8128616.1,1770177599999
1770177600000,0.3012,0.3027,0.2995,0.2996,3551598.9,1770181199999
1770181200000,0.2997,0.2999,0.2964,0.2973,2027503.2,1770184799999
1770184800000,0.2974,0.3005,0.2973,0.2993,3747745.1,1770188399999
1770188400000,0.2993,0.3009,0.2977,0.2998,4001732.2,1770191999999
1770192000000,0.2999,0.3027,0.2987,0.3022,3274261.1,1770195599999
1770195600000,0.3022,0.3023,0.2987,0.3001,4586233.0,1770199199999
1770199200000,0.3001,0.3009,0.2994,0.2997,2134758.6,1770202799999
1770202800000,0.2997,0.2998,0.2942,0.2972,14662857.4,1770206399999
1770206400000,0.2972,0.2977,0.2955,0.2964,2356574.8,1770209999999
1770210000000,0.2964,0.2966,0.2915,0.2916,6213462.5,1770213599999
1770213600000,0.2916,0.294,0.2865,0.287,9960469.9,1770217199999
1770217200000,0.2869,0.2911,0.2834,0.2866,14477182.4,1770220799999
1770220800000,0.2867,0.2889,0.2825,0.2858,15746090.2,1770224399999
1770224400000,0.2858,0.2882,0.2822,0.2857,13976248.9,1770227999999
1770228000000,0.2856,0.2916,0.2812,0.2877,17594507.9,1770231599999
1770231600000,0.2877,0.2934,0.2865,0.2924,10790380.9,1770235199999
1770235200000,0.2925,0.2933,0.2889,0.2895,6312442.2,1770238799999
1770238800000,0.2895,0.2904,0.2829,0.2854,4409647.8,1770242399999
1770242400000,0.2855,0.2896,0.2803,0.2835,7102457.2,1770245999999
1770246000000,0.2835,0.2886,0.2829,0.2864,6239426.0,1770249599999
1770249600000,0.2864,0.2877,0.285,0.2864,3892808.6,1770253199999
1770253200000,0.2864,0.2899,0.2837,0.2861,6898832.4,1770256799999
1770256800000,0.2861,0.2894,0.2836,0.2842,8267818.6,1770260399999
1770260400000,0.2842,0.2867,0.2823,0.2828,7145159.3,1770263999999
1770264000000,0.2828,0.2852,0.2813,0.2833,8562011.4,1770267599999
1770267600000,0.2834,0.2867,0.2799,0.2839,13767101.6,1770271199999
1770271200000,0.2839,0.2843,0.2785,0.2797,13640808.9,1770274799999
1770274800000,0.2798,0.2837,0.2789,0.2794,12399698.7,1770278399999
1770278400000,0.2795,0.2827,0.2793,0.2808,5365930.9,1770281999999
1770282000000,0.2808,0.284,0.2795,0.2804,5948109.8,1770285599999
1770285600000,0.2805,0.2807,0.2713,0.2728,14767450.3,1770289199999
1770289200000,0.2728,0.2746,0.2671,0.2721,23808964.9,1770292799999
1770292800000,0.2721,0.2734,0.2691,0.272,14130775.1,1770296399999
1770296400000,0.272,0.2745,0.2693,0.27,8298040.8,1770299999999
1770300000000,0.2701,0.2779,0.27,0.2718,15604070.4,1770303599999
1770303600000,0.2719,0.2727,0.2575,0.2623,70818236.1,1770307199999
1770307200000,0.2623,0.2676,0.2599,0.2653,31218046.0,1770310799999
1770310800000,0.2654,0.2665,0.2553,0.258,25045634.3,1770314399999
1770314400000,0.258,0.2603,0.2537,0.2589,24361125.0,1770317999999
1770318000000,0.2589,0.2591,0.2531,0.2538,14043972.9,1770321599999
1770321600000,0.2538,0.2565,0.2436,0.2477,67562877.2,1770325199999
1770325200000,0.2478,0.2546,0.245,0.2472,30528937.3,1770328799999
1770328800000,0.2472,0.2524,0.2437,0.2493,23878840.5,1770332399999
1770332400000,0.2494,0.2545,0.2445,0.2455,18468828.2,1770335999999
1770336000000,0.2455,0.2474,0.2205,0.2439,172245468.3,1770339599999
1770339600000,0.244,0.2528,0.2429,0.252,22174316.5,1770343199999
1770343200000,0.252,0.2539,0.2447,0.2461,12857025.3,1770346799999
1770346800000,0.2462,0.2495,0.2457,0.249,12088634.3,1770350399999
1770350400000,0.2491,0.2528,0.2479,0.2513,18492598.4,1770353999999
1770354000000,0.2512,0.2589,0.2507,0.2579,24783088.7,1770357599999
1770357600000,0.2579,0.2594,0.2538,0.2544,25694553.1,1770361199999
1770361200000,0.2544,0.2547,0.2511,0.2515,22981707.3,1770364799999
1770364800000,0.2515,0.2528,0.2488,0.251,26480105.0,1770368399999
1770368400000,0.2509,0.2579,0.25,0.2571,22629333.6,1770371999999
1770372000000,0.257,0.263,0.2564,0.262,22750817.4,1770375599999
1770375600000,0.2619,0.2639,0.2606,0.2616,20022653.5,1770379199999
1770379200000,0.2615,0.2626,0.2599,0.2625,15980248.6,1770382799999
1770382800000,0.2625,0.2663,0.2619,0.2646,24077482.8,1770386399999
1770386400000,0.2645,0.2722,0.262,0.2711,36063301.8,1770389999999
1770390000000,0.2712,0.2747,0.2687,0.2735,39773674.6,1770393599999
1770393600000,0.2735,0.2806,0.2726,0.2784,29396919.8,1770397199999
1770397200000,0.2784,0.2843,0.2768,0.2807,28813903.4,1770400799999
1770400800000,0.2806,0.2811,0.275,0.2777,26465077.4,1770404399999
