open_ms,open,high,low,close,volume,close_ms
1767816000000,0.2127,0.2131,0.2111,0.2116,756477.1,1767819599999
1767819600000,0.2116,0.2125,0.2112,0.2114,1113151.1,1767823199999
1767823200000,0.2113,0.2131,0.2104,0.2111,1020722.1,1767826799999
1767826800000,0.2111,0.2135,0.2102,0.2128,1299895.0,1767830399999
1767830400000,0.2128,0.2133,0.2115,0.213,663821.9,1767833999999
1767834000000,0.2131,0.2137,0.2124,0.2133,1422939.5,1767837599999
1767837600000,0.2132,0.2139,0.2112,0.2117,1499474.4,1767841199999
1767841200000,0.2117,0.2129,0.2092,0.2098,1440537.9,1767844799999
1767844800000,0.2099,0.2119,0.2095,0.2114,1247229.2,1767848399999
1767848400000,0.2114,0.2125,0.2108,0.2111,624866.2,1767851999999
1767852000000,0.2111,0.2115,0.2073,0.2074,2538861.1,1767855599999
1767855600000,0.2074,0.211,0.2063,0.2109,2788301.7,1767859199999
1767859200000,0.211,0.2118,0.2091,0.2093,1008932.1,1767862799999
1767862800000,0.2094,0.2099,0.2071,0.2074,1268431.9,1767866399999
1767866400000,0.2074,0.2097,0.2059,0.2092,2073219.9,1767869999999
1767870000000,0.2093,0.2094,0.2067,0.2078,2624614.5,1767873599999
1767873600000,0.2077,0.2078,0.2053,0.206,1815122.7,1767877199999
1767877200000,0.206,0.2065,0.2049,0.2055,1524091.0,1767880799999
1767880800000,0.2054,0.2073,0.2036,0.2066,4557745.8,1767884399999
1767884400000,0.2066,0.2124,0.2056,0.2121,4091600.0,1767887999999
1767888000000,0.212,0.2125,0.2096,0.212,3297918.1,1767891599999
1767891600000,0.212,0.2128,0.2105,0.2121,1732753.4,1767895199999
1767895200000,0.212,0.2123,0.21,0.2104,1164529.1,1767898799999
1767898800000,0.2104,0.2113,0.2084,0.2087,1151201.6,1767902399999
1767902400000,0.2087,0.2087,0.2068,0.208,1703352.5,1767905999999
1767906000000,0.2081,0.2102,0.208,0.2099,841138.1,1767909599999
1767909600000,0.2099,0.2114,0.2088,0.21,1567875.0,1767913199999
1767913200000,0.2101,0.2104,0.2089,0.209,704664.3,1767916799999
1767916800000,0.209,0.2097,0.2089,0.2093,432393.3,1767920399999
1767920400000,0.2094,0.2113,0.2074,0.2084,3331405.8,1767923999999
1767924000000,0.2084,0.2097,0.2074,0.2077,4352566.7,1767927599999
1767927600000,0.2077,0.2094,0.2075,0.2093,882230.0,1767931199999
1767931200000,0.2092,0.2096,0.2081,0.2081,887060.2,1767934799999
1767934800000,0.2082,0.2087,0.2075,0.2086,795719.0,1767938399999
1767938400000,0.2086,0.2091,0.208,0.2089,1006743.3,1767941999999
1767942000000,0.2088,0.209,0.2084,0.2084,816648.1,1767945599999
1767945600000,0.2085,0.209,0.2049,0.2062,2984624.8,1767949199999
1767949200000,0.2062,0.2084,0.2061,0.2075,1081983.1,1767952799999
1767952800000,0.2075,0.208,0.2069,0.2076,538450.1,1767956399999
1767956400000,0.2076,0.2081,0.207,0.2072,1236973.8,1767959999999
1767960000000,0.2071,0.2074,0.206,0.2064,736864.1,1767963599999
1767963600000,0.2065,0.2095,0.2065,0.2084,3209137.0,1767967199999
1767967200000,0.2085,0.2085,0.2053,0.2062,2287864.8,1767970799999
1767970800000,0.2063,0.2121,0.2048,0.2099,16545425.9,1767974399999
1767974400000,0.21,0.2137,0.2099,0.212,3011760.5,1767977999999
1767978000000,0.2122,0.2122,0.2089,0.2111,1917773.1,1767981599999
1767981600000,0.211,0.2112,0.2063,0.2085,1719437.7,1767985199999
1767985200000,0.2084,0.2086,0.2054,0.206,1873501.0,1767988799999
1767988800000,0.2059,0.2074,0.2057,0.2064,1288770.3,1767992399999
1767992400000,0.2064,0.2078,0.2057,0.2074,1277413.1,1767995999999
1767996000000,0.2073,0.2082,0.2068,0.2082,1188698.3,1767999599999
1767999600000,0.2081,0.2086,0.2072,0.2075,462061.0,1768003199999
1768003200000,0.2075,0.2076,0.2057,0.2062,722849.4,1768006799999
1768006800000,0.2063,0.2071,0.2059,0.2065,328651.5,1768010399999
1768010400000,0.2066,0.2067,0.2054,0.2056,666313.0,1768013999999
1768014000000,0.2056,0.2061,0.2048,0.206,589594.5,1768017599999
1768017600000,0.206,0.2064,0.205,0.2058,508410.0,1768021199999
1768021200000,0.2059,0.2064,0.2057,0.206,305718.3,1768024799999
1768024800000,0.206,0.2067,0.2053,0.2066,434634.1,1768028399999
1768028400000,0.2065,0.2081,0.2065,0.2081,966091.5,1768031999999
1768032000000,0.208,0.2089,0.2078,0.2088,861882.6,1768035599999
1768035600000,0.2089,0.2134,0.2087,0.2105,5517726.0,1768039199999
1768039200000,0.2103,0.2107,0.2095,0.2106,883302.2,1768042799999
1768042800000,0.2106,0.211,0.2098,0.2109,705886.0,1768046399999
1768046400000,0.2109,0.2127,0.2106,0.2126,935377.6,1768049999999
1768050000000,0.2126,0.2129,0.2117,0.2119,1107102.1,1768053599999
1768053600000,0.2119,0.212,0.2104,0.2106,908994.6,1768057199999
1768057200000,0.2106,0.2112,0.2104,0.2107,778942.3,1768060799999
1768060800000,0.2107,0.2108,0.2096,0.2101,449756.4,1768064399999
1768064400000,0.2102,0.2113,0.2086,0.2088,1417857.1,1768067999999
1768068000000,0.2088,0.2096,0.2085,0.2092,576161.3,1768071599999
1768071600000,0.2093,0.2106,0.2092,0.2104,638835.0,1768075199999
1768075200000,0.2105,0.2107,0.2094,0.2095,359040.5,1768078799999
1768078800000,0.2094,0.2096,0.2083,0.2083,537964.6,1768082399999
1768082400000,0.2082,0.2083,0.2062,0.2063,846951.0,1768085999999
1768086000000,0.2063,0.2073,0.2062,0.2069,772663.8,1768089599999
1768089600000,0.207,0.2078,0.2063,0.2076,485532.7,1768093199999
1768093200000,0.2074,0.2081,0.207,0.2078,336793.0,1768096799999
1768096800000,0.2079,0.2082,0.2071,0.2072,294138.2,1768100399999
1768100400000,0.2072,0.2077,0.2071,0.2073,690319.7,1768103999999
1768104000000,0.2072,0.2077,0.2065,0.2076,909933.2,1768107599999
1768107600000,0.2076,0.2078,0.207,0.2075,797826.0,1768111199999
1768111200000,0.2075,0.2078,0.2063,0.2077,725361.4,1768114799999
1768114800000,0.2077,0.2086,0.2072,0.2085,1227579.7,1768118399999
1768118400000,0.2084,0.2086,0.2078,0.2081,766491.0,1768121999999
1768122000000,0.208,0.2087,0.2079,0.2086,529305.6,1768125599999
1768125600000,0.2085,0.2089,0.2081,0.2083,444677.8,1768129199999
1768129200000,0.2082,0.2086,0.2081,0.2084,431615.2,1768132799999
1768132800000,0.2085,0.2101,0.2084,0.2099,1260798.0,1768136399999
1768136400000,0.2099,0.21,0.2081,0.2082,824167.9,1768139999999
1768140000000,0.2082,0.2102,0.2081,0.2098,675880.7,1768143599999
1768143600000,0.2099,0.2101,0.2061,0.2068,1314073.2,1768147199999
1768147200000,0.2068,0.2095,0.2064,0.2076,2161819.8,1768150799999
1768150800000,0.2076,0.2081,0.2064,0.2079,548219.5,1768154399999
1768154400000,0.208,0.208,0.2066,0.2074,600007.6,1768157999999
1768158000000,0.2072,0.2078,0.2057,0.206,719707.0,1768161599999
1768161600000,0.2059,0.2059,0.2034,0.2045,2464284.6,1768165199999
1768165200000,0.2044,0.2052,0.203,0.2049,1346665.9,1768168799999
1768168800000,0.2048,0.2048,0.2022,0.2025,2128111.6,1768172399999
1768172400000,0.2024,0.2045,0.201,0.2042,1847797.6,1768175999999
1768176000000,0.2043,0.205,0.2018,0.2047,3010778.8,1768179599999
1768179600000,0.2047,0.207,0.2045,0.2061,2123907.0,1768183199999
1768183200000,0.2062,0.2101,0.2061,0.2096,2663593.7,1768186799999
1768186800000,0.2097,0.2113,0.2081,0.2082,2219490.1,1768190399999
1768190400000,0.2081,0.2101,0.2078,0.2099,927828.2,1768193999999
1768194000000,0.2099,0.2105,0.209,0.2091,826290.8,1768197599999
1768197600000,0.209,0.2094,0.2074,0.2076,1045817.8,1768201199999
1768201200000,0.2076,0.2087,0.2048,0.205,1661530.5,1768204799999
1768204800000,0.205,0.2062,0.2016,0.2032,3601817.8,1768208399999
1768208400000,0.2032,0.2034,0.2021,0.2023,1504369.7,1768211999999
1768212000000,0.2024,0.2031,0.2016,0.2019,1052798.0,1768215599999
1768215600000,0.2018,0.2032,0.2017,0.2029,858519.5,1768219199999
1768219200000,0.2028,0.203,0.2015,0.2017,849725.4,1768222799999
1768222800000,0.2018,0.202,0.1999,0.2004,1441877.9,1768226399999
1768226400000,0.2004,0.2033,0.1992,0.2024,4326415.7,1768229999999
1768230000000,0.2023,0.205,0.2017,0.2047,2668940.0,1768233599999
1768233600000,0.2047,0.2067,0.2037,0.2058,1807073.1,1768237199999
1768237200000,0.2058,0.2063,0.2014,0.2029,2105445.5,1768240799999
1768240800000,0.2028,0.2042,0.202,0.2025,1722524.0,1768244399999
1768244400000,0.2025,0.2033,0.2016,0.2031,1089990.8,1768247999999
1768248000000,0.2031,0.2041,0.201,0.2012,1212683.5,1768251599999
1768251600000,0.2011,0.2013,0.1992,0.2002,1243065.8,1768255199999
1768255200000,0.2002,0.2015,0.2001,0.2008,667381.9,1768258799999
1768258800000,0.2009,0.2013,0.2,0.2008,488342.6,1768262399999
1768262400000,0.2007,0.2022,0.2007,0.2021,975287.4,1768265999999
1768266000000,0.202,0.2027,0.2014,0.202,816358.4,1768269599999
1768269600000,0.2021,0.2035,0.2018,0.202,851220.4,1768273199999
1768273200000,0.202,0.203,0.2016,0.2027,1189404.5,1768276799999
1768276800000,0.2028,0.2036,0.2024,0.2035,498334.8,1768280399999
1768280400000,0.2034,0.2058,0.2034,0.2044,1367320.7,1768283999999
1768284000000,0.2044,0.2058,0.2041,0.2055,1233059.3,1768287599999
1768287600000,0.2056,0.2056,0.2043,0.2047,832487.0,1768291199999
1768291200000,0.2046,0.2059,0.2043,0.2057,531322.2,1768294799999
1768294800000,0.2056,0.2066,0.2055,0.2058,1482829.3,1768298399999
1768298400000,0.2058,0.2063,0.2049,0.2058,956015.6,1768301999999
1768302000000,0.2058,0.207,0.2054,0.2065,1242671.4,1768305599999
1768305600000,0.2065,0.2079,0.2061,0.2075,1902160.9,1768309199999
1768309200000,0.2076,0.2103,0.2073,0.2095,6358008.6,1768312799999
1768312800000,0.2095,0.2139,0.2088,0.2117,4917656.2,1768316399999
1768316400000,0.2116,0.2143,0.2093,0.2142,4203279.9,1768319999999
1768320000000,0.2143,0.2174,0.2143,0.2169,5559619.1,1768323599999
1768323600000,0.2169,0.2172,0.2143,0.2168,4896803.5,1768327199999
1768327200000,0.2167,0.2185,0.2161,0.2166,3933170.4,1768330799999
1768330800000,0.2167,0.217,0.2151,0.2168,2585692.7,1768334399999
1768334400000,0.2169,0.2171,0.2137,0.2146,2999359.3,1768337999999
1768338000000,0.2146,0.2164,0.2145,0.2162,1833151.1,1768341599999
1768341600000,0.2163,0.2261,0.216,0.2238,18018220.5,1768345199999
1768345200000,0.2239,0.2251,0.2205,0.2214,3229104.5,1768348799999
1768348800000,0.2214,0.2233,0.2213,0.2226,3157077.3,1768352399999
1768352400000,0.2226,0.2237,0.2219,0.223,3488473.2,1768355999999
1768356000000,0.2229,0.2238,0.2217,0.2221,2184712.2,1768359599999
1768359600000,0.2221,0.2233,0.2214,0.2233,1451285.5,1768363199999
1768363200000,0.2234,0.2247,0.2221,0.2239,3187137.4,1768366799999
1768366800000,0.2239,0.2239,0.2217,0.2227,1867091.3,1768370399999
1768370400000,0.2227,0.2239,0.2214,0.2239,2286206.3,1768373999999
1768374000000,0.2239,0.2242,0.2223,0.2225,1187644.0,1768377599999
1768377600000,0.2226,0.2241,0.2223,0.2238,1697114.3,1768381199999
1768381200000,0.2238,0.225,0.2237,0.2242,1457025.1,1768384799999
1768384800000,0.2243,0.2249,0.2224,0.223,1189531.7,1768388399999
1768388400000,0.2229,0.223,0.2205,0.2208,2134273.5,1768391999999
1768392000000,0.2208,0.2228,0.2203,0.2221,3036143.3,1768395599999
1768395600000,0.2221,0.2221,0.2189,0.219,1470553.6,1768399199999
1768399200000,0.219,0.2231,0.2189,0.2218,3824563.0,1768402799999
1768402800000,0.2218,0.2238,0.2203,0.2225,7343673.8,1768406399999
1768406400000,0.2226,0.2247,0.2224,0.223,4840553.9,1768409999999
1768410000000,0.2229,0.2239,0.2198,0.2204,5118817.2,1768413599999
1768413600000,0.2203,0.2208,0.2158,0.2175,4059509.0,1768417199999
1768417200000,0.2176,0.2216,0.217,0.2194,3187283.8,1768420799999
1768420800000,0.2195,0.221,0.2184,0.2195,2159998.6,1768424399999
1768424400000,0.2195,0.2201,0.2182,0.2192,1495640.9,1768427999999
1768428000000,0.2191,0.2193,0.2167,0.2173,1466830.5,1768431599999
1768431600000,0.2173,0.2188,0.2169,0.2174,1042439.9,1768435199999
1768435200000,0.2175,0.2176,0.2161,0.2169,1507176.2,1768438799999
1768438800000,0.217,0.2183,0.2161,0.2164,1382495.8,1768442399999
1768442400000,0.2164,0.2166,0.214,0.2143,2430380.8,1768445999999
1768446000000,0.2144,0.2148,0.2109,0.2114,2282834.4,1768449599999
1768449600000,0.2113,0.2133,0.2111,0.213,1732096.2,1768453199999
1768453200000,0.2129,0.2137,0.2126,0.2134,1322713.9,1768456799999
1768456800000,0.2134,0.2137,0.2125,0.2125,1047553.6,1768460399999
1768460400000,0.2126,0.2162,0.2124,0.2155,1817745.1,1768463999999
1768464000000,0.2154,0.2156,0.2138,0.2149,974818.7,1768467599999
1768467600000,0.2149,0.2169,0.214,0.2162,2055697.8,1768471199999
1768471200000,0.2162,0.2166,0.2153,0.216,2015207.0,1768474799999
1768474800000,0.2159,0.2164,0.2142,0.2147,1262704.7,1768478399999
1768478400000,0.2147,0.217,0.2146,0.2169,1539109.3,1768481999999
1768482000000,0.2168,0.2185,0.2164,0.2178,2493064.2,1768485599999
1768485600000,0.2178,0.2188,0.2133,0.2148,2904333.5,1768489199999
1768489200000,0.2147,0.2159,0.207,0.2105,7312840.0,1768492799999
1768492800000,0.2104,0.2109,0.208,0.2106,3321937.7,1768496399999
1768496400000,0.2107,0.2116,0.2085,0.2088,3548290.3,1768499999999
1768500000000,0.2089,0.2093,0.2057,0.2064,2704856.0,1768503599999
1768503600000,0.2063,0.2076,0.2051,0.2075,2999692.1,1768507199999
1768507200000,0.2075,0.2082,0.206,0.2066,1411871.4,1768510799999
1768510800000,0.2066,0.2083,0.2065,0.2079,1335651.6,1768514399999
1768514400000,0.2079,0.2096,0.2071,0.2091,3294325.5,1768517999999
1768518000000,0.209,0.2103,0.2084,0.2099,1599654.1,1768521599999
1768521600000,0.2099,0.2104,0.2092,0.2092,725797.9,1768525199999
1768525200000,0.2093,0.2095,0.2085,0.2088,1193581.1,1768528799999
1768528800000,0.2088,0.2093,0.207,0.2091,2176002.3,1768532399999
1768532400000,0.2092,0.2094,0.2074,0.2075,918996.5,1768535999999
1768536000000,0.2075,0.2081,0.2062,0.2071,9633321.3,1768539599999
1768539600000,0.207,0.2098,0.2069,0.2092,1335888.3,1768543199999
1768543200000,0.2091,0.2107,0.2088,0.2106,1028075.1,1768546799999
1768546800000,0.2105,0.2111,0.2098,0.2101,1715083.0,1768550399999
1768550400000,0.2102,0.2111,0.2101,0.2106,1017808.6,1768553999999
1768554000000,0.2106,0.2109,0.21,0.2101,996746.5,1768557599999
1768557600000,0.2101,0.2103,0.2091,0.2093,1001766.4,1768561199999
1768561200000,0.2093,0.21,0.2087,0.2097,877718.4,1768564799999
1768564800000,0.2098,0.2099,0.2088,0.2091,681555.5,1768568399999
1768568400000,0.2091,0.2091,0.208,0.2087,931276.5,1768571999999
1768572000000,0.2086,0.2099,0.2085,0.2088,1904657.0,1768575599999
1768575600000,0.2087,0.2103,0.2033,0.2047,6676493.2,1768579199999
1768579200000,0.2047,0.2068,0.2043,0.2055,2981166.4,1768582799999
1768582800000,0.2055,0.207,0.2043,0.2067,1007505.3,1768586399999
1768586400000,0.2069,0.2073,0.2062,0.2065,1090280.7,1768589999999
1768590000000,0.2064,0.2073,0.2054,0.2069,938994.9,1768593599999
1768593600000,0.2069,0.2097,0.2059,0.2096,2795691.6,1768597199999
1768597200000,0.2096,0.2104,0.209,0.2096,1814230.0,1768600799999
1768600800000,0.2096,0.2099,0.2088,0.2096,1241707.5,1768604399999
1768604400000,0.2096,0.21,0.209,0.2098,841048.7,1768607999999
1768608000000,0.2098,0.2109,0.2092,0.2107,1380178.4,1768611599999
1768611600000,0.2107,0.2124,0.2105,0.2118,2146715.9,1768615199999
1768615200000,0.2117,0.2121,0.21,0.2105,1473082.3,1768618799999
1768618800000,0.2105,0.2112,0.2102,0.2106,579434.8,1768622399999
1768622400000,0.2106,0.2112,0.21,0.211,507144.8,1768625999999
1768626000000,0.2111,0.2125,0.2111,0.212,1406277.3,1768629599999
1768629600000,0.212,0.2123,0.211,0.2114,1075476.9,1768633199999
1768633200000,0.2114,0.2133,0.2108,0.2131,1506307.7,1768636799999
1768636800000,0.2131,0.2158,0.213,0.2153,2637399.1,1768640399999
1768640400000,0.2153,0.2156,0.2144,0.2145,2336357.4,1768643999999
1768644000000,0.2144,0.2165,0.2141,0.2158,1988249.7,1768647599999
1768647600000,0.2157,0.2158,0.2133,0.2133,4571122.7,1768651199999
1768651200000,0.2133,0.2168,0.2131,0.2163,2855943.3,1768654799999
1768654800000,0.2163,0.2174,0.2157,0.2168,2803758.3,1768658399999
1768658400000,0.2167,0.2207,0.2162,0.2205,3967267.8,1768661999999
1768662000000,0.2205,0.2221,0.2201,0.2221,4347039.9,1768665599999
1768665600000,0.222,0.224,0.2196,0.2209,5865547.2,1768669199999
1768669200000,0.2209,0.2224,0.219,0.2198,2938884.3,1768672799999
1768672800000,0.2198,0.2203,0.2191,0.2196,1227359.0,1768676399999
1768676400000,0.2197,0.2205,0.2186,0.2193,918572.8,1768679999999
1768680000000,0.2194,0.2199,0.218,0.2182,1591020.6,1768683599999
1768683600000,0.2182,0.2183,0.217,0.2173,1623144.5,1768687199999
1768687200000,0.2173,0.2174,0.2142,0.2149,1832301.8,1768690799999
1768690800000,0.2149,0.2167,0.2147,0.2166,1889923.1,1768694399999
1768694400000,0.2166,0.22,0.216,0.2171,5141635.9,1768697999999
1768698000000,0.2171,0.2175,0.2147,0.2153,1961238.6,1768701599999
1768701600000,0.2154,0.216,0.2139,0.2146,1140677.2,1768705199999
1768705200000,0.2145,0.2157,0.2144,0.2149,542403.9,1768708799999
1768708800000,0.2149,0.2152,0.2135,0.2143,1074140.5,1768712399999
1768712400000,0.2142,0.2147,0.2134,0.2146,866092.1,1768715999999
1768716000000,0.2147,0.2147,0.2134,0.2138,1007561.4,1768719599999
1768719600000,0.2138,0.214,0.2123,0.2135,1103401.3,1768723199999
1768723200000,0.2136,0.2137,0.2126,0.2134,1742586.2,1768726799999
1768726800000,0.2133,0.2155,0.2133,0.2154,3818387.1,1768730399999
1768730400000,0.2154,0.2154,0.214,0.2151,1356253.2,1768733999999
1768734000000,0.215,0.2164,0.2147,0.2161,992832.9,1768737599999
1768737600000,0.2161,0.217,0.2153,0.2157,842684.9,1768741199999
1768741200000,0.2156,0.2159,0.214,0.2153,1114932.1,1768744799999
1768744800000,0.2153,0.2168,0.2142,0.2145,1500179.3,1768748399999
1768748400000,0.2144,0.2163,0.2132,0.2162,1583574.6,1768751999999
1768752000000,0.2162,0.2173,0.2155,0.2158,955020.4,1768755599999
1768755600000,0.2159,0.2169,0.215,0.2166,1092955.5,1768759199999
1768759200000,0.2167,0.2199,0.2161,0.2196,2744565.5,1768762799999
1768762800000,0.2197,0.2205,0.2179,0.2182,1219807.7,1768766399999
1768766400000,0.2182,0.221,0.2178,0.2196,2858839.3,1768769999999
1768770000000,0.2196,0.2198,0.2189,0.2191,667474.7,1768773599999
1768773600000,0.2192,0.2207,0.2191,0.2201,769054.4,1768777199999
1768777200000,0.2202,0.2202,0.206,0.2061,10168525.4,1768780799999
1768780800000,0.2061,0.2061,0.1829,0.1933,46462930.0,1768784399999
1768784400000,0.1932,0.1949,0.1918,0.1943,7672044.8,1768787999999
1768788000000,0.1942,0.1956,0.1936,0.1943,4005151.3,1768791599999
1768791600000,0.1942,0.1943,0.1921,0.1932,3960620.0,1768795199999
1768795200000,0.1931,0.1932,0.1909,0.191,4746997.0,1768798799999
1768798800000,0.1911,0.1921,0.1904,0.192,4715788.3,1768802399999
1768802400000,0.1919,0.1925,0.1911,0.1915,3019691.1,1768805999999
1768806000000,0.1915,0.1935,0.1911,0.1923,4890332.1,1768809599999
1768809600000,0.1923,0.1935,0.1916,0.193,5074961.0,1768813199999
1768813200000,0.193,0.1934,0.1922,0.1925,2448321.7,1768816799999
1768816800000,0.1925,0.1925,0.1904,0.1916,4503886.3,1768820399999
1768820400000,0.1916,0.1923,0.1904,0.1906,6612802.0,1768823999999
1768824000000,0.1906,0.1906,0.1886,0.1894,6422562.1,1768827599999
1768827600000,0.1895,0.1904,0.1889,0.19,3868746.8,1768831199999
1768831200000,0.19,0.192,0.1897,0.1913,2512367.6,1768834799999
1768834800000,0.1912,0.1918,0.19,0.1914,2307412.4,1768838399999
1768838400000,0.1913,0.194,0.191,0.1939,2881158.7,1768841999999
1768842000000,0.1938,0.1941,0.193,0.1935,1795378.4,1768845599999
1768845600000,0.1935,0.1941,0.1924,0.194,1052712.2,1768849199999
1768849200000,0.194,0.1972,0.194,0.1958,2720869.3,1768852799999
1768852800000,0.1958,0.1961,0.1944,0.1951,1471118.1,1768856399999
1768856400000,0.1951,0.1957,0.193,0.1934,1599088.4,1768859999999
1768860000000,0.1933,0.194,0.1916,0.1917,2132250.4,1768863599999
1768863600000,0.1916,0.1944,0.191,0.1934,1867738.5,1768867199999
1768867200000,0.1934,0.1937,0.1922,0.1924,1321970.5,1768870799999
1768870800000,0.1923,0.1939,0.1912,0.1925,881313.1,1768874399999
1768874400000,0.1925,0.1942,0.1911,0.1939,2190722.5,1768877999999
1768878000000,0.1939,0.1946,0.1927,0.1939,1944230.9,1768881599999
1768881600000,0.1939,0.1943,0.1928,0.1931,1360345.7,1768885199999
1768885200000,0.1931,0.1941,0.1919,0.193,2346270.4,1768888799999
1768888800000,0.1929,0.1929,0.1898,0.1908,3253948.4,1768892399999
1768892400000,0.1908,0.1921,0.1901,0.1901,1280658.5,1768895999999
1768896000000,0.1901,0.1902,0.1873,0.189,4294874.0,1768899599999
1768899600000,0.1889,0.1906,0.1881,0.1905,3903195.8,1768903199999
1768903200000,0.1904,0.1933,0.1898,0.1903,4869794.3,1768906799999
1768906800000,0.1902,0.1905,0.1886,0.1891,1927344.5,1768910399999
1768910400000,0.1891,0.1908,0.1889,0.1904,1824910.1,1768913999999
1768914000000,0.1903,0.1905,0.1879,0.1883,3528525.1,1768917599999
1768917600000,0.1883,0.191,0.1877,0.189,3336986.3,1768921199999
1768921200000,0.189,0.1892,0.1858,0.1874,4166764.5,1768924799999
1768924800000,0.1874,0.1882,0.1834,0.1848,3736594.7,1768928399999
1768928400000,0.1847,0.1864,0.1827,0.1837,2494741.0,1768931999999
1768932000000,0.1838,0.1846,0.182,0.1832,2199283.3,1768935599999
1768935600000,0.1833,0.1843,0.1828,0.184,1292801.0,1768939199999
1768939200000,0.1839,0.1856,0.1831,0.1849,2134395.4,1768942799999
1768942800000,0.185,0.1852,0.1833,0.1836,753054.0,1768946399999
1768946400000,0.1836,0.1839,0.1794,0.1824,4080423.2,1768949999999
1768950000000,0.1824,0.1825,0.1813,0.1819,2212986.6,1768953599999
1768953600000,0.182,0.1849,0.1819,0.1846,2861069.7,1768957199999
1768957200000,0.1847,0.186,0.1847,0.1852,1508016.7,1768960799999
1768960800000,0.1853,0.1871,0.1853,0.1869,1385872.3,1768964399999
1768964400000,0.187,0.1879,0.1862,0.1867,1457795.0,1768967999999
1768968000000,0.1868,0.187,0.1862,0.1868,592411.7,1768971599999
1768971600000,0.1868,0.1876,0.1864,0.1872,1252663.9,1768975199999
1768975200000,0.1872,0.1873,0.1862,0.1864,803393.3,1768978799999
1768978800000,0.1864,0.1874,0.186,0.1865,1579556.8,1768982399999
1768982400000,0.1866,0.1868,0.1846,0.1857,1524907.1,1768985999999
1768986000000,0.1857,0.1857,0.1845,0.1848,1317259.3,1768989599999
1768989600000,0.1848,0.1859,0.1841,0.1841,1045635.2,1768993199999
1768993200000,0.1841,0.1848,0.1821,0.1824,1566484.9,1768996799999
1768996800000,0.1825,0.1826,0.1794,0.1815,6350703.0,1769000399999
1769000400000,0.1814,0.1822,0.1799,0.1805,1839888.6,1769003999999
1769004000000,0.1804,0.1877,0.1803,0.1873,7807692.1,1769007599999
1769007600000,0.1873,0.1901,0.1864,0.1901,5743782.7,1769011199999
1769011200000,0.1901,0.1904,0.1807,0.1811,5853280.8,1769014799999
1769014800000,0.1812,0.1837,0.1793,0.1817,5683509.7,1769018399999
1769018400000,0.1816,0.184,0.1807,0.1829,2141823.4,1769021999999
1769022000000,0.1829,0.1905,0.182,0.1902,7395239.5,1769025599999
1769025600000,0.1902,0.1905,0.1862,0.1887,2761116.0,1769029199999
1769029200000,0.1888,0.19,0.1881,0.189,1508042.0,1769032799999
1769032800000,0.189,0.1899,0.1864,0.1868,1145058.5,1769036399999
1769036400000,0.1868,0.1876,0.184,0.1851,1599680.8,1769039999999
1769040000000,0.1851,0.1869,0.1851,0.1863,1334261.4,1769043599999
1769043600000,0.1862,0.1886,0.1859,0.1885,975129.0,1769047199999
1769047200000,0.1885,0.1888,0.1875,0.188,1082235.8,1769050799999
1769050800000,0.188,0.1886,0.1861,0.1862,834798.9,1769054399999
1769054400000,0.1862,0.1868,0.1855,0.1861,869824.9,1769057999999
1769058000000,0.1862,0.1865,0.1841,0.1846,2033966.2,1769061599999
1769061600000,0.1845,0.185,0.1817,0.1822,2846466.0,1769065199999
1769065200000,0.1822,0.1824,0.1798,0.18,3661606.4,1769068799999
1769068800000,0.1801,0.182,0.1789,0.1817,4186951.6,1769072399999
1769072400000,0.1817,0.1832,0.1814,0.1824,3119115.1,1769075999999
1769076000000,0.1824,0.1824,0.1815,0.182,1205131.9,1769079599999
1769079600000,0.182,0.182,0.1802,0.1806,1579325.2,1769083199999
1769083200000,0.1805,0.1806,0.1794,0.1795,2577177.7,1769086799999
1769086800000,0.1795,0.1807,0.1781,0.1791,5030433.6,1769090399999
1769090400000,0.179,0.1797,0.1766,0.177,4722079.8,1769093999999
1769094000000,0.177,0.1784,0.1748,0.177,4166294.0,1769097599999
1769097600000,0.177,0.1792,0.1762,0.1788,3287268.0,1769101199999
1769101200000,0.1789,0.18,0.1778,0.1791,2355186.6,1769104799999
1769104800000,0.179,0.1796,0.1773,0.1773,2509088.3,1769108399999
1769108400000,0.1774,0.1782,0.1768,0.1774,1450342.3,1769111999999
1769112000000,0.1774,0.1781,0.1758,0.1764,2469952.6,1769115599999
1769115600000,0.1766,0.1772,0.1757,0.1763,1398960.8,1769119199999
1769119200000,0.1763,0.1779,0.1761,0.1766,1937527.6,1769122799999
1769122800000,0.1766,0.1776,0.1757,0.1776,1012626.4,1769126399999
1769126400000,0.1777,0.1779,0.1765,0.1772,952750.8,1769129999999
1769130000000,0.1773,0.1785,0.1772,0.1783,811371.7,1769133599999
1769133600000,0.1783,0.1786,0.1778,0.1779,829400.0,1769137199999
1769137200000,0.1779,0.1801,0.1779,0.1796,1201920.7,1769140799999
1769140800000,0.1796,0.1816,0.1792,0.1812,1480787.0,1769144399999
1769144400000,0.1812,0.1812,0.1794,0.1801,1030802.5,1769147999999
1769148000000,0.1802,0.1807,0.1782,0.1782,887199.2,1769151599999
1769151600000,0.1783,0.1795,0.1782,0.1791,710415.6,1769155199999
1769155200000,0.179,0.1798,0.1772,0.1777,1473344.3,1769158799999
1769158800000,0.1777,0.1784,0.177,0.1776,846599.2,1769162399999
1769162400000,0.1777,0.1781,0.1769,0.1774,656900.9,1769165999999
1769166000000,0.1775,0.1782,0.1773,0.178,924027.5,1769169599999
1769169600000,0.178,0.1787,0.1772,0.1782,1493407.6,1769173199999
1769173200000,0.1781,0.1786,0.1774,0.1777,916741.6,1769176799999
1769176800000,0.1776,0.1781,0.1734,0.1753,4165498.9,1769180399999
1769180400000,0.1753,0.1785,0.1742,0.1781,2467193.1,1769183999999
1769184000000,0.1782,0.1805,0.1763,0.1788,3100914.7,1769187599999
1769187600000,0.1789,0.1826,0.1775,0.18,4733482.2,1769191199999
1769191200000,0.18,0.1818,0.1796,0.1804,2696374.9,1769194799999
1769194800000,0.1803,0.1803,0.1768,0.1776,3007565.5,1769198399999
1769198400000,0.1776,0.1778,0.1751,0.1762,2340902.2,1769201999999
1769202000000,0.1761,0.1778,0.1761,0.1769,1186518.2,1769205599999
1769205600000,0.1768,0.1781,0.1768,0.178,854651.0,1769209199999
1769209200000,0.1779,0.1779,0.1768,0.1768,584294.6,1769212799999
1769212800000,0.1768,0.1776,0.1767,0.1769,1048584.5,1769216399999
1769216400000,0.1768,0.1774,0.1763,0.1774,781394.9,1769219999999
1769220000000,0.1774,0.1785,0.1774,0.1783,889115.6,1769223599999
1769223600000,0.1784,0.18,0.1783,0.1797,1344984.0,1769227199999
1769227200000,0.1797,0.1814,0.1782,0.1784,8459242.6,1769230799999
1769230800000,0.1783,0.1785,0.1776,0.1781,665985.6,1769234399999
1769234400000,0.1781,0.1787,0.1778,0.1785,608468.8,1769237999999
1769238000000,0.1785,0.1787,0.1776,0.1777,1299650.8,1769241599999
1769241600000,0.1777,0.1781,0.1773,0.178,607499.5,1769245199999
1769245200000,0.1781,0.1781,0.1769,0.1769,822974.3,1769248799999
1769248800000,0.177,0.1783,0.1769,0.1782,677012.3,1769252399999
1769252400000,0.1781,0.1784,0.1779,0.1781,513321.8,1769255999999
1769256000000,0.178,0.1785,0.1777,0.178,620947.8,1769259599999
1769259600000,0.178,0.1781,0.177,0.177,468665.6,1769263199999
1769263200000,0.177,0.1781,0.1766,0.1773,711435.1,1769266799999
1769266800000,0.1774,0.1779,0.176,0.1763,873846.6,1769270399999
1769270400000,0.1762,0.1769,0.1755,0.1765,1298191.8,1769273999999
1769274000000,0.1765,0.1766,0.1759,0.1765,506948.0,1769277599999
1769277600000,0.1765,0.1768,0.1755,0.1758,3255335.3,1769281199999
1769281200000,0.1758,0.1759,0.1753,0.1756,1336336.4,1769284799999
1769284800000,0.1756,0.1772,0.1756,0.1769,1310918.3,1769288399999
1769288400000,0.1769,0.1769,0.1761,0.1765,680483.9,1769291999999
1769292000000,0.1765,0.1773,0.1763,0.1769,809313.1,1769295599999
1769295600000,0.1769,0.1771,0.1761,0.1763,671713.1,1769299199999
1769299200000,0.1763,0.1769,0.1759,0.1769,777424.5,1769302799999
1769302800000,0.1769,0.1772,0.1751,0.1754,2264071.9,1769306399999
1769306400000,0.1755,0.1762,0.1752,0.1758,623753.6,1769309999999
1769310000000,0.1758,0.176,0.1743,0.175,1233795.5,1769313599999
1769313600000,0.1749,0.1755,0.1745,0.1746,965244.4,1769317199999
1769317200000,0.1745,0.175,0.1739,0.1749,1343725.5,1769320799999
1769320800000,0.1749,0.1753,0.1741,0.1747,1154096.2,1769324399999
1769324400000,0.1747,0.1752,0.1738,0.175,999772.5,1769327999999
1769328000000,0.1749,0.1752,0.1734,0.1741,1104755.5,1769331599999
1769331600000,0.1741,0.1766,0.1737,0.1757,2299073.3,1769335199999
1769335200000,0.1757,0.1772,0.1756,0.176,1298204.6,1769338799999
1769338800000,0.1759,0.1763,0.175,0.1753,805837.1,1769342399999
1769342400000,0.1752,0.1752,0.1737,0.1747,802214.0,1769345999999
1769346000000,0.1747,0.1751,0.1737,0.1748,785090.4,1769349599999
1769349600000,0.1748,0.1749,0.1724,0.1734,1710053.1,1769353199999
1769353200000,0.1735,0.1744,0.173,0.1734,783282.2,1769356799999
1769356800000,0.1733,0.1734,0.1675,0.1698,9360813.1,1769360399999
1769360400000,0.1698,0.1702,0.1685,0.169,1727496.7,1769363999999
1769364000000,0.1691,0.1694,0.1661,0.1675,5535119.6,1769367599999
1769367600000,0.1675,0.1679,0.1632,0.1643,6830779.7,1769371199999
1769371200000,0.1644,0.1662,0.1643,0.1661,3600959.4,1769374799999
1769374800000,0.1661,0.1675,0.166,0.1665,2279515.5,1769378399999
1769378400000,0.1666,0.1669,0.1651,0.166,2164011.0,1769381999999
1769382000000,0.1659,0.1676,0.1651,0.1673,3765384.3,1769385599999
1769385600000,0.1673,0.1689,0.1671,0.1685,3976429.0,1769389199999
1769389200000,0.1686,0.1714,0.1686,0.1707,3935104.3,1769392799999
1769392800000,0.1707,0.1708,0.1693,0.1694,1607357.1,1769396399999
1769396400000,0.1695,0.1703,0.1679,0.1686,1775635.5,1769399999999
1769400000000,0.1687,0.171,0.1687,0.1699,2132851.4,1769403599999
1769403600000,0.17,0.1702,0.1692,0.1693,713522.1,1769407199999
1769407200000,0.1693,0.1711,0.1689,0.1711,1872890.3,1769410799999
1769410800000,0.1711,0.1718,0.1701,0.171,2213924.1,1769414399999
1769414400000,0.1711,0.1727,0.1706,0.1713,3234334.5,1769417999999
1769418000000,0.1714,0.1715,0.1697,0.1698,2179292.2,1769421599999
1769421600000,0.1699,0.1709,0.1699,0.1708,1075848.7,1769425199999
1769425200000,0.1708,0.1711,0.1702,0.1704,979021.9,1769428799999
1769428800000,0.1705,0.1711,0.1701,0.1707,2120043.1,1769432399999
1769432400000,0.1708,0.1717,0.1706,0.1712,1218072.7,1769435999999
1769436000000,0.1713,0.1727,0.169,0.1719,7284529.1,1769439599999
1769439600000,0.1718,0.1733,0.1691,0.1703,4193776.2,1769443199999
1769443200000,0.1704,0.171,0.1686,0.17,4301233.9,1769446799999
1769446800000,0.17,0.1705,0.1682,0.17,2992447.7,1769450399999
1769450400000,0.17,0.1715,0.1697,0.1708,2750774.9,1769453999999
1769454000000,0.1709,0.1714,0.1695,0.1696,1370037.3,1769457599999
1769457600000,0.1698,0.1702,0.1688,0.1689,1598394.9,1769461199999
1769461200000,0.1691,0.1717,0.1687,0.1706,2953541.0,1769464799999
1769464800000,0.1707,0.1711,0.1701,0.1702,1050529.8,1769468399999
1769468400000,0.1702,0.1709,0.1696,0.1701,972241.9,1769471999999
1769472000000,0.1701,0.1706,0.1695,0.1705,1183605.9,1769475599999
1769475600000,0.1705,0.1714,0.1698,0.1707,1789103.7,1769479199999
1769479200000,0.1708,0.1717,0.1704,0.1709,2028071.0,1769482799999
1769482800000,0.1708,0.171,0.1698,0.1701,1005736.9,1769486399999
1769486400000,0.17,0.1714,0.1699,0.1704,1395442.6,1769489999999
1769490000000,0.1704,0.1704,0.1693,0.17,893466.3,1769493599999
1769493600000,0.17,0.17,0.1688,0.1689,782566.5,1769497199999
1769497200000,0.1689,0.1698,0.1688,0.1694,1052797.0,1769500799999
1769500800000,0.1694,0.1697,0.1684,0.1688,705664.7,1769504399999
1769504400000,0.1687,0.1687,0.168,0.1682,1070522.6,1769507999999
1769508000000,0.1682,0.1685,0.1676,0.1679,1003690.1,1769511599999
1769511600000,0.1679,0.1687,0.1679,0.168,688626.8,1769515199999
1769515200000,0.168,0.1683,0.1673,0.1678,1381772.8,1769518799999
1769518800000,0.1679,0.168,0.1669,0.1674,917796.1,1769522399999
1769522400000,0.1673,0.1691,0.1667,0.1672,2234992.4,1769525999999
1769526000000,0.1671,0.1693,0.1669,0.1692,1777886.6,1769529599999
1769529600000,0.1692,0.1719,0.169,0.171,3807574.9,1769533199999
1769533200000,0.171,0.171,0.1664,0.1673,3850189.9,1769536799999
1769536800000,0.1672,0.1703,0.167,0.1696,2688013.1,1769540399999
1769540400000,0.1697,0.1706,0.1689,0.1703,1530007.9,1769543999999
1769544000000,0.1703,0.1731,0.1703,0.1726,3093636.4,1769547599999
1769547600000,0.1726,0.1726,0.1706,0.1707,1716315.8,1769551199999
1769551200000,0.1708,0.1725,0.1708,0.1718,1001636.9,1769554799999
1769554800000,0.1717,0.1722,0.1713,0.1717,971857.8,1769558399999
1769558400000,0.1717,0.1721,0.1704,0.1719,1034774.7,1769561999999
1769562000000,0.1719,0.1719,0.1704,0.1709,1806069.3,1769565599999
1769565600000,0.1709,0.1715,0.1704,0.1712,817731.9,1769569199999
1769569200000,0.1712,0.1714,0.1705,0.1707,1143730.5,1769572799999
1769572800000,0.1707,0.1709,0.17,0.1704,1351536.2,1769576399999
1769576400000,0.1704,0.1711,0.1703,0.1711,826727.1,1769579999999
1769580000000,0.1711,0.1716,0.17,0.1713,5280744.3,1769583599999
1769583600000,0.1714,0.1719,0.1709,0.1713,4412247.4,1769587199999
1769587200000,0.1713,0.1717,0.1697,0.1702,7991557.5,1769590799999
1769590800000,0.1703,0.1716,0.1697,0.1716,1603097.8,1769594399999
1769594400000,0.1717,0.1721,0.1707,0.1708,1370052.0,1769597999999
1769598000000,0.1708,0.1727,0.1704,0.1726,1849013.5,1769601599999
1769601600000,0.1725,0.1725,0.1705,0.171,2238153.7,1769605199999
1769605200000,0.1711,0.1718,0.1704,0.1707,2760934.4,1769608799999
1769608800000,0.1707,0.1709,0.1694,0.17,2445841.1,1769612399999
1769612400000,0.1701,0.1707,0.1684,0.1689,2547108.3,1769615999999
1769616000000,0.1688,0.1693,0.1676,0.1678,1930890.5,1769619599999
1769619600000,0.1679,0.1701,0.1669,0.1692,1646552.7,1769623199999
1769623200000,0.1691,0.1691,0.1675,0.1683,2013518.9,1769626799999
1769626800000,0.1683,0.1702,0.1676,0.1699,2509687.2,1769630399999
1769630400000,0.1698,0.1722,0.1697,0.1701,3097253.5,1769633999999
1769634000000,0.1702,0.172,0.1687,0.1715,3525289.8,1769637599999
1769637600000,0.1715,0.173,0.1704,0.1725,1653567.3,1769641199999
1769641200000,0.1725,0.1731,0.1715,0.1717,1966291.9,1769644799999
1769644800000,0.1717,0.1724,0.1704,0.1713,1359579.6,1769648399999
1769648400000,0.1712,0.1714,0.1694,0.1698,1254080.6,1769651999999
1769652000000,0.1698,0.1703,0.1656,0.1662,5005677.8,1769655599999
1769655600000,0.1662,0.1675,0.1656,0.1664,2209213.1,1769659199999
1769659200000,0.1663,0.1666,0.1649,0.1663,1352415.1,1769662799999
1769662800000,0.1663,0.1668,0.1659,0.1659,847932.7,1769666399999
1769666400000,0.166,0.167,0.1659,0.167,846682.0,1769669999999
1769670000000,0.1669,0.1674,0.1664,0.1664,951927.9,1769673599999
1769673600000,0.1664,0.1666,0.165,0.1655,2190199.3,1769677199999
1769677200000,0.1655,0.1658,0.1649,0.1649,1213345.9,1769680799999
1769680800000,0.1649,0.1652,0.1639,0.1643,2786746.1,1769684399999
1769684400000,0.1643,0.1643,0.163,0.1636,2549146.6,1769687999999
1769688000000,0.1637,0.1644,0.1627,0.1636,1575660.9,1769691599999
1769691600000,0.1636,0.1643,0.1636,0.1643,904715.0,1769695199999
1769695200000,0.1644,0.1647,0.1597,0.1599,6671294.2,1769698799999
1769698800000,0.1599,0.1599,0.1542,0.1575,19363330.7,1769702399999
1769702400000,0.1574,0.1593,0.1558,0.1592,5108593.9,1769705999999
1769706000000,0.1592,0.1611,0.1569,0.157,5218726.9,1769709599999
1769709600000,0.1571,0.1578,0.1544,0.1546,9075522.2,1769713199999
1769713200000,0.1545,0.1569,0.154,0.1562,4655920.0,1769716799999
1769716800000,0.1562,0.1582,0.1558,0.1581,2483311.2,1769720399999
1769720400000,0.1581,0.159,0.1581,0.1588,2541402.1,1769723999999
1769724000000,0.1588,0.1593,0.158,0.1585,831601.4,1769727599999
1769727600000,0.1585,0.1586,0.1576,0.1584,1325837.6,1769731199999
1769731200000,0.1585,0.1591,0.1579,0.1583,2125220.3,1769734799999
1769734800000,0.1583,0.1593,0.1523,0.1563,16710996.0,1769738399999
1769738400000,0.1562,0.1562,0.1524,0.1542,6597826.7,1769741999999
1769742000000,0.1542,0.1549,0.1533,0.1536,1998230.0,1769745599999
1769745600000,0.1536,0.156,0.1536,0.1548,2683864.4,1769749199999
1769749200000,0.1548,0.1551,0.1542,0.1549,1407857.2,1769752799999
1769752800000,0.1548,0.1549,0.1511,0.1523,3581604.8,1769756399999
1769756400000,0.1524,0.1553,0.1524,0.1546,3695445.0,1769759999999
1769760000000,0.1546,0.155,0.1531,0.1539,2146621.9,1769763599999
1769763600000,0.154,0.1546,0.1532,0.1539,3478651.3,1769767199999
1769767200000,0.1539,0.1549,0.1536,0.1548,2202968.8,1769770799999
1769770800000,0.1547,0.1573,0.1544,0.1566,2366394.9,1769774399999
1769774400000,0.1567,0.1569,0.1554,0.1558,2048818.1,1769777999999
1769778000000,0.1557,0.156,0.1538,0.1544,5368855.2,1769781599999
1769781600000,0.1544,0.1564,0.1537,0.1543,4131873.9,1769785199999
1769785200000,0.1544,0.1555,0.1522,0.1546,4471439.5,1769788799999
1769788800000,0.1545,0.1565,0.1537,0.1552,3546708.3,1769792399999
1769792400000,0.1552,0.1565,0.1542,0.155,3263228.3,1769795999999
1769796000000,0.155,0.1577,0.1509,0.157,7400428.0,1769799599999
1769799600000,0.157,0.1579,0.1562,0.1566,4456828.9,1769803199999
1769803200000,0.1565,0.1565,0.1532,0.1541,6435441.0,1769806799999
1769806800000,0.1542,0.1558,0.1539,0.1552,3500986.2,1769810399999
1769810400000,0.1552,0.1555,0.154,0.155,784349.0,1769813999999
1769814000000,0.1551,0.1554,0.1542,0.1553,1197955.2,1769817599999
1769817600000,0.1553,0.1553,0.1546,0.1549,1254013.2,1769821199999
1769821200000,0.1549,0.1555,0.1544,0.1548,963313.4,1769824799999
1769824800000,0.1549,0.155,0.1537,0.1545,1086441.0,1769828399999
1769828400000,0.1546,0.1547,0.1539,0.1541,394421.2,1769831999999
1769832000000,0.1542,0.1547,0.1535,0.1537,1341498.4,1769835599999
1769835600000,0.1537,0.1542,0.1533,0.154,1077520.6,1769839199999
1769839200000,0.154,0.1541,0.1524,0.153,2016840.8,1769842799999
1769842800000,0.1531,0.1532,0.1513,0.1526,1887773.8,1769846399999
1769846400000,0.1526,0.1528,0.1488,0.1507,7632740.5,1769849999999
1769850000000,0.1508,0.1518,0.1503,0.1508,1871293.2,1769853599999
1769853600000,0.1508,0.151,0.1499,0.1503,1773260.5,1769857199999
1769857200000,0.1503,0.1505,0.1494,0.1496,1814036.7,1769860799999
1769860800000,0.1496,0.1497,0.1485,0.1487,2903920.7,1769864399999
1769864400000,0.1488,0.1489,0.147,0.1478,4354556.9,1769867999999
1769868000000,0.1477,0.1481,0.1384,0.1412,26408184.6,1769871599999
1769871600000,0.1412,0.1435,0.1412,0.1417,7226887.8,1769875199999
1769875200000,0.1417,0.1439,0.1404,0.141,13010194.1,1769878799999
1769878800000,0.1411,0.1416,0.133,0.1362,38445290.1,1769882399999
1769882400000,0.1363,0.1372,0.1256,0.134,37476632.7,1769885999999
1769886000000,0.134,0.1368,0.1337,0.1351,13905669.0,1769889599999
1769889600000,0.135,0.1366,0.1339,0.136,7403589.1,1769893199999
1769893200000,0.136,0.1383,0.1353,0.1381,6482945.7,1769896799999
1769896800000,0.1381,0.1383,0.1369,0.1378,2904112.0,1769900399999
1769900400000,0.1378,0.141,0.1378,0.1402,4375576.2,1769903999999
1769904000000,0.1401,0.1413,0.1399,0.1405,4596605.4,1769907599999
1769907600000,0.1406,0.1408,0.1389,0.1407,2592171.0,1769911199999
1769911200000,0.1407,0.1415,0.1401,0.1411,1914753.4,1769914799999
1769914800000,0.1411,0.1416,0.1406,0.1414,3243701.5,1769918399999
1769918400000,0.1415,0.142,0.1412,0.1414,1750827.2,1769921999999
1769922000000,0.1414,0.1415,0.1401,0.1404,2048130.5,1769925599999
1769925600000,0.1404,0.1411,0.1394,0.1398,2388050.9,1769929199999
1769929200000,0.1399,0.1412,0.1391,0.14,2818812.9,1769932799999
1769932800000,0.1401,0.1409,0.1395,0.1401,3649806.6,1769936399999
1769936400000,0.1401,0.141,0.1392,0.1407,1676014.4,1769939999999
1769940000000,0.1407,0.1416,0.138,0.1381,4938961.4,1769943599999
1769943600000,0.1382,0.14,0.1382,0.1393,3036866.7,1769947199999
1769947200000,0.1394,0.1395,0.1381,0.1387,3007445.7,1769950799999
1769950800000,0.1388,0.14,0.1381,0.1386,2731116.2,1769954399999
1769954400000,0.1387,0.1399,0.1366,0.1387,9048020.4,1769957999999
1769958000000,0.1388,0.1388,0.1346,0.1363,15433976.8,1769961599999
1769961600000,0.1363,0.1382,0.1353,0.1369,8780405.9,1769965199999
1769965200000,0.1369,0.1376,0.1359,0.137,4738735.2,1769968799999
1769968800000,0.1371,0.14,0.1371,0.1382,7868429.6,1769972399999
1769972400000,0.1383,0.1388,0.1363,0.1369,3704381.0,1769975999999
1769976000000,0.137,0.1384,0.1354,0.1366,6996864.9,1769979599999
1769979600000,0.1367,0.1367,0.1343,0.1348,6921836.0,1769983199999
1769983200000,0.1349,0.1371,0.1342,0.1356,8231069.8,1769986799999
1769986800000,0.1355,0.1374,0.1314,0.1352,13808516.9,1769990399999
1769990400000,0.1352,0.1387,0.1342,0.1375,9528804.3,1769993999999
1769994000000,0.1375,0.1383,0.1349,0.1369,29186060.7,1769997599999
1769997600000,0.1368,0.1375,0.1353,0.1354,3955089.0,1770001199999
1770001200000,0.1354,0.1356,0.1302,0.1351,14545675.5,1770004799999
1770004800000,0.1352,0.1365,0.1329,0.1335,7514748.5,1770008399999
1770008400000,0.1335,0.1336,0.1291,0.1303,11106437.5,1770011999999
1770012000000,0.1302,0.1348,0.1286,0.1332,16167073.9,1770015599999
1770015600000,0.1333,0.1344,0.1324,0.133,4305052.0,1770019199999
1770019200000,0.133,0.1349,0.133,0.1344,2711324.6,1770022799999
1770022800000,0.1344,0.1364,0.1336,0.1355,6655241.1,1770026399999
1770026400000,0.1355,0.1362,0.1352,0.1356,4572072.7,1770029999999
1770030000000,0.1356,0.1364,0.1352,0.1357,3840744.4,1770033599999
1770033600000,0.1356,0.1372,0.1356,0.1367,3020991.1,1770037199999
1770037200000,0.1366,0.1374,0.1361,0.1371,3030498.1,1770040799999
1770040800000,0.137,0.1392,0.1357,0.1378,8605480.2,1770044399999
1770044400000,0.1378,0.1409,0.1375,0.1393,7101799.4,1770047999999
1770048000000,0.1393,0.1402,0.1384,0.1387,4552190.0,1770051599999
1770051600000,0.1386,0.1395,0.1375,0.1381,3662095.8,1770055199999
1770055200000,0.1381,0.1389,0.1374,0.1383,2568549.2,1770058799999
1770058800000,0.1382,0.1384,0.1373,0.1373,2035668.2,1770062399999
1770062400000,0.1372,0.1379,0.1365,0.1369,3802558.2,1770065999999
1770066000000,0.137,0.1379,0.137,0.1377,1453349.6,1770069599999
1770069600000,0.1376,0.1382,0.1375,0.1378,1265223.4,1770073199999
1770073200000,0.1379,0.1379,0.137,0.1372,1940458.5,1770076799999
1770076800000,0.1372,0.1374,0.1362,0.1372,2610876.4,1770080399999
1770080400000,0.1371,0.1372,0.1361,0.1368,1048867.3,1770083999999
1770084000000,0.1369,0.137,0.1343,0.1343,2901401.0,1770087599999
1770087600000,0.1343,0.1371,0.1337,0.1367,4255915.9,1770091199999
1770091200000,0.1367,0.138,0.1364,0.1375,2705983.1,1770094799999
1770094800000,0.1376,0.1376,0.1361,0.1363,5422097.3,1770098399999
1770098400000,0.1364,0.1369,0.1353,0.1366,3428297.5,1770101999999
1770102000000,0.1366,0.1372,0.1361,0.1365,2458002.8,1770105599999
1770105600000,0.1365,0.1371,0.1358,0.136,2140934.4,1770109199999
1770109200000,0.136,0.1365,0.1339,0.1352,6499376.4,1770112799999
1770112800000,0.1352,0.1358,0.1349,0.1353,2828299.7,1770116399999
1770116400000,0.1353,0.136,0.1352,0.1356,3621601.8,1770119999999
1770120000000,0.1356,0.1371,0.1354,0.1368,5174944.0,1770123599999
1770123600000,0.1368,0.137,0.1357,0.1365,2647406.3,1770127199999
1770127200000,0.1364,0.1369,0.1324,0.1336,11503380.4,1770130799999
1770130800000,0.1336,0.1371,0.1331,0.1341,17498909.6,1770134399999
1770134400000,0.1341,0.1341,0.1299,0.1303,17976935.8,1770137999999
1770138000000,0.1302,0.1306,0.126,0.126,13911450.7,1770141599999
1770141600000,0.1261,0.1268,0.1242,0.1245,16403644.3,1770145199999
1770145200000,0.1245,0.131,0.1243,0.1295,18510631.6,1770148799999
1770148800000,0.1295,0.135,0.1277,0.1345,17187658.7,1770152399999
1770152400000,0.1345,0.1357,0.1322,0.1324,5943188.5,1770155999999
1770156000000,0.1325,0.1325,0.1305,0.1308,2803255.8,1770159599999
1770159600000,0.1308,0.131,0.1295,0.1305,5406296.0,1770163199999
1770163200000,0.1304,0.1317,0.1296,0.131,2786289.5,1770166799999
1770166800000,0.1311,0.1334,0.1311,0.1328,3069941.8,1770170399999
1770170400000,0.1327,0.1328,0.1314,0.1322,2928055.2,1770173999999
1770174000000,0.1321,0.1344,0.132,0.1337,4825762.0,1770177599999
1770177600000,0.1338,0.1345,0.1335,0.1339,3030950.7,1770181199999
1770181200000,0.134,0.1344,0.1328,0.1334,1547575.4,1770184799999
1770184800000,0.1333,0.135,0.1333,0.1345,2123696.5,1770188399999
1770188400000,0.1345,0.135,0.1336,0.1346,3523071.8,1770191999999
1770192000000,0.1347,0.1356,0.1342,0.1351,2729766.2,1770195599999
1770195600000,0.1351,0.1353,0.1344,0.135,2291839.4,1770199199999
1770199200000,0.135,0.1363,0.1349,0.1357,2879752.1,1770202799999
1770202800000,0.1357,0.1365,0.134,0.1355,8542624.8,1770206399999
1770206400000,0.1355,0.1363,0.135,0.1359,3253837.9,1770209999999
1770210000000,0.1359,0.1359,0.133,0.1331,6898558.8,1770213599999
1770213600000,0.1331,0.1344,0.1313,0.1318,10429205.4,1770217199999
1770217200000,0.1317,0.134,0.1297,0.1311,11830290.8,1770220799999
1770220800000,0.1311,0.1324,0.129,0.1309,17222211.3,1770224399999
1770224400000,0.1308,0.132,0.129,0.1311,8883643.1,1770227999999
1770228000000,0.1311,0.1333,0.1284,0.131,12811947.0,1770231599999
1770231600000,0.131,0.1334,0.1298,0.133,7577094.4,1770235199999
1770235200000,0.133,0.133,0.1309,0.1312,2813701.8,1770238799999
1770238800000,0.1313,0.1316,0.1272,0.1287,4152430.5,1770242399999
1770242400000,0.1287,0.1309,0.1263,0.1274,3525436.0,1770245999999
1770246000000,0.1274,0.1299,0.127,0.1283,8313758.8,1770249599999
1770249600000,0.1284,0.1294,0.1279,0.128,3568646.2,1770253199999
1770253200000,0.128,0.1298,0.1267,0.1278,7459838.1,1770256799999
1770256800000,0.1277,0.1286,0.1259,0.1262,9372271.9,1770260399999
1770260400000,0.1262,0.1272,0.1252,0.1253,6110205.0,1770263999999
1770264000000,0.1253,0.1262,0.1245,0.1249,5457727.9,1770267599999
1770267600000,0.1249,0.1269,0.1236,0.1256,10510450.0,1770271199999
1770271200000,0.1256,0.1258,0.1242,0.1247,7223564.4,1770274799999
1770274800000,0.1246,0.1265,0.1245,0.1247,6541501.5,1770278399999
1770278400000,0.1248,0.1267,0.1248,0.1263,4955293.3,1770281999999
1770282000000,0.1264,0.128,0.1263,0.1267,4736820.8,1770285599999
1770285600000,0.1267,0.1274,0.1237,0.1243,5767254.2,1770289199999
1770289200000,0.1242,0.1248,0.1212,0.1232,11331720.0,1770292799999
1770292800000,0.1232,0.1239,0.1216,0.1229,10338034.0,1770296399999
1770296400000,0.1229,0.1241,0.122,0.1222,5857221.4,1770299999999
1770300000000,0.1222,0.1251,0.1221,0.1222,12975433.6,1770303599999
1770303600000,0.1222,0.1228,0.1135,0.1161,45334377.1,1770307199999
1770307200000,0.1162,0.1187,0.1152,0.1167,16981010.5,1770310799999
1770310800000,0.1167,0.1175,0.1123,0.1135,17512453.5,1770314399999
1770314400000,0.1135,0.1148,0.1119,0.1144,10960034.8,1770317999999
1770318000000,0.1145,0.1147,0.1121,0.1125,6660497.1,1770321599999
1770321600000,0.1125,0.1136,0.1061,0.1088,35532542.0,1770325199999
1770325200000,0.1088,0.1118,0.1076,0.1084,16048940.7,1770328799999
1770328800000,0.1085,0.1111,0.1068,0.109,12194917.5,1770332399999
1770332400000,0.1089,0.1115,0.1072,0.1077,17737319.8,1770335999999
1770336000000,0.1078,0.1084,0.0944,0.1061,108922891.4,1770339599999
1770339600000,0.1061,0.1107,0.1055,0.1105,16485344.6,1770343199999
1770343200000,0.1105,0.1114,0.1072,0.1077,10058205.6,1770346799999
1770346800000,0.1078,0.1084,0.1064,0.1077,6975065.7,1770350399999
1770350400000,0.1077,0.1095,0.1071,0.1088,4540213.4,1770353999999
1770354000000,0.1088,0.1116,0.1086,0.1111,7040531.9,1770357599999
1770357600000,0.1112,0.1118,0.1085,0.1087,8289934.6,1770361199999
1770361200000,0.1087,0.1088,0.1073,0.1077,5429705.2,1770364799999
1770364800000,0.1078,0.1086,0.1068,0.1077,7745045.5,1770368399999
1770368400000,0.1077,0.1115,0.1075,0.111,9287223.9,1770371999999
1770372000000,0.1111,0.1122,0.1105,0.112,5045085.8,1770375599999
1770375600000,0.1119,0.1123,0.1114,0.1118,4073053.3,1770379199999
1770379200000,0.1117,0.1118,0.1108,0.1116,3671824.5,1770382799999
1770382800000,0.1117,0.1131,0.1115,0.1118,6200442.0,1770386399999
1770386400000,0.1118,0.115,0.1109,0.1143,12067565.2,1770389999999
1770390000000,0.1143,0.1161,0.1132,0.1158,8765529.4,1770393599999
1770393600000,0.1158,0.1201,0.1152,0.1192,9454398.2,1770397199999
1770397200000,0.1192,0.1221,0.1187,0.1208,11638007.0,1770400799999
1770400800000,0.1209,0.1209,0.1176,0.1187,7989848.3,1770404399999
