open_ms,open,high,low,close,volume,close_ms
1766808000000,12.42,12.43,12.38,12.4,15495.46,1766811599999
1766811600000,12.39,12.45,12.39,12.44,49329.03,1766815199999
1766815200000,12.44,12.45,12.4,12.42,25871.3,1766818799999
1766818800000,12.42,12.47,12.41,12.46,66930.85,1766822399999
1766822400000,12.45,12.49,12.44,12.47,37178.62,1766825999999
1766826000000,12.46,12.48,12.42,12.43,40237.29,1766829599999
1766829600000,12.42,12.45,12.39,12.45,32277.63,1766833199999
1766833200000,12.44,12.48,12.43,12.47,57425.08,1766836799999
1766836800000,12.47,12.5,12.46,12.49,59337.16,1766840399999
1766840400000,12.49,12.49,12.44,12.49,35615.66,1766843999999
1766844000000,12.49,12.54,12.48,12.51,124066.63,1766847599999
1766847600000,12.52,12.58,12.5,12.55,128471.7,1766851199999
1766851200000,12.56,12.61,12.55,12.58,135287.94,1766854799999
1766854800000,12.57,12.59,12.54,12.57,51120.69,1766858399999
1766858400000,12.57,12.58,12.5,12.53,27200.14,1766861999999
1766862000000,12.53,12.55,12.51,12.53,24413.08,1766865599999
1766865600000,12.53,12.58,12.53,12.54,28211.16,1766869199999
1766869200000,12.54,12.7,12.54,12.6,78470.11,1766872799999
1766872800000,12.61,12.66,12.54,12.57,67641.31,1766876399999
1766876400000,12.58,12.8,12.56,12.69,182813.08,1766879999999
1766880000000,12.7,12.76,12.7,12.74,143764.71,1766883599999
1766883600000,12.75,12.79,12.73,12.77,133826.83,1766887199999
1766887200000,12.76,12.9,12.76,12.79,282433.36,1766890799999
1766890800000,12.78,12.83,12.75,12.79,104010.37,1766894399999
1766894400000,12.79,12.85,12.78,12.8,58301.46,1766897999999
1766898000000,12.8,12.83,12.78,12.81,36372.49,1766901599999
1766901600000,12.81,12.85,12.8,12.83,37773.55,1766905199999
1766905200000,12.83,12.85,12.76,12.79,65159.08,1766908799999
1766908800000,12.79,12.86,12.79,12.82,39772.81,1766912399999
1766912400000,12.81,12.82,12.74,12.75,35210.06,1766915999999
1766916000000,12.75,12.79,12.74,12.75,19383.54,1766919599999
1766919600000,12.76,12.77,12.67,12.69,71959.14,1766923199999
1766923200000,12.69,12.7,12.58,12.68,125278.13,1766926799999
1766926800000,12.68,12.7,12.65,12.67,59022.11,1766930399999
1766930400000,12.67,12.77,12.65,12.74,61775.15,1766933999999
1766934000000,12.74,12.77,12.71,12.73,35430.33,1766937599999
1766937600000,12.74,12.75,12.68,12.7,34981.91,1766941199999
1766941200000,12.7,12.73,12.67,12.68,20312.49,1766944799999
1766944800000,12.68,12.69,12.58,12.59,120016.03,1766948399999
1766948400000,12.59,12.64,12.57,12.58,55141.74,1766951999999
1766952000000,12.59,12.59,12.53,12.55,50718.28,1766955599999
1766955600000,12.55,12.58,12.53,12.56,26042.84,1766959199999
1766959200000,12.57,12.65,12.55,12.63,49637.79,1766962799999
1766962800000,12.63,12.66,12.58,12.64,39127.68,1766966399999
1766966400000,12.64,12.77,12.62,12.74,132460.99,1766969999999
1766970000000,12.75,12.84,12.63,12.78,116724.62,1766973599999
1766973600000,12.79,12.96,12.78,12.86,185651.13,1766977199999
1766977200000,12.87,13.12,12.85,13.08,240159.15,1766980799999
1766980800000,13.09,13.2,13.05,13.09,272290.82,1766984399999
1766984400000,13.09,13.13,13.02,13.05,133691.42,1766987999999
1766988000000,13.05,13.11,13.02,13.04,70765.61,1766991599999
1766991600000,13.05,13.06,12.92,13.01,182755.1,1766995199999
1766995200000,13.02,13.06,12.89,12.91,459747.36,1766998799999
1766998800000,12.9,12.9,12.67,12.72,215479.59,1767002399999
1767002400000,12.72,12.78,12.71,12.74,91961.31,1767005999999
1767006000000,12.73,12.75,12.71,12.73,68663.66,1767009599999
1767009600000,12.72,12.73,12.46,12.6,383752.87,1767013199999
1767013200000,12.6,12.61,12.53,12.58,54255.94,1767016799999
1767016800000,12.57,12.7,12.53,12.59,223598.4,1767020399999
1767020400000,12.59,12.73,12.57,12.7,119517.75,1767023999999
1767024000000,12.7,12.72,12.59,12.62,83067.5,1767027599999
1767027600000,12.62,12.66,12.57,12.64,57118.21,1767031199999
1767031200000,12.64,12.66,12.53,12.55,62221.14,1767034799999
1767034800000,12.54,12.6,12.49,12.5,53859.79,1767038399999
1767038400000,12.5,12.53,12.35,12.42,227904.22,1767041999999
1767042000000,12.42,12.47,12.41,12.44,47177.22,1767045599999
1767045600000,12.44,12.45,12.37,12.44,57984.39,1767049199999
1767049200000,12.44,12.44,12.36,12.38,50223.73,1767052799999
1767052800000,12.37,12.4,12.36,12.39,36766.91,1767056399999
1767056400000,12.38,12.42,12.35,12.38,26387.58,1767059999999
1767060000000,12.38,12.39,12.35,12.37,40010.68,1767063599999
1767063600000,12.37,12.43,12.33,12.4,65967.57,1767067199999
1767067200000,12.41,12.45,12.39,12.4,45682.7,1767070799999
1767070800000,12.4,12.41,12.36,12.39,22287.17,1767074399999
1767074400000,12.39,12.46,12.38,12.44,33710.51,1767077999999
1767078000000,12.44,12.46,12.41,12.43,48349.58,1767081599999
1767081600000,12.43,12.56,12.43,12.52,116733.87,1767085199999
1767085200000,12.52,12.54,12.48,12.53,44384.55,1767088799999
1767088800000,12.53,12.54,12.48,12.49,26716.72,1767092399999
1767092400000,12.48,12.52,12.48,12.51,24007.51,1767095999999
1767096000000,12.51,12.54,12.49,12.5,22880.89,1767099599999
1767099600000,12.49,12.55,12.49,12.53,26348.21,1767103199999
1767103200000,12.52,12.6,12.44,12.56,131154.61,1767106799999
1767106800000,12.56,12.59,12.49,12.59,58736.42,1767110399999
1767110400000,12.59,12.64,12.53,12.56,96677.14,1767113999999
1767114000000,12.57,12.62,12.52,12.56,64069.9,1767117599999
1767117600000,12.55,12.57,12.51,12.53,101928.66,1767121199999
1767121200000,12.52,12.53,12.45,12.5,207393.66,1767124799999
1767124800000,12.49,12.51,12.45,12.49,175276.0,1767128399999
1767128400000,12.48,12.54,12.47,12.52,75880.7,1767131999999
1767132000000,12.52,12.6,12.52,12.57,146153.45,1767135599999
1767135600000,12.57,12.59,12.55,12.58,44776.44,1767139199999
1767139200000,12.58,12.59,12.5,12.55,57480.94,1767142799999
1767142800000,12.55,12.72,12.54,12.66,155606.57,1767146399999
1767146400000,12.65,12.67,12.6,12.64,41597.61,1767149999999
1767150000000,12.63,12.65,12.58,12.59,50287.18,1767153599999
1767153600000,12.59,12.63,12.59,12.59,28028.95,1767157199999
1767157200000,12.6,12.62,12.55,12.56,36422.66,1767160799999
1767160800000,12.55,12.58,12.54,12.56,19257.79,1767164399999
1767164400000,12.57,12.57,12.51,12.54,29131.71,1767167999999
1767168000000,12.55,12.57,12.48,12.48,56516.88,1767171599999
1767171600000,12.48,12.52,12.47,12.5,39358.73,1767175199999
1767175200000,12.51,12.52,12.49,12.5,32959.25,1767178799999
1767178800000,12.5,12.58,12.49,12.58,54342.93,1767182399999
1767182400000,12.58,12.6,12.53,12.56,66438.73,1767185999999
1767186000000,12.55,12.6,12.54,12.57,38507.38,1767189599999
1767189600000,12.57,12.67,12.52,12.55,117685.55,1767193199999
1767193200000,12.54,12.55,12.43,12.47,116813.72,1767196799999
1767196800000,12.47,12.47,12.21,12.33,370695.47,1767200399999
1767200400000,12.33,12.37,12.31,12.34,112513.13,1767203999999
1767204000000,12.34,12.4,12.32,12.34,99668.81,1767207599999
1767207600000,12.34,12.37,12.31,12.32,65015.93,1767211199999
1767211200000,12.32,12.38,12.26,12.35,84942.48,1767214799999
1767214800000,12.36,12.4,12.35,12.35,51953.2,1767218399999
1767218400000,12.36,12.38,12.33,12.36,57484.22,1767221999999
1767222000000,12.35,12.36,12.31,12.32,29809.63,1767225599999
1767225600000,12.32,12.37,12.31,12.34,42495.47,1767229199999
1767229200000,12.33,12.38,12.31,12.33,35475.75,1767232799999
1767232800000,12.33,12.34,12.31,12.31,28773.39,1767236399999
1767236400000,12.32,12.34,12.28,12.28,37668.9,1767239999999
1767240000000,12.28,12.29,12.23,12.24,44398.38,1767243599999
1767243600000,12.25,12.3,12.24,12.26,22126.08,1767247199999
1767247200000,12.27,12.3,12.25,12.27,19615.75,1767250799999
1767250800000,12.28,12.3,12.26,12.28,29120.27,1767254399999
1767254400000,12.28,12.31,12.27,12.31,22339.73,1767257999999
1767258000000,12.32,12.37,12.31,12.34,45503.62,1767261599999
1767261600000,12.35,12.36,12.33,12.34,18191.11,1767265199999
1767265200000,12.34,12.38,12.34,12.37,31731.86,1767268799999
1767268800000,12.38,12.39,12.34,12.36,31179.58,1767272399999
1767272400000,12.36,12.43,12.35,12.41,45305.18,1767275999999
1767276000000,12.42,12.45,12.4,12.42,56735.01,1767279599999
1767279600000,12.43,12.56,12.41,12.52,285355.0,1767283199999
1767283200000,12.53,12.6,12.49,12.57,198480.27,1767286799999
1767286800000,12.56,12.7,12.56,12.68,258776.68,1767290399999
1767290400000,12.69,12.99,12.69,12.94,601817.69,1767293999999
1767294000000,12.95,13.58,12.94,13.55,1130335.92,1767297599999
1767297600000,13.55,13.69,13.42,13.44,804100.69,1767301199999
1767301200000,13.44,13.58,13.39,13.57,266693.26,1767304799999
1767304800000,13.57,13.66,13.51,13.66,166525.3,1767308399999
1767308400000,13.66,13.69,13.54,13.59,180634.93,1767311999999
1767312000000,13.59,13.68,13.51,13.64,160521.95,1767315599999
1767315600000,13.63,13.64,13.51,13.61,91046.86,1767319199999
1767319200000,13.62,13.86,13.54,13.75,315996.91,1767322799999
1767322800000,13.75,13.82,13.66,13.73,197707.46,1767326399999
1767326400000,13.74,13.75,13.56,13.56,95434.62,1767329999999
1767330000000,13.56,13.65,13.52,13.61,112255.88,1767333599999
1767333600000,13.61,13.63,13.53,13.53,66859.23,1767337199999
1767337200000,13.53,13.56,13.38,13.4,113660.72,1767340799999
1767340800000,13.39,13.49,13.38,13.44,94624.92,1767344399999
1767344400000,13.45,13.59,13.42,13.53,159408.99,1767347999999
1767348000000,13.54,13.57,13.49,13.54,120450.35,1767351599999
1767351600000,13.54,13.55,13.34,13.39,111230.54,1767355199999
1767355200000,13.39,13.47,13.35,13.42,70629.58,1767358799999
1767358800000,13.42,13.44,13.36,13.38,49482.16,1767362399999
1767362400000,13.38,13.44,13.09,13.29,302506.39,1767365999999
1767366000000,13.28,13.34,13.1,13.29,261678.52,1767369599999
1767369600000,13.3,13.53,13.28,13.5,208508.98,1767373199999
1767373200000,13.5,13.64,13.49,13.6,160691.55,1767376799999
1767376800000,13.6,13.65,13.49,13.56,98167.27,1767380399999
1767380400000,13.56,13.67,13.54,13.65,81528.85,1767383999999
1767384000000,13.65,13.69,13.56,13.61,66316.52,1767387599999
1767387600000,13.61,13.86,13.6,13.85,114242.09,1767391199999
1767391200000,13.86,13.98,13.79,13.83,167567.4,1767394799999
1767394800000,13.83,13.84,13.75,13.82,55979.4,1767398399999
1767398400000,13.82,14.01,13.81,13.9,166538.14,1767401999999
1767402000000,13.9,13.94,13.81,13.86,90516.38,1767405599999
1767405600000,13.86,13.99,13.79,13.94,93474.15,1767409199999
1767409200000,13.93,14.29,13.91,14.26,538918.95,1767412799999
1767412800000,14.26,14.28,14.06,14.12,130887.44,1767416399999
1767416400000,14.12,14.14,13.94,13.98,101128.53,1767419999999
1767420000000,13.99,14.09,13.87,13.88,168122.77,1767423599999
1767423600000,13.89,13.91,13.67,13.73,207388.94,1767427199999
1767427200000,13.72,13.88,13.71,13.83,81139.14,1767430799999
1767430800000,13.83,14.01,13.79,13.94,75773.93,1767434399999
1767434400000,13.94,14.01,13.9,13.96,67099.83,1767437999999
1767438000000,13.96,13.99,13.91,13.99,36757.24,1767441599999
1767441600000,13.98,14.4,13.95,14.16,283043.1,1767445199999
1767445200000,14.15,14.16,14.03,14.07,170549.63,1767448799999
1767448800000,14.07,14.11,13.97,13.98,124704.0,1767452399999
1767452400000,13.99,13.99,13.83,13.86,71224.91,1767455999999
1767456000000,13.87,13.98,13.79,13.91,107214.07,1767459599999
1767459600000,13.91,13.97,13.89,13.9,80344.17,1767463199999
1767463200000,13.89,13.93,13.85,13.88,46078.87,1767466799999
1767466800000,13.89,13.89,13.83,13.85,30407.11,1767470399999
1767470400000,13.86,13.92,13.8,13.89,61823.12,1767473999999
1767474000000,13.88,13.96,13.86,13.91,57561.3,1767477599999
1767477600000,13.91,14.0,13.88,13.98,42412.0,1767481199999
1767481200000,13.97,14.02,13.93,13.99,75081.03,1767484799999
1767484800000,13.98,14.09,13.96,14.01,136742.41,1767488399999
1767488400000,14.02,14.03,13.9,13.96,63713.13,1767491999999
1767492000000,13.96,13.99,13.9,13.92,42878.67,1767495599999
1767495600000,13.93,14.04,13.92,14.01,75995.66,1767499199999
1767499200000,14.01,14.07,13.99,14.0,65615.01,1767502799999
1767502800000,14.0,14.04,13.95,14.03,31643.27,1767506399999
1767506400000,14.04,14.14,13.95,14.0,141170.95,1767509999999
1767510000000,14.01,14.1,13.99,14.05,69563.63,1767513599999
1767513600000,14.04,14.05,13.97,14.03,66728.29,1767517199999
1767517200000,14.03,14.1,13.98,14.07,94085.51,1767520799999
1767520800000,14.08,14.1,14.01,14.03,54064.77,1767524399999
1767524400000,14.03,14.1,14.0,14.08,63927.79,1767527999999
1767528000000,14.07,14.17,14.04,14.07,76911.59,1767531599999
1767531600000,14.07,14.22,14.04,14.2,130531.75,1767535199999
1767535200000,14.2,14.2,14.01,14.12,86280.24,1767538799999
1767538800000,14.12,14.2,14.07,14.19,65094.23,1767542399999
1767542400000,14.19,14.29,14.16,14.24,83118.74,1767545999999
1767546000000,14.24,14.3,14.18,14.21,101909.71,1767549599999
1767549600000,14.21,14.21,14.04,14.16,74094.96,1767553199999
1767553200000,14.15,14.16,14.0,14.14,83083.37,1767556799999
1767556800000,14.14,14.24,14.12,14.19,47372.08,1767560399999
1767560400000,14.18,14.49,14.14,14.39,307579.52,1767563999999
1767564000000,14.4,14.47,14.23,14.27,149051.01,1767567599999
1767567600000,14.28,14.38,14.21,14.25,56405.65,1767571199999
1767571200000,14.25,14.35,14.21,14.31,129823.18,1767574799999
1767574800000,14.31,14.53,14.26,14.44,174971.64,1767578399999
1767578400000,14.45,14.52,14.3,14.41,150637.18,1767581999999
1767582000000,14.42,14.5,14.33,14.39,61111.22,1767585599999
1767585600000,14.39,14.41,14.09,14.17,132234.24,1767589199999
1767589200000,14.18,14.24,14.11,14.13,91710.98,1767592799999
1767592800000,14.12,14.27,14.08,14.26,84419.9,1767596399999
1767596400000,14.27,14.33,14.2,14.28,100233.32,1767599999999
1767600000000,14.27,14.37,14.23,14.24,73038.72,1767603599999
1767603600000,14.23,14.25,14.14,14.17,72931.42,1767607199999
1767607200000,14.17,14.36,14.17,14.21,73041.17,1767610799999
1767610800000,14.21,14.22,14.13,14.2,94609.75,1767614399999
1767614400000,14.21,14.21,14.11,14.17,58675.6,1767617999999
1767618000000,14.16,14.22,14.03,14.09,185528.21,1767621599999
1767621600000,14.09,14.26,14.03,14.18,130294.5,1767625199999
1767625200000,14.19,14.29,14.08,14.19,170949.42,1767628799999
1767628800000,14.18,14.18,14.04,14.13,202555.53,1767632399999
1767632400000,14.13,14.24,13.91,14.21,208653.85,1767635999999
1767636000000,14.21,14.3,14.14,14.28,128726.18,1767639599999
1767639600000,14.28,14.36,14.24,14.27,119166.89,1767643199999
1767643200000,14.28,14.47,14.25,14.42,139566.54,1767646799999
1767646800000,14.42,14.51,14.38,14.46,156606.85,1767650399999
1767650400000,14.46,14.72,14.44,14.55,259081.46,1767653999999
1767654000000,14.56,14.59,14.45,14.45,64234.77,1767657599999
1767657600000,14.46,14.51,14.33,14.49,117616.16,1767661199999
1767661200000,14.49,14.75,14.39,14.41,141709.77,1767664799999
1767664800000,14.4,14.45,14.25,14.3,86780.28,1767668399999
1767668400000,14.29,14.47,14.29,14.42,76184.01,1767671999999
1767672000000,14.43,14.52,14.42,14.44,59591.82,1767675599999
1767675600000,14.44,14.47,14.36,14.37,60294.97,1767679199999
1767679200000,14.37,14.57,14.31,14.5,105251.59,1767682799999
1767682800000,14.5,14.51,14.24,14.28,96279.47,1767686399999
1767686400000,14.28,14.34,14.25,14.27,45619.37,1767689999999
1767690000000,14.27,14.45,14.26,14.4,54528.74,1767693599999
1767693600000,14.39,14.5,14.38,14.46,63576.96,1767697199999
1767697200000,14.45,14.53,14.43,14.53,49977.92,1767700799999
1767700800000,14.53,14.65,14.49,14.63,105763.66,1767704399999
1767704400000,14.62,14.7,14.57,14.6,67875.74,1767707999999
1767708000000,14.59,14.83,14.57,14.65,330069.5,1767711599999
1767711600000,14.64,14.7,14.42,14.53,293905.56,1767715199999
1767715200000,14.53,14.61,14.42,14.51,404222.56,1767718799999
1767718800000,14.5,14.54,14.3,14.35,415809.03,1767722399999
1767722400000,14.35,14.56,14.28,14.49,275828.85,1767725999999
1767726000000,14.5,14.53,14.48,14.48,55992.25,1767729599999
1767729600000,14.48,14.55,14.45,14.48,110244.99,1767733199999
1767733200000,14.49,14.78,14.46,14.55,237795.45,1767736799999
1767736800000,14.55,14.6,14.48,14.51,84827.59,1767740399999
1767740400000,14.51,14.63,14.51,14.59,76672.04,1767743999999
1767744000000,14.6,14.6,14.46,14.48,95266.49,1767747599999
1767747600000,14.48,14.52,14.4,14.47,121076.91,1767751199999
1767751200000,14.47,14.52,14.46,14.5,42320.64,1767754799999
1767754800000,14.51,14.53,14.47,14.48,23694.59,1767758399999
1767758400000,14.48,14.51,14.42,14.47,100232.01,1767761999999
1767762000000,14.47,14.51,14.46,14.46,50942.09,1767765599999
1767765600000,14.47,14.52,14.46,14.48,29282.29,1767769199999
1767769200000,14.48,14.54,14.47,14.52,38633.46,1767772799999
1767772800000,14.52,14.56,14.49,14.51,61840.61,1767776399999
1767776400000,14.51,14.51,14.42,14.46,184215.25,1767779999999
1767780000000,14.46,14.52,14.44,14.49,49182.94,1767783599999
1767783600000,14.49,14.53,14.48,14.49,54237.93,1767787199999
1767787200000,14.49,14.51,14.35,14.39,110555.36,1767790799999
1767790800000,14.39,14.43,14.31,14.36,117098.82,1767794399999
1767794400000,14.36,14.36,14.09,14.24,286500.71,1767797999999
1767798000000,14.25,14.26,13.95,14.01,287450.45,1767801599999
1767801600000,14.01,14.07,13.88,13.99,173101.67,1767805199999
1767805200000,13.99,14.16,13.98,14.06,91379.76,1767808799999
1767808800000,14.05,14.14,14.0,14.07,96136.42,1767812399999
1767812400000,14.08,14.15,14.0,14.11,82188.8,1767815999999
1767816000000,14.12,14.14,14.02,14.07,37695.66,1767819599999
1767819600000,14.08,14.11,14.04,14.05,22148.92,1767823199999
1767823200000,14.04,14.14,14.0,14.06,60799.74,1767826799999
1767826800000,14.06,14.19,14.01,14.11,48649.34,1767830399999
1767830400000,14.12,14.17,14.05,14.15,54508.43,1767833999999
1767834000000,14.15,14.22,14.11,14.2,106111.43,1767837599999
1767837600000,14.21,14.25,14.09,14.14,90952.68,1767841199999
1767841200000,14.14,14.21,14.01,14.03,55922.06,1767844799999
1767844800000,14.03,14.14,14.0,14.08,40445.35,1767848399999
1767848400000,14.09,14.14,14.02,14.04,36136.83,1767851999999
1767852000000,14.04,14.05,13.77,13.79,138471.95,1767855599999
1767855600000,13.79,13.94,13.68,13.9,145918.01,1767859199999
1767859200000,13.91,13.98,13.84,13.86,90442.49,1767862799999
1767862800000,13.86,13.91,13.74,13.76,65159.6,1767866399999
1767866400000,13.75,13.94,13.68,13.92,69757.4,1767869999999
1767870000000,13.92,13.93,13.76,13.9,153773.16,1767873599999
1767873600000,13.9,13.9,13.76,13.79,65091.0,1767877199999
1767877200000,13.8,13.83,13.71,13.76,50880.84,1767880799999
1767880800000,13.76,13.78,13.6,13.74,152343.28,1767884399999
1767884400000,13.73,13.95,13.67,13.94,115246.56,1767887999999
1767888000000,13.94,13.99,13.82,13.97,96999.56,1767891599999
1767891600000,13.98,14.04,13.9,14.03,64525.87,1767895199999
1767895200000,14.03,14.04,13.87,13.9,26774.51,1767898799999
1767898800000,13.9,13.95,13.83,13.86,39498.35,1767902399999
1767902400000,13.86,13.87,13.73,13.84,60664.74,1767905999999
1767906000000,13.84,13.98,13.84,13.96,44501.48,1767909599999
1767909600000,13.96,14.0,13.87,13.94,41194.55,1767913199999
1767913200000,13.94,13.97,13.88,13.89,17289.41,1767916799999
1767916800000,13.89,13.96,13.88,13.94,35537.84,1767920399999
1767920400000,13.94,14.05,13.85,13.91,126341.04,1767923999999
1767924000000,13.91,14.03,13.89,13.9,44187.13,1767927599999
1767927600000,13.9,13.99,13.87,13.98,42503.71,1767931199999
1767931200000,13.98,14.01,13.94,13.94,24745.98,1767934799999
1767934800000,13.95,14.0,13.91,13.99,19009.93,1767938399999
1767938400000,14.0,14.04,13.97,14.01,20473.29,1767941999999
1767942000000,14.02,14.02,13.92,13.93,32583.43,1767945599999
1767945600000,13.94,13.95,13.62,13.71,154035.68,1767949199999
1767949200000,13.72,13.85,13.71,13.78,70523.87,1767952799999
1767952800000,13.79,13.82,13.76,13.8,25988.52,1767956399999
1767956400000,13.8,13.84,13.76,13.77,38930.89,1767959999999
1767960000000,13.78,13.78,13.7,13.71,48634.95,1767963599999
1767963600000,13.72,13.9,13.71,13.83,188956.49,1767967199999
1767967200000,13.84,13.84,13.65,13.7,154762.29,1767970799999
1767970800000,13.69,14.17,13.61,13.98,269640.81,1767974399999
1767974400000,13.98,14.22,13.97,14.15,145634.12,1767977999999
1767978000000,14.15,14.18,13.92,14.01,86435.4,1767981599999
1767981600000,14.01,14.03,13.74,13.86,104818.1,1767985199999
1767985200000,13.86,13.86,13.69,13.75,66098.23,1767988799999
1767988800000,13.74,13.82,13.72,13.76,49581.81,1767992399999
1767992400000,13.77,13.86,13.73,13.84,62960.39,1767995999999
1767996000000,13.83,13.85,13.78,13.83,27389.6,1767999599999
1767999600000,13.83,13.83,13.77,13.79,20693.56,1768003199999
1768003200000,13.78,13.8,13.72,13.73,33732.28,1768006799999
1768006800000,13.73,13.8,13.71,13.78,17932.57,1768010399999
1768010400000,13.78,13.8,13.7,13.72,26316.27,1768013999999
1768014000000,13.71,13.72,13.65,13.7,25901.08,1768017599999
1768017600000,13.7,13.7,13.64,13.65,19357.38,1768021199999
1768021200000,13.66,13.73,13.64,13.68,16300.06,1768024799999
1768024800000,13.69,13.74,13.66,13.72,32477.62,1768028399999
1768028400000,13.72,13.84,13.71,13.81,38458.47,1768031999999
1768032000000,13.82,13.83,13.75,13.8,16982.05,1768035599999
1768035600000,13.8,13.86,13.79,13.84,35167.58,1768039199999
1768039200000,13.85,13.87,13.81,13.85,39587.2,1768042799999
1768042800000,13.85,13.87,13.82,13.87,14290.27,1768046399999
1768046400000,13.86,13.88,13.83,13.87,25215.49,1768049999999
1768050000000,13.88,13.88,13.82,13.87,48893.24,1768053599999
1768053600000,13.87,13.87,13.8,13.82,36815.56,1768057199999
1768057200000,13.81,13.84,13.8,13.84,17060.99,1768060799999
1768060800000,13.84,13.88,13.81,13.86,48999.65,1768064399999
1768064400000,13.87,13.94,13.85,13.86,39225.09,1768067999999
1768068000000,13.86,13.88,13.82,13.83,18758.3,1768071599999
1768071600000,13.83,13.87,13.83,13.86,10140.88,1768075199999
1768075200000,13.86,13.88,13.81,13.84,27021.8,1768078799999
1768078800000,13.83,13.85,13.76,13.77,17267.94,1768082399999
1768082400000,13.76,13.77,13.69,13.69,29617.64,1768085999999
1768086000000,13.7,13.76,13.69,13.74,20945.75,1768089599999
1768089600000,13.73,13.74,13.68,13.72,18849.66,1768093199999
1768093200000,13.72,13.74,13.69,13.72,28771.56,1768096799999
1768096800000,13.73,13.74,13.69,13.7,19979.3,1768100399999
1768100400000,13.69,13.75,13.69,13.73,15699.7,1768103999999
1768104000000,13.72,13.78,13.71,13.78,23512.97,1768107599999
1768107600000,13.77,13.81,13.75,13.8,18580.43,1768111199999
1768111200000,13.81,13.83,13.75,13.82,23835.08,1768114799999
1768114800000,13.83,13.84,13.79,13.81,19693.67,1768118399999
1768118400000,13.82,13.83,13.77,13.81,18194.66,1768121999999
1768122000000,13.8,13.84,13.79,13.81,27998.66,1768125599999
1768125600000,13.81,13.81,13.76,13.81,28985.13,1768129199999
1768129200000,13.81,13.83,13.78,13.81,42129.9,1768132799999
1768132800000,13.82,13.89,13.81,13.87,44399.02,1768136399999
1768136400000,13.87,13.87,13.81,13.82,21715.53,1768139999999
1768140000000,13.82,13.98,13.82,13.96,53389.34,1768143599999
1768143600000,13.96,13.97,13.75,13.8,89560.04,1768147199999
1768147200000,13.8,13.99,13.79,13.95,115107.76,1768150799999
1768150800000,13.94,13.97,13.86,13.95,46067.47,1768154399999
1768154400000,13.95,13.96,13.85,13.9,26901.43,1768157999999
1768158000000,13.9,13.93,13.83,13.84,75008.1,1768161599999
1768161600000,13.84,13.84,13.64,13.74,90710.64,1768165199999
1768165200000,13.73,13.77,13.65,13.75,49707.15,1768168799999
1768168800000,13.76,13.76,13.62,13.62,47273.61,1768172399999
1768172400000,13.62,13.72,13.48,13.7,125871.37,1768175999999
1768176000000,13.71,13.8,13.61,13.77,83827.1,1768179599999
1768179600000,13.77,13.91,13.76,13.84,182246.99,1768183199999
1768183200000,13.84,14.09,13.84,14.05,176612.68,1768186799999
1768186800000,14.06,14.22,13.97,13.98,232182.35,1768190399999
1768190400000,13.99,14.05,13.96,14.03,74762.05,1768193999999
1768194000000,14.03,14.06,13.96,13.99,52816.55,1768197599999
1768197600000,14.0,14.04,13.92,13.94,83463.65,1768201199999
1768201200000,13.94,13.97,13.73,13.75,106412.61,1768204799999
1768204800000,13.74,13.81,13.51,13.61,211944.46,1768208399999
1768208400000,13.61,13.67,13.57,13.62,73081.94,1768211999999
1768212000000,13.62,13.65,13.56,13.58,42889.21,1768215599999
1768215600000,13.58,13.67,13.58,13.65,33113.1,1768219199999
1768219200000,13.65,13.7,13.62,13.63,84825.57,1768222799999
1768222800000,13.64,13.67,13.52,13.57,81051.33,1768226399999
1768226400000,13.57,13.68,13.39,13.63,246621.45,1768229999999
1768230000000,13.64,13.91,13.59,13.87,192511.47,1768233599999
1768233600000,13.88,14.0,13.84,13.87,154410.13,1768237199999
1768237200000,13.86,13.91,13.63,13.73,147152.97,1768240799999
1768240800000,13.72,13.8,13.65,13.68,65128.67,1768244399999
1768244400000,13.67,13.73,13.62,13.72,47929.34,1768247999999
1768248000000,13.72,13.78,13.61,13.63,81397.91,1768251599999
1768251600000,13.63,13.64,13.47,13.53,82529.07,1768255199999
1768255200000,13.53,13.59,13.52,13.54,36831.68,1768258799999
1768258800000,13.54,13.55,13.49,13.53,38344.85,1768262399999
1768262400000,13.52,13.56,13.49,13.55,53942.29,1768265999999
1768266000000,13.55,13.61,13.48,13.53,51050.72,1768269599999
1768269600000,13.53,13.62,13.52,13.53,39564.91,1768273199999
1768273200000,13.53,13.61,13.52,13.59,50215.27,1768276799999
1768276800000,13.59,13.68,13.58,13.67,51038.26,1768280399999
1768280400000,13.67,13.83,13.67,13.73,80825.94,1768283999999
1768284000000,13.74,13.78,13.69,13.75,49990.58,1768287599999
1768287600000,13.75,13.76,13.68,13.72,40656.87,1768291199999
1768291200000,13.72,13.83,13.71,13.8,36150.05,1768294799999
1768294800000,13.8,13.86,13.77,13.81,84657.35,1768298399999
1768298400000,13.8,13.85,13.76,13.8,41723.6,1768301999999
1768302000000,13.79,13.8,13.75,13.76,28603.91,1768305599999
1768305600000,13.76,13.83,13.72,13.81,44010.66,1768309199999
1768309200000,13.81,13.94,13.79,13.88,202335.13,1768312799999
1768312800000,13.88,14.1,13.83,13.97,237226.33,1768316399999
1768316400000,13.97,14.37,13.9,14.36,504993.35,1768319999999
1768320000000,14.37,14.61,14.37,14.49,769994.66,1768323599999
1768323600000,14.5,14.55,14.46,14.52,292785.91,1768327199999
1768327200000,14.52,14.57,14.47,14.48,199059.06,1768330799999
1768330800000,14.47,14.53,14.47,14.52,93866.44,1768334399999
1768334400000,14.52,14.56,14.47,14.5,141321.61,1768337999999
1768338000000,14.49,14.54,14.48,14.52,77393.91,1768341599999
1768341600000,14.52,14.85,14.5,14.77,588292.33,1768345199999
1768345200000,14.77,14.83,14.7,14.75,262995.95,1768348799999
1768348800000,14.76,14.8,14.71,14.75,97196.51,1768352399999
1768352400000,14.75,14.79,14.72,14.75,90742.73,1768355999999
1768356000000,14.74,14.79,14.7,14.73,71322.11,1768359599999
1768359600000,14.73,14.77,14.7,14.76,46177.71,1768363199999
1768363200000,14.77,14.77,14.7,14.71,76866.57,1768366799999
1768366800000,14.71,14.74,14.67,14.7,80683.43,1768370399999
1768370400000,14.7,14.73,14.66,14.7,105069.38,1768373999999
1768374000000,14.7,14.74,14.67,14.68,58644.62,1768377599999
1768377600000,14.69,14.75,14.67,14.69,63219.1,1768381199999
1768381200000,14.69,14.74,14.68,14.72,43580.88,1768384799999
1768384800000,14.72,14.72,14.57,14.59,110096.47,1768388399999
1768388400000,14.59,14.6,14.49,14.51,159868.18,1768391999999
1768392000000,14.52,14.56,14.49,14.53,44071.14,1768395599999
1768395600000,14.53,14.58,14.41,14.44,142101.66,1768399199999
1768399200000,14.44,14.69,14.43,14.61,235499.87,1768402799999
1768402800000,14.61,14.77,14.54,14.76,256248.38,1768406399999
1768406400000,14.76,14.95,14.76,14.84,338187.56,1768409999999
1768410000000,14.84,14.86,14.6,14.63,249535.73,1768413599999
1768413600000,14.62,14.65,14.41,14.54,209978.59,1768417199999
1768417200000,14.54,14.74,14.52,14.64,173957.98,1768420799999
1768420800000,14.64,14.74,14.62,14.68,95650.44,1768424399999
1768424400000,14.68,14.7,14.61,14.66,63135.39,1768427999999
1768428000000,14.66,14.67,14.55,14.58,82387.65,1768431599999
1768431600000,14.57,14.67,14.57,14.6,62694.68,1768435199999
1768435200000,14.6,14.63,14.49,14.51,58928.69,1768438799999
1768438800000,14.52,14.59,14.43,14.46,65936.03,1768442399999
1768442400000,14.47,14.49,14.31,14.33,107655.24,1768445999999
1768446000000,14.34,14.35,14.12,14.15,157871.98,1768449599999
1768449600000,14.15,14.3,14.14,14.25,130852.27,1768453199999
1768453200000,14.24,14.29,14.23,14.27,69471.59,1768456799999
1768456800000,14.26,14.3,14.17,14.19,64258.52,1768460399999
1768460400000,14.18,14.38,14.18,14.35,70451.87,1768463999999
1768464000000,14.35,14.43,14.33,14.43,61845.75,1768467599999
1768467600000,14.43,14.48,14.34,14.44,228817.69,1768471199999
1768471200000,14.44,14.45,14.35,14.38,52477.14,1768474799999
1768474800000,14.38,14.41,14.3,14.31,38039.09,1768478399999
1768478400000,14.31,14.38,14.29,14.37,36634.15,1768481999999
1768482000000,14.38,14.43,14.32,14.36,70247.84,1768485599999
1768485600000,14.36,14.41,14.09,14.19,151636.9,1768489199999
1768489200000,14.18,14.24,13.81,14.07,291911.22,1768492799999
1768492800000,14.06,14.06,13.91,14.01,142191.29,1768496399999
1768496400000,14.02,14.08,13.9,13.91,134306.45,1768499999999
1768500000000,13.91,13.95,13.72,13.75,155729.66,1768503599999
1768503600000,13.74,13.78,13.63,13.75,148446.48,1768507199999
1768507200000,13.74,13.77,13.61,13.68,86033.49,1768510799999
1768510800000,13.68,13.76,13.67,13.73,45909.96,1768514399999
1768514400000,13.73,13.83,13.71,13.79,71747.84,1768517999999
1768518000000,13.79,13.83,13.76,13.82,30384.17,1768521599999
1768521600000,13.82,13.86,13.77,13.82,63218.35,1768525199999
1768525200000,13.82,13.83,13.74,13.76,45792.37,1768528799999
1768528800000,13.77,13.85,13.71,13.84,31096.71,1768532399999
1768532400000,13.84,13.86,13.74,13.75,30171.31,1768535999999
1768536000000,13.75,13.79,13.68,13.73,67070.75,1768539599999
1768539600000,13.73,13.84,13.72,13.81,63410.95,1768543199999
1768543200000,13.8,13.84,13.79,13.83,19855.33,1768546799999
1768546800000,13.82,13.83,13.77,13.81,43249.01,1768550399999
1768550400000,13.82,13.87,13.81,13.82,74310.86,1768553999999
1768554000000,13.81,13.83,13.78,13.79,34294.25,1768557599999
1768557600000,13.79,13.79,13.74,13.75,42621.21,1768561199999
1768561200000,13.75,13.8,13.73,13.8,30127.63,1768564799999
1768564800000,13.79,13.81,13.77,13.8,23853.03,1768568399999
1768568400000,13.79,13.8,13.72,13.76,42396.88,1768571999999
1768572000000,13.76,13.82,13.74,13.76,80370.43,1768575599999
1768575600000,13.76,13.81,13.33,13.41,398447.48,1768579199999
1768579200000,13.4,13.44,13.19,13.37,434689.15,1768582799999
1768582800000,13.37,13.42,13.29,13.41,140638.29,1768586399999
1768586400000,13.41,13.46,13.36,13.37,114785.07,1768589999999
1768590000000,13.36,13.43,13.31,13.4,62739.34,1768593599999
1768593600000,13.4,13.59,13.3,13.58,184938.14,1768597199999
1768597200000,13.59,13.66,13.58,13.58,111709.7,1768600799999
1768600800000,13.59,13.64,13.56,13.6,71310.59,1768604399999
1768604400000,13.6,13.64,13.57,13.59,46371.88,1768607999999
1768608000000,13.59,13.61,13.56,13.59,34247.87,1768611599999
1768611600000,13.59,13.64,13.58,13.6,34460.36,1768615199999
1768615200000,13.59,13.61,13.54,13.57,39352.74,1768618799999
1768618800000,13.57,13.59,13.54,13.57,24177.62,1768622399999
1768622400000,13.57,13.59,13.54,13.57,30935.22,1768625999999
1768626000000,13.57,13.61,13.56,13.59,27346.64,1768629599999
1768629600000,13.59,13.6,13.55,13.56,20306.78,1768633199999
1768633200000,13.56,13.61,13.53,13.6,31119.16,1768636799999
1768636800000,13.61,13.7,13.6,13.69,65397.67,1768640399999
1768640400000,13.69,13.71,13.65,13.67,56770.11,1768643999999
1768644000000,13.66,13.71,13.63,13.66,77991.67,1768647599999
1768647600000,13.66,13.67,13.62,13.64,32655.32,1768651199999
1768651200000,13.64,13.71,13.64,13.7,36699.91,1768654799999
1768654800000,13.69,13.79,13.68,13.77,59933.87,1768658399999
1768658400000,13.77,13.97,13.74,13.9,135195.26,1768661999999
1768662000000,13.91,13.93,13.84,13.89,99373.4,1768665599999
1768665600000,13.9,13.9,13.75,13.81,77490.56,1768669199999
1768669200000,13.8,13.83,13.76,13.79,39271.74,1768672799999
1768672800000,13.79,13.84,13.77,13.83,23968.52,1768676399999
1768676400000,13.83,13.84,13.8,13.82,43185.29,1768679999999
1768680000000,13.83,13.86,13.81,13.82,35173.6,1768683599999
1768683600000,13.81,13.82,13.77,13.81,42893.99,1768687199999
1768687200000,13.82,13.82,13.72,13.76,49679.21,1768690799999
1768690800000,13.76,13.78,13.72,13.75,35653.14,1768694399999
1768694400000,13.75,13.83,13.74,13.77,62382.03,1768697999999
1768698000000,13.77,13.79,13.66,13.69,66621.82,1768701599999
1768701600000,13.69,13.73,13.64,13.68,45371.17,1768705199999
1768705200000,13.68,13.72,13.66,13.68,21788.91,1768708799999
1768708800000,13.67,13.68,13.64,13.67,12405.8,1768712399999
1768712400000,13.67,13.69,13.64,13.69,21134.68,1768715999999
1768716000000,13.68,13.71,13.64,13.64,15946.33,1768719599999
1768719600000,13.65,13.66,13.57,13.63,41606.47,1768723199999
1768723200000,13.62,13.65,13.61,13.64,17845.95,1768726799999
1768726800000,13.63,13.66,13.61,13.65,24814.12,1768730399999
1768730400000,13.66,13.66,13.58,13.6,30544.77,1768733999999
1768734000000,13.59,13.62,13.57,13.59,35074.49,1768737599999
1768737600000,13.58,13.61,13.53,13.55,48597.19,1768741199999
1768741200000,13.54,13.59,13.51,13.55,44492.88,1768744799999
1768744800000,13.55,13.63,13.5,13.51,99130.45,1768748399999
1768748400000,13.51,13.57,13.47,13.57,43192.47,1768751999999
1768752000000,13.57,13.63,13.54,13.59,33558.33,1768755599999
1768755600000,13.6,13.63,13.55,13.59,36259.7,1768759199999
1768759200000,13.59,13.74,13.56,13.69,85169.57,1768762799999
1768762800000,13.69,13.73,13.62,13.66,34223.26,1768766399999
1768766400000,13.66,13.73,13.64,13.7,35678.23,1768769999999
1768770000000,13.71,13.74,13.68,13.7,18273.46,1768773599999
1768773600000,13.7,13.76,13.7,13.73,20370.77,1768777199999
1768777200000,13.74,13.74,12.94,12.98,554099.66,1768780799999
1768780800000,12.98,12.99,12.09,12.57,1314623.18,1768784399999
1768784400000,12.57,12.7,12.5,12.62,187075.65,1768787999999
1768788000000,12.61,12.76,12.59,12.7,108038.34,1768791599999
1768791600000,12.69,12.74,12.63,12.71,57470.01,1768795199999
1768795200000,12.71,12.74,12.62,12.63,92196.9,1768798799999
1768798800000,12.63,12.69,12.59,12.62,134348.08,1768802399999
1768802400000,12.62,12.63,12.55,12.6,72429.72,1768805999999
1768806000000,12.61,12.66,12.6,12.64,39896.41,1768809599999
1768809600000,12.64,12.84,12.62,12.81,236570.3,1768813199999
1768813200000,12.8,12.82,12.77,12.81,63013.43,1768816799999
1768816800000,12.81,12.81,12.73,12.75,48134.52,1768820399999
1768820400000,12.75,12.75,12.69,12.71,61109.94,1768823999999
1768824000000,12.7,12.74,12.66,12.7,51186.05,1768827599999
1768827600000,12.7,12.75,12.66,12.72,36304.02,1768831199999
1768831200000,12.72,12.78,12.7,12.76,59821.84,1768834799999
1768834800000,12.76,12.79,12.67,12.73,110427.11,1768838399999
1768838400000,12.72,12.77,12.7,12.75,85373.71,1768841999999
1768842000000,12.75,12.76,12.62,12.7,98628.25,1768845599999
1768845600000,12.7,12.76,12.69,12.75,75082.75,1768849199999
1768849200000,12.75,12.86,12.75,12.81,86521.87,1768852799999
1768852800000,12.82,12.84,12.78,12.79,29116.9,1768856399999
1768856400000,12.8,12.82,12.77,12.78,34374.9,1768859999999
1768860000000,12.77,12.78,12.64,12.65,53288.02,1768863599999
1768863600000,12.65,12.78,12.63,12.74,75674.25,1768867199999
1768867200000,12.73,12.74,12.65,12.67,26842.78,1768870799999
1768870800000,12.67,12.75,12.63,12.69,28904.32,1768874399999
1768874400000,12.69,12.73,12.63,12.7,60942.9,1768877999999
1768878000000,12.7,12.73,12.66,12.71,61379.54,1768881599999
1768881600000,12.7,12.74,12.68,12.68,46275.49,1768885199999
1768885200000,12.69,12.76,12.62,12.73,141000.37,1768888799999
1768888800000,12.73,12.74,12.53,12.58,155835.52,1768892399999
1768892400000,12.58,12.65,12.55,12.56,79985.35,1768895999999
1768896000000,12.56,12.56,12.41,12.48,233358.77,1768899599999
1768899600000,12.48,12.59,12.45,12.56,172146.23,1768903199999
1768903200000,12.55,12.65,12.49,12.5,133592.77,1768906799999
1768906800000,12.49,12.54,12.46,12.46,131083.53,1768910399999
1768910400000,12.46,12.5,12.45,12.47,63474.32,1768913999999
1768914000000,12.46,12.46,12.33,12.34,138325.97,1768917599999
1768917600000,12.34,12.55,12.33,12.47,254851.31,1768921199999
1768921200000,12.46,12.47,12.31,12.4,238602.43,1768924799999
1768924800000,12.4,12.44,12.14,12.22,177459.9,1768928399999
1768928400000,12.21,12.32,12.06,12.14,217098.29,1768931999999
1768932000000,12.15,12.2,12.09,12.15,162777.44,1768935599999
1768935600000,12.15,12.2,12.11,12.19,72561.63,1768939199999
1768939200000,12.19,12.3,12.14,12.26,89805.29,1768942799999
1768942800000,12.27,12.27,12.18,12.2,62710.1,1768946399999
1768946400000,12.19,12.24,11.97,12.15,230362.43,1768949999999
1768950000000,12.15,12.15,12.07,12.09,64815.45,1768953599999
1768953600000,12.09,12.26,12.06,12.26,110390.56,1768957199999
1768957200000,12.26,12.31,12.24,12.26,72280.42,1768960799999
1768960800000,12.26,12.33,12.23,12.29,80596.57,1768964399999
1768964400000,12.3,12.34,12.28,12.29,53009.1,1768967999999
1768968000000,12.29,12.31,12.25,12.26,142653.59,1768971599999
1768971600000,12.26,12.39,12.26,12.36,59957.68,1768975199999
1768975200000,12.36,12.37,12.24,12.25,41226.34,1768978799999
1768978800000,12.26,12.3,12.22,12.24,47843.4,1768982399999
1768982400000,12.24,12.26,12.14,12.22,55923.32,1768985999999
1768986000000,12.22,12.25,12.2,12.22,37857.71,1768989599999
1768989600000,12.22,12.28,12.18,12.19,48672.84,1768993199999
1768993200000,12.19,12.23,12.1,12.11,48452.35,1768996799999
1768996800000,12.11,12.13,11.96,12.09,122517.8,1769000399999
1769000400000,12.08,12.13,12.0,12.03,89834.26,1769003999999
1769004000000,12.02,12.35,12.01,12.3,358668.93,1769007599999
1769007600000,12.3,12.42,12.27,12.4,294363.88,1769011199999
1769011200000,12.39,12.42,11.88,11.9,328424.36,1769014799999
1769014800000,11.91,12.04,11.88,12.03,313878.31,1769018399999
1769018400000,12.02,12.17,11.98,12.13,143753.92,1769021999999
1769022000000,12.12,12.61,12.09,12.59,432743.58,1769025599999
1769025600000,12.59,12.62,12.41,12.54,209977.64,1769029199999
1769029200000,12.54,12.73,12.5,12.62,218809.06,1769032799999
1769032800000,12.63,12.73,12.49,12.52,108426.52,1769036399999
1769036400000,12.51,12.54,12.38,12.42,55134.8,1769039999999
1769040000000,12.42,12.51,12.42,12.48,50121.82,1769043599999
1769043600000,12.48,12.6,12.47,12.59,49121.74,1769047199999
1769047200000,12.59,12.62,12.52,12.54,39759.74,1769050799999
1769050800000,12.55,12.59,12.45,12.49,52368.27,1769054399999
1769054400000,12.49,12.53,12.48,12.51,30237.31,1769057999999
1769058000000,12.51,12.56,12.48,12.5,19066.38,1769061599999
1769061600000,12.5,12.52,12.45,12.5,34481.53,1769065199999
1769065200000,12.5,12.51,12.42,12.43,35056.03,1769068799999
1769068800000,12.44,12.47,12.37,12.44,52958.29,1769072399999
1769072400000,12.45,12.5,12.43,12.49,29522.59,1769075999999
1769076000000,12.48,12.49,12.44,12.46,30044.77,1769079599999
1769079600000,12.45,12.46,12.35,12.35,32367.75,1769083199999
1769083200000,12.35,12.35,12.3,12.3,44639.44,1769086799999
1769086800000,12.3,12.4,12.24,12.27,95410.76,1769090399999
1769090400000,12.27,12.33,12.14,12.15,181256.25,1769093999999
1769094000000,12.15,12.24,12.04,12.17,168136.45,1769097599999
1769097600000,12.17,12.26,12.13,12.22,108475.98,1769101199999
1769101200000,12.23,12.24,12.12,12.2,121546.84,1769104799999
1769104800000,12.19,12.2,12.09,12.11,73153.72,1769108399999
1769108400000,12.11,12.2,12.08,12.16,62532.18,1769111999999
1769112000000,12.17,12.2,12.08,12.12,48357.54,1769115599999
1769115600000,12.12,12.19,12.11,12.16,39861.67,1769119199999
1769119200000,12.16,12.2,12.14,12.18,37157.21,1769122799999
1769122800000,12.17,12.2,12.12,12.2,41758.06,1769126399999
1769126400000,12.2,12.23,12.17,12.2,46645.46,1769129999999
1769130000000,12.21,12.3,12.2,12.29,38086.93,1769133599999
1769133600000,12.3,12.3,12.22,12.22,32978.38,1769137199999
1769137200000,12.22,12.28,12.2,12.26,27441.29,1769140799999
1769140800000,12.26,12.38,12.25,12.36,184569.11,1769144399999
1769144400000,12.36,12.36,12.26,12.29,14649.79,1769147999999
1769148000000,12.28,12.33,12.24,12.25,31298.56,1769151599999
1769151600000,12.24,12.26,12.11,12.13,262272.6,1769155199999
1769155200000,12.13,12.14,12.04,12.07,62005.47,1769158799999
1769158800000,12.07,12.2,12.06,12.15,149028.44,1769162399999
1769162400000,12.15,12.17,12.12,12.15,35384.07,1769165999999
1769166000000,12.15,12.21,12.15,12.2,58841.19,1769169599999
1769169600000,12.2,12.21,12.16,12.19,38928.77,1769173199999
1769173200000,12.19,12.23,12.18,12.21,36581.09,1769176799999
1769176800000,12.21,12.22,11.99,12.07,172091.4,1769180399999
1769180400000,12.07,12.26,12.01,12.24,185123.94,1769183999999
1769184000000,12.24,12.36,12.17,12.3,106621.5,1769187599999
1769187600000,12.29,12.5,12.23,12.37,150129.79,1769191199999
1769191200000,12.37,12.44,12.32,12.34,81524.2,1769194799999
1769194800000,12.34,12.34,12.13,12.17,115169.39,1769198399999
1769198400000,12.18,12.2,12.03,12.08,135051.96,1769201999999
1769202000000,12.09,12.16,12.07,12.11,69943.94,1769205599999
1769205600000,12.11,12.19,12.11,12.17,57851.15,1769209199999
1769209200000,12.16,12.16,12.11,12.13,31029.2,1769212799999
1769212800000,12.13,12.16,12.11,12.12,54017.6,1769216399999
1769216400000,12.12,12.14,12.1,12.13,21347.18,1769219999999
1769220000000,12.13,12.15,12.12,12.14,20953.92,1769223599999
1769223600000,12.14,12.18,12.12,12.15,34306.2,1769227199999
1769227200000,12.15,12.19,12.15,12.17,11436.95,1769230799999
1769230800000,12.17,12.18,12.13,12.16,11715.62,1769234399999
1769234400000,12.16,12.17,12.13,12.14,11741.8,1769237999999
1769238000000,12.15,12.15,12.11,12.12,10603.95,1769241599999
1769241600000,12.12,12.14,12.11,12.13,11758.26,1769245199999
1769245200000,12.14,12.14,12.09,12.1,19868.76,1769248799999
1769248800000,12.1,12.1,12.06,12.1,35083.65,1769252399999
1769252400000,12.1,12.13,12.09,12.12,16596.78,1769255999999
1769256000000,12.12,12.15,12.11,12.13,16317.61,1769259599999
1769259600000,12.13,12.13,12.08,12.08,13142.9,1769263199999
1769263200000,12.08,12.1,12.06,12.08,37303.51,1769266799999
1769266800000,12.08,12.11,12.02,12.04,48927.54,1769270399999
1769270400000,12.03,12.08,11.97,12.05,70665.18,1769273999999
1769274000000,12.06,12.06,12.02,12.05,28726.96,1769277599999
1769277600000,12.05,12.06,12.03,12.04,12666.18,1769281199999
1769281200000,12.04,12.05,12.01,12.04,18498.28,1769284799999
1769284800000,12.03,12.09,12.03,12.08,24263.48,1769288399999
1769288400000,12.08,12.09,12.06,12.07,21166.77,1769291999999
1769292000000,12.07,12.12,12.07,12.11,33095.2,1769295599999
1769295600000,12.11,12.11,12.04,12.05,51550.07,1769299199999
1769299200000,12.05,12.07,12.03,12.07,43033.75,1769302799999
1769302800000,12.06,12.08,11.99,12.01,42110.64,1769306399999
1769306400000,12.01,12.03,11.99,11.99,43085.28,1769309999999
1769310000000,12.0,12.02,11.87,11.93,61332.35,1769313599999
1769313600000,11.93,11.99,11.92,11.95,33821.84,1769317199999
1769317200000,11.96,12.0,11.95,11.98,15969.22,1769320799999
1769320800000,11.98,11.98,11.93,11.94,34384.12,1769324399999
1769324400000,11.94,11.94,11.88,11.93,47958.54,1769327999999
1769328000000,11.93,11.95,11.83,11.88,59189.07,1769331599999
1769331600000,11.88,11.99,11.87,11.96,38953.07,1769335199999
1769335200000,11.97,12.06,11.95,12.0,64597.49,1769338799999
1769338800000,11.99,12.0,11.94,11.96,35347.34,1769342399999
1769342400000,11.95,11.95,11.88,11.94,44093.84,1769345999999
1769346000000,11.94,11.97,11.9,11.97,72714.48,1769349599999
1769349600000,11.97,11.97,11.81,11.88,51424.79,1769353199999
1769353200000,11.87,11.91,11.82,11.85,39934.06,1769356799999
1769356800000,11.85,11.86,11.58,11.68,394298.52,1769360399999
1769360400000,11.67,11.7,11.58,11.64,84480.33,1769363999999
1769364000000,11.64,11.65,11.46,11.55,252825.25,1769367599999
1769367600000,11.54,11.57,11.23,11.3,392689.59,1769371199999
1769371200000,11.3,11.4,11.25,11.35,170467.76,1769374799999
1769374800000,11.36,11.46,11.35,11.43,121669.17,1769378399999
1769378400000,11.42,11.43,11.34,11.39,86148.58,1769381999999
1769382000000,11.39,11.52,11.34,11.49,96745.33,1769385599999
1769385600000,11.49,11.58,11.46,11.57,116957.95,1769389199999
1769389200000,11.57,11.75,11.56,11.71,118765.99,1769392799999
1769392800000,11.72,11.72,11.61,11.61,61722.45,1769396399999
1769396400000,11.62,11.64,11.5,11.53,72683.39,1769399999999
1769400000000,11.54,11.65,11.53,11.59,77460.61,1769403599999
1769403600000,11.6,11.63,11.58,11.61,43910.26,1769407199999
1769407200000,11.62,11.69,11.58,11.67,58540.34,1769410799999
1769410800000,11.67,11.72,11.64,11.69,66017.17,1769414399999
1769414400000,11.69,11.78,11.66,11.69,99294.65,1769417999999
1769418000000,11.7,11.7,11.61,11.62,67750.86,1769421599999
1769421600000,11.62,11.68,11.61,11.66,39368.6,1769425199999
1769425200000,11.66,11.7,11.65,11.67,40483.09,1769428799999
1769428800000,11.67,11.7,11.65,11.66,43072.0,1769432399999
1769432400000,11.66,11.74,11.66,11.72,72449.01,1769435999999
1769436000000,11.71,11.82,11.63,11.79,180563.24,1769439599999
1769439600000,11.79,11.92,11.7,11.76,228803.44,1769443199999
1769443200000,11.76,11.81,11.69,11.76,150055.15,1769446799999
1769446800000,11.75,11.78,11.62,11.71,164850.17,1769450399999
1769450400000,11.7,11.82,11.69,11.78,119777.08,1769453999999
1769454000000,11.78,11.8,11.69,11.7,89915.37,1769457599999
1769457600000,11.71,11.73,11.63,11.66,62445.33,1769461199999
1769461200000,11.65,11.8,11.63,11.76,105317.48,1769464799999
1769464800000,11.76,11.78,11.72,11.75,83470.5,1769468399999
1769468400000,11.75,11.78,11.7,11.72,54157.27,1769471999999
1769472000000,11.72,11.74,11.69,11.73,41216.91,1769475599999
1769475600000,11.72,11.81,11.69,11.77,65750.76,1769479199999
1769479200000,11.78,11.85,11.77,11.84,67772.26,1769482799999
1769482800000,11.84,11.84,11.77,11.79,26025.17,1769486399999
1769486400000,11.78,11.84,11.75,11.78,42464.86,1769489999999
1769490000000,11.78,11.79,11.75,11.76,25565.98,1769493599999
1769493600000,11.76,11.77,11.72,11.74,14781.91,1769497199999
1769497200000,11.74,11.82,11.73,11.76,64739.17,1769500799999
1769500800000,11.76,11.79,11.75,11.76,23802.93,1769504399999
1769504400000,11.76,11.76,11.68,11.7,48095.17,1769507999999
1769508000000,11.69,11.73,11.66,11.68,54998.43,1769511599999
1769511600000,11.68,11.7,11.65,11.68,28769.64,1769515199999
1769515200000,11.69,11.71,11.67,11.69,40403.7,1769518799999
1769518800000,11.7,11.7,11.61,11.63,56861.59,1769522399999
1769522400000,11.63,11.74,11.6,11.63,165694.53,1769525999999
1769526000000,11.62,11.74,11.6,11.72,133639.83,1769529599999
1769529600000,11.72,11.96,11.72,11.89,259239.21,1769533199999
1769533200000,11.9,11.92,11.58,11.64,179992.15,1769536799999
1769536800000,11.63,11.88,11.62,11.84,134334.83,1769540399999
1769540400000,11.84,11.9,11.8,11.86,67094.24,1769543999999
1769544000000,11.86,12.14,11.84,12.08,214694.53,1769547599999
1769547600000,12.08,12.12,12.02,12.03,203280.87,1769551199999
1769551200000,12.04,12.14,12.04,12.09,97219.15,1769554799999
1769554800000,12.09,12.2,12.08,12.14,101176.41,1769558399999
1769558400000,12.14,12.17,12.06,12.14,138380.8,1769561999999
1769562000000,12.14,12.17,12.07,12.12,60637.09,1769565599999
1769565600000,12.12,12.12,12.03,12.07,32638.58,1769569199999
1769569200000,12.08,12.11,12.04,12.06,45785.14,1769572799999
1769572800000,12.07,12.08,12.02,12.06,45901.79,1769576399999
1769576400000,12.05,12.11,12.04,12.1,29896.11,1769579999999
1769580000000,12.1,12.16,12.08,12.15,50644.26,1769583599999
1769583600000,12.15,12.15,12.06,12.09,35542.48,1769587199999
1769587200000,12.08,12.1,12.02,12.06,41278.14,1769590799999
1769590800000,12.05,12.17,12.03,12.17,56246.42,1769594399999
1769594400000,12.17,12.23,12.14,12.16,77500.17,1769597999999
1769598000000,12.17,12.25,12.12,12.24,102443.15,1769601599999
1769601600000,12.23,12.29,12.12,12.15,113608.35,1769605199999
1769605200000,12.15,12.24,12.14,12.15,93600.73,1769608799999
1769608800000,12.16,12.17,12.05,12.08,128140.49,1769612399999
1769612400000,12.08,12.12,11.95,12.02,123892.57,1769615999999
1769616000000,12.01,12.06,11.95,12.01,63948.98,1769619599999
1769619600000,12.01,12.14,11.93,12.08,94864.7,1769623199999
1769623200000,12.08,12.08,12.0,12.04,68572.19,1769626799999
1769626800000,12.03,12.09,11.98,12.06,134931.77,1769630399999
1769630400000,12.06,12.18,12.02,12.04,102616.76,1769633999999
1769634000000,12.05,12.11,11.96,12.07,82001.95,1769637599999
1769637600000,12.08,12.13,12.03,12.13,42128.27,1769641199999
1769641200000,12.13,12.15,12.06,12.07,52654.65,1769644799999
1769644800000,12.08,12.1,11.96,12.02,54790.88,1769648399999
1769648400000,12.01,12.05,11.91,11.93,54383.69,1769651999999
1769652000000,11.92,11.99,11.75,11.8,129091.57,1769655599999
1769655600000,11.79,11.88,11.76,11.79,60307.24,1769659199999
1769659200000,11.79,11.81,11.69,11.79,67414.24,1769662799999
1769662800000,11.8,11.85,11.78,11.8,33575.29,1769666399999
1769666400000,11.8,11.84,11.78,11.83,34172.56,1769669999999
1769670000000,11.83,11.86,11.77,11.8,86908.24,1769673599999
1769673600000,11.8,11.81,11.73,11.75,78546.08,1769677199999
1769677200000,11.74,11.77,11.72,11.73,53989.92,1769680799999
1769680800000,11.73,11.74,11.69,11.71,27827.47,1769684399999
1769684400000,11.71,11.72,11.64,11.66,61812.21,1769687999999
1769688000000,11.67,11.67,11.53,11.56,91322.83,1769691599999
1769691600000,11.55,11.6,11.54,11.6,57029.07,1769695199999
1769695200000,11.6,11.62,11.16,11.17,366677.22,1769698799999
1769698800000,11.18,11.19,10.87,11.01,1011699.31,1769702399999
1769702400000,11.01,11.04,10.94,11.03,516449.13,1769705999999
1769706000000,11.03,11.17,11.0,11.01,463382.6,1769709599999
1769709600000,11.01,11.04,10.8,10.82,589571.63,1769713199999
1769713200000,10.83,11.03,10.81,10.99,319350.78,1769716799999
1769716800000,10.99,11.05,10.96,11.03,305361.99,1769720399999
1769720400000,11.04,11.07,11.01,11.04,143764.14,1769723999999
1769724000000,11.04,11.06,10.99,11.03,80898.29,1769727599999
1769727600000,11.03,11.06,11.01,11.04,78626.17,1769731199999
1769731200000,11.04,11.09,11.03,11.07,117271.49,1769734799999
1769734800000,11.07,11.09,10.7,10.96,842221.97,1769738399999
1769738400000,10.96,10.98,10.76,10.92,256619.68,1769741999999
1769742000000,10.92,10.98,10.9,10.92,100749.72,1769745599999
1769745600000,10.93,11.02,10.93,10.98,111511.24,1769749199999
1769749200000,10.98,10.99,10.94,10.95,45627.86,1769752799999
1769752800000,10.95,10.96,10.72,10.8,114972.88,1769756399999
1769756400000,10.79,10.99,10.79,10.96,109174.49,1769759999999
1769760000000,10.95,10.97,10.85,10.88,115882.75,1769763599999
1769763600000,10.89,10.93,10.8,10.86,108438.36,1769767199999
1769767200000,10.86,10.94,10.82,10.94,100095.63,1769770799999
1769770800000,10.94,11.05,10.91,11.0,102106.41,1769774399999
1769774400000,11.01,11.02,10.94,10.96,105837.35,1769777999999
1769778000000,10.96,10.98,10.84,10.87,228045.46,1769781599999
1769781600000,10.88,11.01,10.88,10.95,207503.69,1769785199999
1769785200000,10.96,11.01,10.8,10.94,201446.9,1769788799999
1769788800000,10.94,11.01,10.87,10.95,132123.65,1769792399999
1769792400000,10.96,11.01,10.87,10.93,150369.83,1769795999999
1769796000000,10.93,11.03,10.63,11.0,389727.17,1769799599999
1769799600000,11.0,11.05,10.98,10.99,259849.44,1769803199999
1769803200000,11.0,11.0,10.82,10.85,296298.69,1769806799999
1769806800000,10.86,10.96,10.82,10.93,163240.65,1769810399999
1769810400000,10.92,10.94,10.84,10.9,49453.81,1769813999999
1769814000000,10.89,10.92,10.84,10.87,67762.77,1769817599999
1769817600000,10.88,10.88,10.84,10.87,78579.04,1769821199999
1769821200000,10.87,10.9,10.84,10.88,44705.28,1769824799999
1769824800000,10.88,10.89,10.82,10.86,57561.88,1769828399999
1769828400000,10.86,10.88,10.83,10.84,26106.24,1769831999999
1769832000000,10.84,10.87,10.81,10.82,24536.34,1769835599999
1769835600000,10.83,10.83,10.78,10.82,37040.27,1769839199999
1769839200000,10.81,10.83,10.68,10.74,64379.18,1769842799999
1769842800000,10.74,10.74,10.58,10.66,115916.7,1769846399999
1769846400000,10.66,10.69,10.42,10.57,373836.2,1769849999999
1769850000000,10.58,10.66,10.55,10.6,98204.83,1769853599999
1769853600000,10.6,10.65,10.56,10.63,73367.72,1769857199999
1769857200000,10.62,10.64,10.56,10.6,88140.25,1769860799999
1769860800000,10.6,10.61,10.54,10.55,90983.05,1769864399999
1769864400000,10.56,10.57,10.45,10.48,106949.19,1769867999999
1769868000000,10.48,10.5,10.0,10.12,929446.99,1769871599999
1769871600000,10.13,10.23,10.11,10.16,326707.72,1769875199999
1769875200000,10.17,10.29,10.03,10.08,615429.88,1769878799999
1769878800000,10.07,10.13,9.54,9.78,1711611.86,1769882399999
1769882400000,9.79,9.86,9.16,9.79,2083710.74,1769885999999
1769886000000,9.79,9.97,9.77,9.84,577024.62,1769889599999
1769889600000,9.84,9.93,9.74,9.88,286427.95,1769893199999
1769893200000,9.88,10.01,9.83,9.98,251695.36,1769896799999
1769896800000,9.98,10.01,9.9,9.98,126519.17,1769900399999
1769900400000,9.97,10.18,9.96,10.12,174144.52,1769903999999
1769904000000,10.12,10.21,10.12,10.19,178848.3,1769907599999
1769907600000,10.19,10.19,10.1,10.17,91338.09,1769911199999
1769911200000,10.18,10.23,10.14,10.21,102994.44,1769914799999
1769914800000,10.21,10.22,10.18,10.21,55172.91,1769918399999
1769918400000,10.21,10.24,10.2,10.21,55784.66,1769921999999
1769922000000,10.21,10.23,10.16,10.16,77191.28,1769925599999
1769925600000,10.17,10.22,10.15,10.17,90529.0,1769929199999
1769929200000,10.18,10.26,10.13,10.19,122274.48,1769932799999
1769932800000,10.19,10.22,10.13,10.17,125202.08,1769936399999
1769936400000,10.17,10.22,10.12,10.19,54470.1,1769939999999
1769940000000,10.19,10.21,10.02,10.02,120820.73,1769943599999
1769943600000,10.03,10.17,10.03,10.13,72510.44,1769947199999
1769947200000,10.13,10.13,10.02,10.07,105359.98,1769950799999
1769950800000,10.06,10.15,10.03,10.07,83829.85,1769954399999
1769954400000,10.07,10.1,9.88,10.04,238909.43,1769957999999
1769958000000,10.04,10.04,9.73,9.86,304848.36,1769961599999
1769961600000,9.85,9.93,9.75,9.87,210165.56,1769965199999
1769965200000,9.87,9.9,9.79,9.89,117921.24,1769968799999
1769968800000,9.89,10.1,9.89,9.99,170862.34,1769972399999
1769972400000,9.99,10.01,9.83,9.89,88336.63,1769975999999
1769976000000,9.89,10.03,9.8,9.93,122805.56,1769979599999
1769979600000,9.94,9.95,9.83,9.87,135546.75,1769983199999
1769983200000,9.87,10.06,9.86,9.99,171409.3,1769986799999
1769986800000,9.98,10.07,9.67,9.91,473188.78,1769990399999
1769990400000,9.91,10.1,9.84,10.02,215002.85,1769993999999
1769994000000,10.02,10.13,9.89,10.07,120383.26,1769997599999
1769997600000,10.07,10.09,9.92,9.93,90225.17,1770001199999
1770001200000,9.94,9.94,9.53,9.86,436735.42,1770004799999
1770004800000,9.87,10.0,9.72,9.83,152059.56,1770008399999
1770008400000,9.84,9.84,9.59,9.68,193193.18,1770011999999
1770012000000,9.68,9.95,9.54,9.82,399095.62,1770015599999
1770015600000,9.83,9.94,9.79,9.89,182570.27,1770019199999
1770019200000,9.88,9.98,9.88,9.94,130259.92,1770022799999
1770022800000,9.93,10.07,9.86,10.01,171460.96,1770026399999
1770026400000,10.02,10.05,9.95,9.98,93761.82,1770029999999
1770030000000,9.97,10.04,9.97,9.99,109344.06,1770033599999
1770033600000,9.98,10.09,9.98,10.08,76661.51,1770037199999
1770037200000,10.07,10.14,10.03,10.11,65977.71,1770040799999
1770040800000,10.12,10.24,10.03,10.15,266989.68,1770044399999
1770044400000,10.14,10.32,10.12,10.24,308381.55,1770047999999
1770048000000,10.24,10.28,10.18,10.2,108665.63,1770051599999
1770051600000,10.19,10.23,10.14,10.16,86710.02,1770055199999
1770055200000,10.17,10.22,10.14,10.17,61211.47,1770058799999
1770058800000,10.18,10.19,10.12,10.14,55454.2,1770062399999
1770062400000,10.13,10.16,10.07,10.1,71422.41,1770065999999
1770066000000,10.11,10.18,10.11,10.15,57092.03,1770069599999
1770069600000,10.15,10.2,10.14,10.18,75228.14,1770073199999
1770073200000,10.18,10.18,10.13,10.14,71797.26,1770076799999
1770076800000,10.14,10.16,10.08,10.15,92657.16,1770080399999
1770080400000,10.14,10.15,10.08,10.13,70696.58,1770083999999
1770084000000,10.13,10.13,9.98,9.98,111663.76,1770087599999
1770087600000,9.99,10.15,9.95,10.14,100748.09,1770091199999
1770091200000,10.14,10.21,10.1,10.16,83625.75,1770094799999
1770094800000,10.16,10.17,10.08,10.09,43412.22,1770098399999
1770098400000,10.09,10.14,10.04,10.13,60873.64,1770101999999
1770102000000,10.12,10.18,10.1,10.15,55219.14,1770105599999
1770105600000,10.15,10.18,10.1,10.1,46388.99,1770109199999
1770109200000,10.11,10.14,9.97,10.06,171113.15,1770112799999
1770112800000,10.05,10.1,10.03,10.05,59087.74,1770116399999
1770116400000,10.06,10.12,10.04,10.08,69210.71,1770119999999
1770120000000,10.08,10.17,10.05,10.15,78028.38,1770123599999
1770123600000,10.14,10.17,10.12,10.14,75111.23,1770127199999
1770127200000,10.15,10.17,9.93,9.93,177174.42,1770130799999
1770130800000,9.93,10.17,9.91,10.15,338540.93,1770134399999
1770134400000,10.16,10.16,9.92,9.95,278212.62,1770137999999
1770138000000,9.95,9.96,9.74,9.76,260134.92,1770141599999
1770141600000,9.76,9.8,9.54,9.56,556406.55,1770145199999
1770145200000,9.57,10.02,9.54,9.97,473164.12,1770148799999
1770148800000,9.96,10.34,9.85,10.21,685658.03,1770152399999
1770152400000,10.21,10.27,10.08,10.1,228085.69,1770155999999
1770156000000,10.1,10.1,9.94,9.97,105268.48,1770159599999
1770159600000,9.97,9.98,9.88,9.93,138907.95,1770163199999
1770163200000,9.92,10.03,9.89,9.99,73417.53,1770166799999
1770166800000,9.99,10.13,9.98,10.06,88945.09,1770170399999
1770170400000,10.06,10.09,9.97,10.02,79464.59,1770173999999
1770174000000,10.01,10.14,10.0,10.11,112488.4,1770177599999
1770177600000,10.1,10.14,10.08,10.11,64517.39,1770181199999
1770181200000,10.1,10.12,10.02,10.05,33221.94,1770184799999
1770184800000,10.05,10.16,10.03,10.13,62177.27,1770188399999
1770188400000,10.13,10.17,10.07,10.16,199569.22,1770191999999
1770192000000,10.15,10.17,10.08,10.14,121232.15,1770195599999
1770195600000,10.14,10.15,10.05,10.07,72221.66,1770199199999
1770199200000,10.07,10.08,10.03,10.04,57720.67,1770202799999
1770202800000,10.04,10.06,9.93,10.02,150351.3,1770206399999
1770206400000,10.02,10.04,9.97,10.01,37383.09,1770209999999
1770210000000,10.01,10.02,9.86,9.87,113575.48,1770213599999
1770213600000,9.87,9.93,9.72,9.74,225365.18,1770217199999
1770217200000,9.73,9.86,9.62,9.73,323542.12,1770220799999
1770220800000,9.73,9.78,9.58,9.7,341842.28,1770224399999
1770224400000,9.7,9.79,9.57,9.7,244819.19,1770227999999
1770228000000,9.7,9.9,9.57,9.77,367886.98,1770231599999
1770231600000,9.77,9.96,9.71,9.93,226719.82,1770235199999
1770235200000,9.94,9.96,9.82,9.84,125055.76,1770238799999
1770238800000,9.84,9.86,9.62,9.73,141370.29,1770242399999
1770242400000,9.73,9.86,9.55,9.65,223053.89,1770245999999
1770246000000,9.65,9.8,9.63,9.72,221502.01,1770249599999
1770249600000,9.71,9.77,9.67,9.74,95358.77,1770253199999
1770253200000,9.74,9.85,9.65,9.74,232834.0,1770256799999
1770256800000,9.74,9.82,9.63,9.65,253228.43,1770260399999
1770260400000,9.66,9.72,9.59,9.62,180927.39,1770263999999
1770264000000,9.62,9.66,9.54,9.58,228829.3,1770267599999
1770267600000,9.58,9.67,9.47,9.56,269977.21,1770271199999
1770271200000,9.56,9.57,9.45,9.5,247587.42,1770274799999
1770274800000,9.5,9.61,9.48,9.5,289260.41,1770278399999
1770278400000,9.51,9.64,9.51,9.57,126548.91,1770281999999
1770282000000,9.57,9.68,9.55,9.56,172702.29,1770285599999
1770285600000,9.56,9.57,9.33,9.36,234158.53,1770289199999
1770289200000,9.36,9.4,9.18,9.26,436760.5,1770292799999
1770292800000,9.27,9.32,9.15,9.25,400999.4,1770296399999
1770296400000,9.25,9.33,9.2,9.23,313669.2,1770299999999
1770300000000,9.22,9.45,9.16,9.19,662439.11,1770303599999
1770303600000,9.19,9.22,8.72,8.86,1838266.81,1770307199999
1770307200000,8.86,9.09,8.81,8.99,918893.43,1770310799999
1770310800000,9.0,9.04,8.72,8.82,667015.32,1770314399999
1770314400000,8.83,8.92,8.72,8.9,472329.69,1770317999999
1770318000000,8.9,8.91,8.67,8.69,339404.88,1770321599999
1770321600000,8.7,8.77,8.27,8.37,1034736.94,1770325199999
1770325200000,8.37,8.57,8.26,8.37,644865.61,1770328799999
1770328800000,8.37,8.53,8.24,8.39,490389.77,1770332399999
1770332400000,8.39,8.57,8.26,8.32,431451.93,1770335999999
1770336000000,8.32,8.35,7.55,8.22,2382040.5,1770339599999
1770339600000,8.22,8.47,8.19,8.46,399101.12,1770343199999
1770343200000,8.47,8.53,8.26,8.32,261741.71,1770346799999
1770346800000,8.31,8.36,8.2,8.26,229209.19,1770350399999
1770350400000,8.26,8.4,8.23,8.37,155332.26,1770353999999
1770354000000,8.37,8.62,8.35,8.61,175538.57,1770357599999
1770357600000,8.61,8.64,8.41,8.42,195835.18,1770361199999
1770361200000,8.42,8.51,8.33,8.42,248200.4,1770364799999
1770364800000,8.42,8.48,8.33,8.39,230296.95,1770368399999
1770368400000,8.38,8.64,8.37,8.6,275403.45,1770371999999
1770372000000,8.61,8.71,8.58,8.68,206147.78,1770375599999
1770375600000,8.68,8.74,8.66,8.71,155733.61,1770379199999
1770379200000,8.71,8.72,8.64,8.71,132032.76,1770382799999
1770382800000,8.71,8.85,8.69,8.8,191655.68,1770386399999
1770386400000,8.81,9.03,8.73,8.98,403342.69,1770389999999
1770390000000,8.97,9.07,8.89,9.04,321883.85,1770393599999
1770393600000,9.03,9.32,9.0,9.26,309155.53,1770397199999
1770397200000,9.26,9.48,9.22,9.35,297184.64,1770400799999
1770400800000,9.34,9.36,9.13,9.23,245641.88,1770404399999
