open_ms	open	high	low	close	volume	close_ms
1766952000000	12.59	12.66	12.53	12.64	165526.59	1766966399999
1766966400000	12.64	13.12	12.62	13.08	674995.89	1766980799999
1766980800000	13.09	13.2	12.92	13.01	659502.95	1766995199999
1766995200000	13.02	13.06	12.67	12.73	835851.92	1767009599999
1767009600000	12.72	12.73	12.46	12.7	781124.96	1767023999999
1767024000000	12.7	12.72	12.49	12.5	256266.64	1767038399999
1767038400000	12.5	12.53	12.35	12.38	383289.56	1767052799999
1767052800000	12.37	12.43	12.33	12.4	169132.74	1767067199999
1767067200000	12.41	12.46	12.36	12.43	150029.96	1767081599999
1767081600000	12.43	12.56	12.43	12.51	211842.65	1767095999999
1767096000000	12.51	12.6	12.44	12.59	239120.13	1767110399999
1767110400000	12.59	12.64	12.45	12.5	470069.36	1767124799999
1767124800000	12.49	12.6	12.45	12.58	442086.59	1767139199999
1767139200000	12.58	12.72	12.5	12.59	304972.3	1767153599999
1767153600000	12.59	12.63	12.51	12.54	112841.11	1767167999999
1767168000000	12.55	12.58	12.47	12.58	183177.79	1767182399999
1767182400000	12.58	12.67	12.43	12.47	339445.38	1767196799999
1767196800000	12.47	12.47	12.21	12.32	647893.34	1767211199999
1767211200000	12.32	12.4	12.26	12.32	224189.53	1767225599999
1767225600000	12.32	12.38	12.28	12.28	144413.51	1767239999999
1767240000000	12.28	12.3	12.23	12.28	115260.48	1767254399999
1767254400000	12.28	12.38	12.27	12.37	117766.32	1767268799999
1767268800000	12.38	12.56	12.34	12.52	418574.77	1767283199999
1767283200000	12.53	13.58	12.49	13.55	2189410.56	1767297599999
1767297600000	13.55	13.69	13.39	13.59	1417954.18	1767311999999
1767312000000	13.59	13.86	13.51	13.73	765273.18	1767326399999
1767326400000	13.74	13.75	13.38	13.4	388210.45	1767340799999
1767340800000	13.39	13.59	13.34	13.39	485714.8	1767355199999
1767355200000	13.39	13.47	13.09	13.29	684296.65	1767369599999
1767369600000	13.3	13.67	13.28	13.65	548896.65	1767383999999
1767384000000	13.65	13.98	13.56	13.82	404105.41	1767398399999
1767398400000	13.82	14.29	13.79	14.26	889447.62	1767412799999
1767412800000	14.26	14.28	13.67	13.73	607527.68	1767427199999
1767427200000	13.72	14.01	13.71	13.99	260770.14	1767441599999
1767441600000	13.98	14.4	13.83	13.86	649521.64	1767455999999
1767456000000	13.87	13.98	13.79	13.85	264044.22	1767470399999
1767470400000	13.86	14.02	13.8	13.99	236877.45	1767484799999
1767484800000	13.98	14.09	13.9	14.01	319329.87	1767499199999
1767499200000	14.01	14.14	13.95	14.05	307992.86	1767513599999
1767513600000	14.04	14.1	13.97	14.08	278806.36	1767527999999
1767528000000	14.07	14.22	14.01	14.19	358817.81	1767542399999
1767542400000	14.19	14.3	14.0	14.14	342206.78	1767556799999
1767556800000	14.14	14.49	14.12	14.25	560408.26	1767571199999
1767571200000	14.25	14.53	14.21	14.39	516543.22	1767585599999
1767585600000	14.39	14.41	14.08	14.28	408598.44	1767599999999
1767600000000	14.27	14.37	14.13	14.2	313621.06	1767614399999
1767614400000	14.21	14.29	14.03	14.19	545447.73	1767628799999
1767628800000	14.18	14.36	13.91	14.27	659102.45	1767643199999
1767643200000	14.28	14.72	14.25	14.45	619489.62	1767657599999
1767657600000	14.46	14.75	14.25	14.42	422290.22	1767671999999
1767672000000	14.43	14.57	14.24	14.28	321417.85	1767686399999
1767686400000	14.28	14.53	14.25	14.53	213702.99	1767700799999
1767700800000	14.53	14.83	14.42	14.53	797614.46	1767715199999
1767715200000	14.53	14.61	14.28	14.48	1151852.69	1767729599999
1767729600000	14.48	14.78	14.45	14.59	509540.07	1767743999999
1767744000000	14.6	14.6	14.4	14.48	282358.63	1767758399999
1767758400000	14.48	14.54	14.42	14.52	219089.85	1767772799999
1767772800000	14.52	14.56	14.42	14.49	349476.73	1767787199999
1767787200000	14.49	14.51	13.95	14.01	801605.34	1767801599999
1767801600000	14.01	14.16	13.88	14.11	442806.65	1767815999999
1767816000000	14.12	14.19	14.0	14.11	169293.66	1767830399999
1767830400000	14.12	14.25	14.01	14.03	307494.6	1767844799999
1767844800000	14.03	14.14	13.68	13.9	360972.14	1767859199999
1767859200000	13.91	13.98	13.68	13.9	379132.65	1767873599999
1767873600000	13.9	13.95	13.6	13.94	383561.68	1767887999999
1767888000000	13.94	14.04	13.82	13.86	227798.29	1767902399999
1767902400000	13.86	14.0	13.73	13.89	163650.18	1767916799999
1767916800000	13.89	14.05	13.85	13.98	248569.72	1767931199999
1767931200000	13.98	14.04	13.91	13.93	96812.63	1767945599999
1767945600000	13.94	13.95	13.62	13.77	289478.96	1767959999999
1767960000000	13.78	14.17	13.61	13.98	661994.54	1767974399999
1767974400000	13.98	14.22	13.69	13.75	402985.85	1767988799999
1767988800000	13.74	13.86	13.72	13.79	160625.36	1768003199999
1768003200000	13.78	13.8	13.65	13.7	103882.2	1768017599999
1768017600000	13.7	13.84	13.64	13.81	106593.53	1768031999999
1768032000000	13.82	13.87	13.75	13.87	106027.1	1768046399999
1768046400000	13.86	13.88	13.8	13.84	127985.28	1768060799999
1768060800000	13.84	13.94	13.81	13.86	117123.92	1768075199999
1768075200000	13.86	13.88	13.69	13.74	94853.13	1768089599999
1768089600000	13.73	13.75	13.68	13.73	83300.22	1768103999999
1768104000000	13.72	13.84	13.71	13.81	85622.15	1768118399999
1768118400000	13.82	13.84	13.76	13.81	117308.35	1768132799999
1768132800000	13.82	13.98	13.75	13.8	209063.93	1768147199999
1768147200000	13.8	13.99	13.79	13.84	263084.76	1768161599999
1768161600000	13.84	13.84	13.48	13.7	313562.77	1768175999999
1768176000000	13.71	14.22	13.61	13.98	674869.12	1768190399999
1768190400000	13.99	14.06	13.73	13.75	317454.86	1768204799999
1768204800000	13.74	13.81	13.51	13.65	361028.71	1768219199999
1768219200000	13.65	13.91	13.39	13.87	605009.82	1768233599999
1768233600000	13.88	14.0	13.62	13.72	414621.11	1768247999999
1768248000000	13.72	13.78	13.47	13.53	239103.51	1768262399999
1768262400000	13.52	13.62	13.48	13.59	194773.19	1768276799999
1768276800000	13.59	13.83	13.58	13.72	222511.65	1768291199999
1768291200000	13.72	13.86	13.71	13.76	191134.91	1768305599999
1768305600000	13.76	14.37	13.72	14.36	988565.47	1768319999999
1768320000000	14.37	14.61	14.37	14.52	1355706.07	1768334399999
1768334400000	14.52	14.85	14.47	14.75	1070003.8	1768348799999
1768348800000	14.76	14.8	14.7	14.76	305439.06	1768363199999
1768363200000	14.77	14.77	14.66	14.68	321264.0	1768377599999
1768377600000	14.69	14.75	14.49	14.51	376764.63	1768391999999
1768392000000	14.52	14.77	14.41	14.76	677921.05	1768406399999
1768406400000	14.76	14.95	14.41	14.64	971659.86	1768420799999
1768420800000	14.64	14.74	14.55	14.6	303868.16	1768435199999
1768435200000	14.6	14.63	14.12	14.15	390391.94	1768449599999
1768449600000	14.15	14.38	14.14	14.35	335034.25	1768463999999
1768464000000	14.35	14.48	14.3	14.31	381179.67	1768478399999
1768478400000	14.31	14.43	13.81	14.07	550430.11	1768492799999
1768492800000	14.06	14.08	13.63	13.75	580673.88	1768507199999
1768507200000	13.74	13.83	13.61	13.82	234075.46	1768521599999
1768521600000	13.82	13.86	13.71	13.75	170278.74	1768535999999
1768536000000	13.75	13.84	13.68	13.81	193586.04	1768550399999
1768550400000	13.82	13.87	13.73	13.8	181353.95	1768564799999
1768564800000	13.79	13.82	13.33	13.41	545067.82	1768579199999
1768579200000	13.4	13.46	13.19	13.4	752851.85	1768593599999
1768593600000	13.4	13.66	13.3	13.59	414330.31	1768607999999
1768608000000	13.59	13.64	13.54	13.57	132238.59	1768622399999
1768622400000	13.57	13.61	13.53	13.6	109707.8	1768636799999
1768636800000	13.61	13.71	13.6	13.64	232814.77	1768651199999
1768651200000	13.64	13.97	13.64	13.89	331202.44	1768665599999
1768665600000	13.9	13.9	13.75	13.82	183916.11	1768679999999
1768680000000	13.83	13.86	13.72	13.75	163399.94	1768694399999
1768694400000	13.75	13.83	13.64	13.68	196163.93	1768708799999
1768708800000	13.67	13.71	13.57	13.63	91093.28	1768723199999
1768723200000	13.62	13.66	13.57	13.59	108279.33	1768737599999
1768737600000	13.58	13.63	13.47	13.57	235412.99	1768751999999
1768752000000	13.57	13.74	13.54	13.66	189210.86	1768766399999
1768766400000	13.66	13.76	12.94	12.98	628422.12	1768780799999
1768780800000	12.98	12.99	12.09	12.71	1667207.18	1768795199999
1768795200000	12.71	12.74	12.55	12.64	338871.11	1768809599999
1768809600000	12.64	12.84	12.62	12.71	408828.19	1768823999999
1768824000000	12.7	12.79	12.66	12.73	257739.02	1768838399999
1768838400000	12.72	12.86	12.62	12.81	345606.58	1768852799999
1768852800000	12.82	12.84	12.63	12.74	192454.07	1768867199999
1768867200000	12.73	12.75	12.63	12.71	178069.54	1768881599999
1768881600000	12.7	12.76	12.53	12.56	423096.73	1768895999999
1768896000000	12.56	12.65	12.41	12.46	670181.3	1768910399999
1768910400000	12.46	12.55	12.31	12.4	695254.03	1768924799999
1768924800000	12.4	12.44	12.06	12.19	629897.26	1768939199999
1768939200000	12.19	12.3	11.97	12.09	447693.27	1768953599999
1768953600000	12.09	12.34	12.06	12.29	316276.65	1768967999999
1768968000000	12.29	12.39	12.22	12.24	291681.01	1768982399999
1768982400000	12.24	12.28	12.1	12.11	190906.22	1768996799999
1768996800000	12.11	12.42	11.96	12.4	865384.87	1769011199999
1769011200000	12.39	12.61	11.88	12.59	1218800.17	1769025599999
1769025600000	12.59	12.73	12.38	12.42	592348.02	1769039999999
1769040000000	12.42	12.62	12.42	12.49	191371.57	1769054399999
1769054400000	12.49	12.56	12.42	12.43	118841.25	1769068799999
1769068800000	12.44	12.5	12.35	12.35	144893.4	1769083199999
1769083200000	12.35	12.4	12.04	12.17	489442.9	1769097599999
1769097600000	12.17	12.26	12.08	12.16	365708.72	1769111999999
1769112000000	12.17	12.2	12.08	12.2	167134.48	1769126399999
1769126400000	12.2	12.3	12.17	12.26	145152.06	1769140799999
1769140800000	12.26	12.38	12.11	12.13	492790.06	1769155199999
1769155200000	12.13	12.21	12.04	12.2	305259.17	1769169599999
1769169600000	12.2	12.26	11.99	12.24	432725.2	1769183999999
1769184000000	12.24	12.5	12.13	12.17	453444.88	1769198399999
1769198400000	12.18	12.2	12.03	12.13	293876.25	1769212799999
1769212800000	12.13	12.18	12.1	12.15	130624.9	1769227199999
1769227200000	12.15	12.19	12.11	12.12	45498.32	1769241599999
1769241600000	12.12	12.14	12.06	12.12	83307.45	1769255999999
1769256000000	12.12	12.15	12.02	12.04	115691.56	1769270399999
1769270400000	12.03	12.08	11.97	12.04	130556.6	1769284799999
1769284800000	12.03	12.12	12.03	12.05	130075.52	1769299199999
1769299200000	12.05	12.08	11.87	11.93	189562.02	1769313599999
1769313600000	11.93	12.0	11.88	11.93	132133.72	1769327999999
1769328000000	11.93	12.06	11.83	11.96	198086.97	1769342399999
1769342400000	11.95	11.97	11.81	11.85	208167.17	1769356799999
1769356800000	11.85	11.86	11.23	11.3	1124293.69	1769371199999
1769371200000	11.3	11.52	11.25	11.49	475030.84	1769385599999
1769385600000	11.49	11.75	11.46	11.53	370129.78	1769399999999
1769400000000	11.54	11.72	11.53	11.69	245928.38	1769414399999
1769414400000	11.69	11.78	11.61	11.67	246897.2	1769428799999
1769428800000	11.67	11.92	11.63	11.76	524887.69	1769443199999
1769443200000	11.76	11.82	11.62	11.7	524597.77	1769457599999
1769457600000	11.71	11.8	11.63	11.72	305390.58	1769471999999
1769472000000	11.72	11.85	11.69	11.79	200765.1	1769486399999
1769486400000	11.78	11.84	11.72	11.76	147551.92	1769500799999
1769500800000	11.76	11.79	11.65	11.68	155666.17	1769515199999
1769515200000	11.69	11.74	11.6	11.72	396599.65	1769529599999
1769529600000	11.72	11.96	11.58	11.86	640660.43	1769543999999
1769544000000	11.86	12.2	11.84	12.14	616370.96	1769558399999
1769558400000	12.14	12.17	12.03	12.06	277441.61	1769572799999
1769572800000	12.07	12.16	12.02	12.09	161984.64	1769587199999
1769587200000	12.08	12.25	12.02	12.24	277467.88	1769601599999
1769601600000	12.23	12.29	11.95	12.02	459242.14	1769615999999
1769616000000	12.01	12.14	11.93	12.06	362317.64	1769630399999
1769630400000	12.06	12.18	11.96	12.07	279401.63	1769644799999
1769644800000	12.08	12.1	11.75	11.79	298573.38	1769659199999
1769659200000	11.79	11.86	11.69	11.8	222070.33	1769673599999
1769673600000	11.8	11.81	11.64	11.66	222175.68	1769687999999
1769688000000	11.67	11.67	10.87	11.01	1526728.43	1769702399999
1769702400000	11.01	11.17	10.8	10.99	1888754.14	1769716799999
1769716800000	10.99	11.07	10.96	11.04	608650.59	1769731199999
1769731200000	11.04	11.09	10.7	10.92	1316862.86	1769745599999
1769745600000	10.93	11.02	10.72	10.96	381286.47	1769759999999
1769760000000	10.95	11.05	10.8	11.0	426523.15	1769774399999
1769774400000	11.01	11.02	10.8	10.94	742833.4	1769788799999
1769788800000	10.94	11.05	10.63	10.99	932070.09	1769803199999
1769803200000	11.0	11.0	10.82	10.87	576755.92	1769817599999
1769817600000	10.88	10.9	10.82	10.84	206952.44	1769831999999
1769832000000	10.84	10.87	10.58	10.66	241872.49	1769846399999
1769846400000	10.66	10.69	10.42	10.6	633549.0	1769860799999
1769860800000	10.6	10.61	10.0	10.16	1454086.95	1769875199999
1769875200000	10.17	10.29	9.16	9.84	4987777.1	1769889599999
1769889600000	9.84	10.18	9.74	10.12	838787.0	1769903999999
1769904000000	10.12	10.23	10.1	10.21	428353.74	1769918399999
1769918400000	10.21	10.26	10.13	10.19	345779.42	1769932799999
1769932800000	10.19	10.22	10.02	10.13	373003.35	1769947199999
1769947200000	10.13	10.15	9.73	9.86	732947.62	1769961599999
1769961600000	9.85	10.1	9.75	9.89	587285.77	1769975999999
1769976000000	9.89	10.07	9.67	9.91	902950.39	1769990399999
1769990400000	9.91	10.13	9.53	9.86	862346.7	1770004799999
1770004800000	9.87	10.0	9.54	9.89	926918.63	1770019199999
1770019200000	9.88	10.07	9.86	9.99	504826.76	1770033599999
1770033600000	9.98	10.32	9.98	10.24	718010.45	1770047999999
1770048000000	10.24	10.28	10.12	10.14	312041.32	1770062399999
1770062400000	10.13	10.2	10.07	10.14	275539.84	1770076799999
1770076800000	10.14	10.16	9.95	10.14	375765.59	1770091199999
1770091200000	10.14	10.21	10.04	10.15	243130.75	1770105599999
1770105600000	10.15	10.18	9.97	10.08	345800.59	1770119999999
1770120000000	10.08	10.17	9.91	10.15	668854.96	1770134399999
1770134400000	10.16	10.16	9.54	9.97	1567918.21	1770148799999
1770148800000	9.96	10.34	9.85	9.93	1157920.15	1770163199999
1770163200000	9.92	10.14	9.89	10.11	354315.61	1770177599999
1770177600000	10.1	10.17	10.02	10.16	359485.82	1770191999999
1770192000000	10.15	10.17	9.93	10.02	401525.78	1770206399999
1770206400000	10.02	10.04	9.62	9.73	699865.87	1770220799999
1770220800000	9.73	9.96	9.57	9.93	1181268.27	1770235199999
1770235200000	9.94	9.96	9.55	9.72	710981.95	1770249599999
1770249600000	9.71	9.85	9.59	9.62	762348.59	1770263999999
1770264000000	9.62	9.67	9.45	9.5	1035654.34	1770278399999
1770278400000	9.51	9.68	9.18	9.26	970170.23	1770292799999
1770292800000	9.27	9.45	8.72	8.86	3215374.52	1770307199999
1770307200000	8.86	9.09	8.67	8.69	2397643.32	1770321599999
1770321600000	8.7	8.77	8.24	8.32	2601444.25	1770335999999
1770336000000	8.32	8.53	7.55	8.26	3272092.52	1770350399999
1770350400000	8.26	8.64	8.23	8.42	774906.41	1770364799999
1770364800000	8.42	8.74	8.33	8.71	867581.79	1770379199999
1770379200000	8.71	9.07	8.64	9.04	1048914.98	1770393599999
