open_ms	open	high	low	close	volume	close_ms
1738886400000	24.5	26.22	23.71	24.46	2801287.99	1738972799999
1738972800000	24.46	24.82	23.91	24.58	1241644.47	1739059199999
1739059200000	24.59	25.52	23.66	24.87	1924433.81	1739145599999
1739145600000	24.87	25.99	23.86	25.67	2019175.78	1739231999999
1739232000000	25.66	27.02	24.88	25.39	2096874.29	1739318399999
1739318400000	25.39	27.09	24.29	26.49	2870270.45	1739404799999
1739404800000	26.5	26.62	25.09	25.39	1590769.95	1739491199999
1739491200000	25.4	27.23	25.3	26.39	1934433.81	1739577599999
1739577600000	26.38	26.97	25.38	25.48	880943.46	1739663999999
1739664000000	25.49	25.59	24.74	24.85	1050638.52	1739750399999
1739750400000	24.86	25.95	24.43	25.03	1756982.01	1739836799999
1739836800000	25.04	25.12	22.93	23.52	2182686.86	1739923199999
1739923200000	23.53	24.02	22.98	23.74	1684111.7	1740009599999
1740009600000	23.73	25.35	23.72	25.15	2019666.25	1740095999999
1740096000000	25.15	26.54	23.77	24.54	3693083.33	1740182399999
1740182400000	24.54	26.37	24.44	25.83	2159273.44	1740268799999
1740268800000	25.84	25.98	24.4	24.85	1371001.72	1740355199999
1740355200000	24.85	25.18	21.47	21.88	2988167.3	1740441599999
1740441600000	21.88	22.34	20.3	21.94	5702796.73	1740527999999
1740528000000	21.94	22.59	21.0	21.87	3583388.79	1740614399999
1740614400000	21.88	23.39	21.65	22.52	2709549.54	1740700799999
1740700800000	22.53	22.61	20.23	22.37	4866833.75	1740787199999
1740787200000	22.38	22.5	21.05	21.86	1582538.68	1740873599999
1740873600000	21.87	24.99	21.56	24.95	5943544.61	1740959999999
1740960000000	24.95	25.12	20.58	20.95	5065494.28	1741046399999
1741046400000	20.96	21.11	18.84	20.0	7079770.52	1741132799999
1741132800000	19.99	22.48	19.69	21.73	5087934.65	1741219199999
1741219200000	21.73	22.57	20.89	20.99	3392070.57	1741305599999
1741305600000	21.0	21.32	19.68	20.14	4832190.14	1741391999999
1741392000000	20.14	21.1	19.42	20.49	2408378.09	1741478399999
1741478400000	20.5	20.69	17.76	17.97	2853469.06	1741564799999
1741564800000	17.98	19.06	16.14	16.26	5594677.27	1741651199999
1741651200000	16.26	17.91	15.27	17.51	7468057.14	1741737599999
1741737600000	17.51	18.98	16.95	18.91	3790676.49	1741823999999
1741824000000	18.92	19.33	17.73	18.5	3010210.36	1741910399999
1741910400000	18.51	19.31	18.46	18.58	2623693.56	1741996799999
1741996800000	18.58	19.47	18.37	19.4	2550418.34	1742083199999
1742083200000	19.39	19.85	18.12	18.25	2170899.75	1742169599999
1742169600000	18.26	19.09	18.2	18.82	1988333.14	1742255999999
1742256000000	18.83	19.28	18.32	18.97	2168023.22	1742342399999
1742342400000	18.97	20.1	18.84	19.74	3243124.39	1742428799999
1742428800000	19.74	19.86	18.41	18.74	1835276.74	1742515199999
1742515200000	18.75	19.49	18.36	19.18	1398814.97	1742601599999
1742601600000	19.19	19.74	19.08	19.43	1024746.34	1742687999999
1742688000000	19.43	19.85	19.31	19.82	931913.86	1742774399999
1742774400000	19.82	22.14	19.78	21.48	3286114.76	1742860799999
1742860800000	21.49	23.46	21.29	22.9	2480199.49	1742947199999
1742947200000	22.91	23.25	21.83	22.04	1937359.3	1743033599999
1743033600000	22.05	22.38	21.63	22.02	1464098.29	1743119999999
1743120000000	22.03	22.19	19.77	20.36	2326905.48	1743206399999
1743206400000	20.37	20.54	19.46	19.6	1829316.22	1743292799999
1743292800000	19.6	19.91	18.69	18.86	1847685.92	1743379199999
1743379200000	18.87	19.12	18.18	18.77	2071811.15	1743465599999
1743465600000	18.78	19.95	18.72	19.82	2184703.13	1743551999999
1743552000000	19.83	19.9	17.76	17.99	4154300.33	1743638399999
1743638400000	17.98	18.99	17.58	18.15	2568740.81	1743724799999
1743724800000	18.16	18.77	17.61	18.19	2567824.38	1743811199999
1743811200000	18.18	18.37	17.69	17.87	892954.09	1743897599999
1743897600000	17.88	17.92	15.62	16.04	2995334.12	1743983999999
1743984000000	16.05	17.23	14.66	16.68	7001164.45	1744070399999
1744070400000	16.69	17.74	15.94	16.15	3013852.32	1744156799999
1744156800000	16.16	18.91	15.59	18.44	5039404.19	1744243199999
1744243200000	18.44	18.45	17.55	18.31	2260469.93	1744329599999
1744329600000	18.31	19.57	18.31	19.12	2645844.68	1744415999999
1744416000000	19.13	21.03	18.84	20.49	2565460.53	1744502399999
1744502400000	20.5	20.68	19.27	19.59	2081180.7	1744588799999
1744588800000	19.6	20.68	19.55	20.11	2493602.65	1744675199999
1744675200000	20.12	20.28	18.96	19.01	1992562.14	1744761599999
1744761600000	19.01	19.3	18.5	18.76	1866616.8	1744847999999
1744848000000	18.75	19.56	18.69	19.05	1310110.82	1744934399999
1744934400000	19.06	19.34	18.85	19.07	717388.72	1745020799999
1745020800000	19.07	20.36	19.03	19.89	1150790.73	1745107199999
1745107200000	19.89	20.04	19.23	19.51	968529.05	1745193599999
1745193600000	19.51	20.95	19.51	19.92	2363765.38	1745279999999
1745280000000	19.92	22.3	19.44	22.11	3142750.25	1745366399999
1745366400000	22.11	23.08	21.88	22.33	3055259.88	1745452799999
1745452800000	22.34	22.64	21.61	22.37	1922790.32	1745539199999
1745539200000	22.38	22.87	21.77	22.17	2307424.43	1745625599999
1745625600000	22.17	22.99	21.72	22.42	1837182.04	1745711999999
1745712000000	22.41	22.8	21.65	21.71	1405919.05	1745798399999
1745798400000	21.72	22.43	21.02	21.84	2387195.87	1745884799999
1745884800000	21.84	22.3	21.27	21.57	1849977.57	1745971199999
1745971200000	21.56	21.94	20.36	20.92	2032986.84	1746057599999
1746057600000	20.91	21.87	20.81	21.64	2133588.19	1746143999999
1746144000000	21.64	22.19	20.97	21.25	1781738.14	1746230399999
1746230400000	21.26	21.28	20.49	20.52	1026816.5	1746316799999
1746316800000	20.53	20.63	19.76	19.91	1135995.1	1746403199999
1746403200000	19.91	20.24	19.3	19.69	1425147.33	1746489599999
1746489600000	19.69	20.13	19.27	20.01	1370974.68	1746575999999
1746576000000	20.01	20.25	19.09	19.55	1742392.2	1746662399999
1746662400000	19.55	22.17	19.49	22.16	3458163.09	1746748799999
1746748800000	22.16	24.01	21.96	23.27	4452531.81	1746835199999
1746835200000	23.27	25.97	23.01	25.82	4159813.91	1746921599999
1746921600000	25.81	26.02	24.16	24.78	2729887.08	1747007999999
1747008000000	24.79	26.84	23.73	24.83	5218008.53	1747094399999
1747094400000	24.83	26.25	23.45	25.72	2925803.5	1747180799999
1747180800000	25.72	26.54	24.74	24.96	2672732.93	1747267199999
1747267200000	24.95	25.13	22.94	23.5	3638550.04	1747353599999
1747353600000	23.51	24.05	22.67	23.06	2227565.34	1747439999999
1747440000000	23.06	23.14	21.97	22.17	1687574.64	1747526399999
1747526400000	22.18	23.86	21.56	23.06	2886141.5	1747612799999
1747612800000	23.06	23.2	21.26	22.25	2300923.36	1747699199999
1747699200000	22.25	22.82	21.75	22.6	2363016.87	1747785599999
1747785600000	22.61	23.81	22.15	23.17	3700764.84	1747871999999
1747872000000	23.18	25.43	23.13	25.26	4544921.58	1747958399999
1747958400000	25.26	25.98	22.92	23.07	4705888.32	1748044799999
1748044800000	23.08	23.48	22.75	22.96	1900215.75	1748131199999
1748131200000	22.96	23.47	22.03	23.45	1560632.88	1748217599999
1748217600000	23.45	24.0	22.87	23.07	1683985.16	1748303999999
1748304000000	23.06	23.88	22.51	23.38	2332149.83	1748390399999
1748390400000	23.38	23.77	22.77	23.6	1846290.62	1748476799999
1748476800000	23.61	24.35	22.17	22.25	3088525.48	1748563199999
1748563200000	22.25	22.35	20.4	20.56	3279913.72	1748649599999
1748649600000	20.55	21.12	19.77	20.8	1892744.39	1748735999999
1748736000000	20.81	20.97	20.17	20.88	1153604.59	1748822399999
1748822400000	20.88	21.32	20.22	21.15	1502072.99	1748908799999
1748908800000	21.16	21.7	20.89	21.14	1566776.54	1748995199999
1748995200000	21.14	21.64	20.06	20.09	1830422.72	1749081599999
1749081600000	20.08	20.54	18.43	18.75	3250405.7	1749167999999
1749168000000	18.75	19.95	18.63	19.64	1859494.01	1749254399999
1749254400000	19.64	21.13	19.56	20.65	1466628.82	1749340799999
1749340800000	20.66	21.49	20.14	21.04	1901641.64	1749427199999
1749427200000	21.04	22.04	20.22	21.95	2477870.38	1749513599999
1749513600000	21.94	22.59	21.51	22.57	3111970.84	1749599999999
1749600000000	22.57	22.77	21.32	21.57	2612028.0	1749686399999
1749686400000	21.56	21.62	20.15	20.28	2415966.59	1749772799999
1749772800000	20.28	20.3	18.46	19.41	5203353.31	1749859199999
1749859200000	19.42	19.43	18.71	18.93	1096166.12	1749945599999
1749945600000	18.94	19.28	18.73	19.1	1025408.3	1750031999999
1750032000000	19.11	20.0	18.9	19.06	2053892.52	1750118399999
1750118400000	19.06	19.49	18.13	18.58	2290731.0	1750204799999
1750204800000	18.59	18.9	18.07	18.16	1961262.65	1750291199999
1750291200000	18.17	18.39	17.64	18.06	2008390.39	1750377599999
1750377600000	18.06	18.41	16.94	17.37	2195101.91	1750463999999
1750464000000	17.38	17.64	16.32	16.82	2333601.25	1750550399999
1750550400000	16.82	17.11	15.61	16.53	3130501.11	1750636799999
1750636800000	16.53	18.19	16.26	18.06	3812779.65	1750723199999
1750723200000	18.06	18.49	17.88	18.23	2249538.26	1750809599999
1750809600000	18.24	18.37	17.42	17.57	1737924.36	1750895999999
1750896000000	17.57	18.02	17.09	17.23	1486292.73	1750982399999
1750982400000	17.24	17.79	17.02	17.58	1267515.56	1751068799999
1751068800000	17.58	18.08	17.48	17.97	818567.26	1751155199999
1751155200000	17.98	18.9	17.8	18.73	1322755.99	1751241599999
1751241600000	18.73	18.88	17.71	17.96	1826960.62	1751327999999
1751328000000	17.97	18.06	16.94	17.1	1494015.26	1751414399999
1751414400000	17.11	18.83	16.97	18.51	2701044.64	1751500799999
1751500800000	18.51	19.17	18.34	18.54	2023149.88	1751587199999
1751587200000	18.55	18.88	17.5	17.8	1884464.87	1751673599999
1751673600000	17.8	17.99	17.62	17.92	638719.79	1751759999999
1751760000000	17.92	18.62	17.74	18.29	1092614.2	1751846399999
1751846400000	18.3	18.59	17.8	17.99	1162903.04	1751932799999
1751932800000	18.0	18.48	17.69	18.36	1311269.48	1752019199999
1752019200000	18.37	19.63	18.09	19.5	2690754.32	1752105599999
1752105600000	19.5	20.79	19.34	20.7	3077304.92	1752191999999
1752192000000	20.7	21.53	20.32	20.68	3331979.17	1752278399999
1752278400000	20.67	21.08	20.18	20.69	2113337.99	1752364799999
1752364800000	20.68	21.8	20.66	21.2	2637539.97	1752451199999
1752451200000	21.21	22.08	21.02	21.26	2537960.71	1752537599999
1752537600000	21.27	22.58	20.39	22.51	4237676.39	1752623999999
1752624000000	22.52	23.02	21.61	22.66	3024064.87	1752710399999
1752710400000	22.65	24.34	22.02	23.91	4163407.41	1752796799999
1752796800000	23.91	25.03	23.06	23.51	4182701.83	1752883199999
1752883200000	23.51	25.23	23.01	24.5	2828014.21	1752969599999
1752969600000	24.51	25.55	24.31	25.04	3050674.47	1753055999999
1753056000000	25.05	26.53	24.64	25.43	3722779.88	1753142399999
1753142400000	25.43	26.09	24.71	25.88	5403307.88	1753228799999
1753228800000	25.88	26.1	23.15	23.95	4138078.83	1753315199999
1753315200000	23.96	24.44	22.53	23.67	2954572.88	1753401599999
1753401600000	23.67	24.04	22.86	24.01	2429187.43	1753487999999
1753488000000	24.01	25.77	23.84	24.94	2322954.64	1753574399999
1753574400000	24.94	26.46	24.74	26.06	2193331.4	1753660799999
1753660800000	26.06	27.38	24.99	25.21	5003307.81	1753747199999
1753747200000	25.21	25.51	23.88	24.37	3654141.86	1753833599999
1753833600000	24.38	24.51	22.4	23.31	3448147.52	1753919999999
1753920000000	23.3	24.12	22.4	22.47	2756295.09	1754006399999
1754006400000	22.47	22.58	21.02	21.51	3948656.05	1754092799999
1754092800000	21.52	21.82	20.66	20.86	1443378.5	1754179199999
1754179200000	20.87	21.54	20.57	21.37	1065667.37	1754265599999
1754265600000	21.38	23.13	21.34	23.11	2828179.45	1754351999999
1754352000000	23.12	23.14	21.44	21.92	1854068.5	1754438399999
1754438400000	21.92	22.4	21.57	22.23	1609597.38	1754524799999
1754524800000	22.24	23.36	21.95	23.36	2606524.79	1754611199999
1754611200000	23.35	23.87	23.0	23.79	2948550.23	1754697599999
1754697600000	23.8	24.82	23.73	24.23	3706511.37	1754783999999
1754784000000	24.24	24.55	23.26	23.83	2042077.94	1754870399999
1754870400000	23.84	24.63	22.65	22.79	2917750.34	1754956799999
1754956800000	22.79	24.9	22.74	24.67	3234718.02	1755043199999
1755043200000	24.67	25.68	24.37	25.47	3255245.91	1755129599999
1755129600000	25.47	25.99	23.18	23.67	5773899.55	1755215999999
1755216000000	23.66	25.66	23.46	23.77	5593714.7	1755302399999
1755302400000	23.76	24.37	23.57	24.3	1610583.32	1755388799999
1755388800000	24.3	25.68	24.02	25.06	2713774.39	1755475199999
1755475200000	25.07	25.33	23.36	23.7	3792415.91	1755561599999
1755561600000	23.7	24.06	22.31	22.37	2882360.08	1755647999999
1755648000000	22.36	23.55	22.23	23.46	2293194.21	1755734399999
1755734400000	23.45	23.62	22.72	22.77	1706315.72	1755820799999
1755820800000	22.78	25.4	22.19	25.25	5485181.93	1755907199999
1755907200000	25.26	26.77	24.47	26.26	5753729.12	1755993599999
1755993600000	26.26	26.57	24.92	25.83	4047628.7	1756079999999
1756080000000	25.83	26.0	23.03	23.35	4117635.73	1756166399999
1756166400000	23.35	24.35	23.09	24.17	2647190.56	1756252799999
1756252800000	24.17	25.33	23.86	24.42	3575703.83	1756339199999
1756339200000	24.42	25.08	24.13	24.93	2606202.3	1756425599999
1756425600000	24.93	25.2	23.2	23.55	3838827.52	1756511999999
1756512000000	23.54	23.94	23.1	23.78	1173614.41	1756598399999
1756598400000	23.78	24.2	23.38	23.4	1062889.49	1756684799999
1756684800000	23.4	24.33	22.67	23.21	3735535.61	1756771199999
1756771200000	23.22	24.5	23.02	24.46	3640156.76	1756857599999
1756857600000	24.47	25.78	24.27	25.2	3567888.32	1756943999999
1756944000000	25.21	25.28	24.18	24.21	2160658.31	1757030399999
1757030400000	24.21	25.11	23.86	24.47	2980843.48	1757116799999
1757116800000	24.48	24.62	24.09	24.38	869250.62	1757203199999
1757203200000	24.37	24.95	24.26	24.68	1253296.14	1757289599999
1757289600000	24.69	25.8	24.53	25.29	2389358.41	1757375999999
1757376000000	25.29	26.36	24.9	25.93	3883910.84	1757462399999
1757462400000	25.94	29.52	25.75	29.48	7835798.78	1757548799999
1757548800000	29.47	29.99	28.3	29.15	4409659.2	1757635199999
1757635200000	29.14	29.4	28.25	28.99	3485659.59	1757721599999
1757721600000	28.98	31.25	28.74	30.08	6655109.56	1757807999999
1757808000000	30.08	30.64	28.96	29.44	4026228.24	1757894399999
1757894400000	29.44	30.45	28.22	29.81	4822176.71	1757980799999
1757980800000	29.81	31.0	29.17	30.08	4046243.14	1758067199999
1758067200000	30.07	32.0	29.38	31.82	4496864.96	1758153599999
1758153600000	31.82	35.43	31.63	35.19	8086451.91	1758239999999
1758240000000	35.19	35.81	33.34	33.75	5353801.63	1758326399999
1758326400000	33.74	34.11	32.86	33.17	2827363.71	1758412799999
1758412800000	33.17	33.61	32.58	33.04	2354952.36	1758499199999
1758499200000	33.05	33.98	29.41	33.86	7906750.93	1758585599999
1758585600000	33.87	36.16	32.75	33.61	9338116.95	1758671999999
1758672000000	33.6	34.85	32.26	32.31	4766219.2	1758758399999
1758758400000	32.31	32.8	28.51	28.64	7152756.29	1758844799999
1758844800000	28.63	29.6	27.07	29.09	6421766.72	1758931199999
1758931200000	29.1	29.11	28.23	28.74	1881547.05	1759017599999
1759017600000	28.75	30.3	27.92	30.01	2997791.17	1759103999999
1759104000000	30.01	30.82	29.13	30.41	5331556.45	1759190399999
1759190400000	30.41	30.72	28.81	30.01	4008225.28	1759276799999
1759276800000	30.02	31.1	29.61	30.73	3883191.93	1759363199999
1759363200000	30.74	31.38	29.48	30.98	6997460.97	1759449599999
1759449600000	30.97	31.57	29.99	31.31	4752367.67	1759535999999
1759536000000	31.32	31.44	29.85	30.12	2572315.27	1759622399999
1759622400000	30.12	31.21	29.63	30.07	2993145.41	1759708799999
1759708800000	30.07	31.03	29.94	30.61	3085401.61	1759795199999
1759795200000	30.61	30.73	27.81	27.93	4890362.4	1759881599999
1759881600000	27.92	29.63	27.84	28.82	2651599.97	1759967999999
1759968000000	28.82	28.9	27.58	28.38	2269490.81	1760054399999
1760054400000	28.38	28.62	8.52	20.68	15387912.02	1760140799999
1760140800000	20.67	23.38	20.27	21.46	9122170.63	1760227199999
1760227200000	21.45	23.34	20.66	22.51	7083271.57	1760313599999
1760313600000	22.5	24.07	21.68	23.8	9277860.33	1760399999999
1760400000000	23.8	23.9	21.81	22.74	6841648.76	1760486399999
1760486400000	22.73	23.29	21.56	21.9	3657254.33	1760572799999
1760572800000	21.9	22.39	20.58	20.98	4348824.61	1760659199999
1760659200000	20.97	21.27	19.03	19.96	5812253.03	1760745599999
1760745600000	19.95	20.42	19.82	20.21	1676585.17	1760831999999
1760832000000	20.22	20.84	19.75	20.59	2143184.1	1760918399999
1760918400000	20.59	21.21	20.17	20.34	2955524.04	1761004799999
1761004800000	20.34	20.85	19.46	19.54	3757859.23	1761091199999
1761091200000	19.54	19.71	18.42	19.02	3336086.79	1761177599999
1761177600000	19.02	19.74	18.98	19.14	2616353.3	1761263999999
1761264000000	19.13	19.96	19.02	19.49	2398372.66	1761350399999
1761350400000	19.49	19.83	19.24	19.71	1481426.75	1761436799999
1761436800000	19.72	20.96	19.34	20.82	3076459.26	1761523199999
1761523200000	20.83	21.1	20.17	20.33	2370635.69	1761609599999
1761609600000	20.33	20.52	19.13	19.47	2668509.9	1761695999999
1761696000000	19.47	20.2	19.31	19.66	2469575.16	1761782399999
1761782400000	19.66	19.97	17.51	18.11	4250377.06	1761868799999
1761868800000	18.12	18.58	17.78	18.19	2613032.42	1761955199999
1761955200000	18.19	18.74	18.07	18.73	1331179.23	1762041599999
1762041600000	18.72	19.01	18.1	18.8	1391904.48	1762127999999
1762128000000	18.81	18.91	15.91	16.65	6049270.76	1762214399999
1762214400000	16.66	17.01	15.0	15.98	6537912.15	1762300799999
1762300800000	15.98	16.99	15.29	16.61	3776605.59	1762387199999
1762387200000	16.61	16.73	15.61	16.13	2855283.89	1762473599999
1762473600000	16.13	18.07	16.05	17.74	6510611.2	1762559999999
1762560000000	17.75	18.41	17.02	17.5	3365687.64	1762646399999
1762646400000	17.5	17.91	16.81	17.77	2421432.02	1762732799999
1762732800000	17.77	18.36	17.64	18.18	2968615.81	1762819199999
1762819200000	18.19	18.61	16.97	17.0	2938925.18	1762905599999
1762905600000	17.01	17.77	16.64	16.82	2341822.26	1762991999999
1762992000000	16.81	17.69	15.76	16.1	3784604.46	1763078399999
1763078400000	16.1	16.18	14.84	15.13	4989778.42	1763164799999
1763164800000	15.13	15.79	15.11	15.53	1355598.92	1763251199999
1763251200000	15.52	15.86	14.62	15.15	3008987.32	1763337599999
1763337600000	15.14	15.85	14.26	14.53	4255835.74	1763423999999
1763424000000	14.53	14.93	14.03	14.58	3585664.15	1763510399999
1763510400000	14.59	14.7	13.71	14.28	3315595.15	1763596799999
1763596800000	14.28	14.53	13.5	13.81	4382359.95	1763683199999
1763683200000	13.81	13.99	12.57	13.28	6350052.93	1763769599999
1763769600000	13.29	13.39	13.03	13.23	2893129.28	1763855999999
1763856000000	13.24	13.47	13.21	13.27	2262185.57	1763942399999
1763942400000	13.28	14.05	13.16	13.89	3754410.25	1764028799999
1764028800000	13.89	14.38	13.7	14.18	2984316.25	1764115199999
1764115200000	14.18	14.96	13.91	14.95	2717281.59	1764201599999
1764201600000	14.96	15.17	14.87	15.02	2289006.72	1764287999999
1764288000000	15.02	15.27	14.78	14.84	2618362.46	1764374399999
1764374400000	14.85	14.91	14.19	14.25	1712927.69	1764460799999
1764460800000	14.25	14.34	13.66	13.71	2295459.19	1764547199999
1764547200000	13.72	13.74	12.54	12.76	3627901.18	1764633599999
1764633600000	12.76	13.76	12.71	13.62	4573878.59	1764719999999
1764720000000	13.63	15.09	13.58	14.78	5191197.88	1764806399999
1764806400000	14.78	14.88	14.21	14.41	2684653.29	1764892799999
1764892800000	14.4	14.52	13.09	13.21	3576441.81	1764979199999
1764979200000	13.21	13.49	13.14	13.4	1994460.04	1765065599999
1765065600000	13.41	13.85	12.96	13.49	2408002.8	1765151999999
1765152000000	13.49	13.91	13.38	13.64	1938188.44	1765238399999
1765238400000	13.64	14.73	13.5	14.6	3324499.54	1765324799999
1765324800000	14.61	14.83	14.09	14.11	3106622.83	1765411199999
1765411200000	14.11	14.11	12.89	13.42	3801664.23	1765497599999
1765497600000	13.42	13.79	12.81	13.1	2464500.09	1765583999999
1765584000000	13.11	13.47	13.09	13.37	1578228.62	1765670399999
1765670400000	13.37	13.4	12.73	12.88	1429641.0	1765756799999
1765756800000	12.88	13.35	12.2	12.34	3503587.76	1765843199999
1765843200000	12.35	12.4	11.91	12.35	3313909.31	1765929599999
1765929600000	12.34	12.66	11.69	11.87	3989453.63	1766015999999
1766016000000	11.86	12.32	11.28	11.44	4678986.21	1766102399999
1766102400000	11.44	12.45	11.26	12.26	4112097.37	1766188799999
1766188800000	12.25	12.38	12.13	12.21	971046.59	1766275199999
1766275200000	12.22	12.34	11.96	12.14	1234066.71	1766361599999
1766361600000	12.15	12.45	12.01	12.42	3136015.78	1766447999999
1766448000000	12.42	12.55	11.84	12.18	2667803.57	1766534399999
1766534400000	12.18	12.23	11.89	12.1	1607835.82	1766620799999
1766620800000	12.11	12.55	12.05	12.09	2261537.45	1766707199999
1766707200000	12.09	12.62	12.03	12.34	2107626.16	1766793599999
1766793600000	12.34	12.8	12.33	12.69	1402720.88	1766879999999
1766880000000	12.7	12.9	12.53	12.64	1705451.88	1766966399999
1766966400000	12.64	13.2	12.35	12.38	3591031.92	1767052799999
1767052800000	12.37	12.64	12.33	12.58	1682281.43	1767139199999
1767139200000	12.58	12.72	12.21	12.32	1812519.45	1767225599999
1767225600000	12.32	13.69	12.23	13.59	4403379.82	1767311999999
1767312000000	13.59	13.98	13.09	13.82	3276497.14	1767398399999
1767398400000	13.82	14.4	13.67	13.99	2908188.75	1767484799999
1767484800000	13.98	14.49	13.9	14.25	2167561.94	1767571199999
1767571200000	14.25	14.72	13.91	14.45	3062802.52	1767657599999
1767657600000	14.46	14.83	14.24	14.59	3416418.28	1767743999999
1767744000000	14.6	14.6	13.88	14.11	2264630.86	1767830399999
1767830400000	14.12	14.25	13.6	13.89	1822609.54	1767916799999
1767916800000	13.89	14.22	13.61	13.79	1860467.06	1768003199999
1768003200000	13.78	13.94	13.64	13.74	656465.16	1768089599999
1768089600000	13.73	13.99	13.48	13.7	1071942.18	1768175999999
1768176000000	13.71	14.22	13.39	13.53	2612087.13	1768262399999
1768262400000	13.52	14.85	13.48	14.75	4022695.09	1768348799999
1768348800000	14.76	14.95	14.41	14.6	2956916.76	1768435199999
1768435200000	14.6	14.63	13.61	13.82	2471785.31	1768521599999
1768521600000	13.82	13.87	13.19	13.59	2257468.71	1768607999999
1768608000000	13.59	13.97	13.53	13.75	1153279.65	1768694399999
1768694400000	13.75	13.83	12.94	12.98	1448582.51	1768780799999
1768780800000	12.98	12.99	12.09	12.74	3210706.15	1768867199999
1768867200000	12.73	12.76	11.97	12.09	3044192.13	1768953599999
1768953600000	12.09	12.73	11.88	12.42	3475396.94	1769039999999
1769040000000	12.42	12.62	12.04	12.2	1477392.32	1769126399999
1769126400000	12.2	12.5	11.99	12.13	2123247.62	1769212799999
1769212800000	12.13	12.19	11.97	12.05	635754.35	1769299199999
1769299200000	12.05	12.08	11.23	11.49	2327274.41	1769385599999
1769385600000	11.49	11.92	11.46	11.72	2217831.4	1769471999999
1769472000000	11.72	12.2	11.58	12.14	2157614.23	1769558399999
1769558400000	12.14	12.29	11.93	12.07	1817855.54	1769644799999
1769644800000	12.08	12.1	10.8	11.04	4766952.55	1769731199999
1769731200000	11.04	11.09	10.63	10.87	4376331.89	1769817599999
1769817600000	10.88	10.9	9.16	10.12	8363024.98	1769903999999
1769904000000	10.12	10.26	9.67	9.91	3370320.29	1769990399999
1769990400000	9.91	10.32	9.53	10.14	3599683.7	1770076799999
1770076800000	10.14	10.34	9.54	9.93	4359390.25	1770163199999
1770163200000	9.92	10.17	9.55	9.72	3707443.3	1770249599999
1770249600000	9.71	9.85	8.24	8.32	10982635.25	1770335999999
