open_ms,open,high,low,close,volume,close_ms
1767819600000,896.01,898.52,895.7,897.83,1363.205,1767823199999
1767823200000,897.83,900.46,896.34,897.98,1524.456,1767826799999
1767826800000,897.98,901.05,895.33,900.3,4102.486,1767830399999
1767830400000,900.31,902.57,897.01,902.14,4644.452,1767833999999
1767834000000,902.14,905.0,900.95,901.34,2790.212,1767837599999
1767837600000,901.34,902.2,893.68,895.64,4657.204,1767841199999
1767841200000,895.64,898.43,892.38,893.61,3104.425,1767844799999
1767844800000,893.62,896.65,891.45,894.56,3762.347,1767848399999
1767848400000,894.56,897.68,894.23,894.45,3141.822,1767851999999
1767852000000,894.44,895.0,880.41,880.42,19780.754,1767855599999
1767855600000,880.42,885.77,875.1,885.02,15626.904,1767859199999
1767859200000,885.02,887.71,882.84,883.48,5027.62,1767862799999
1767862800000,883.49,885.5,881.12,882.39,4985.988,1767866399999
1767866400000,882.39,887.61,879.28,886.8,6600.588,1767869999999
1767870000000,886.81,887.89,883.9,886.77,5636.279,1767873599999
1767873600000,886.77,886.9,882.21,884.15,7145.223,1767877199999
1767877200000,884.15,886.26,883.45,885.08,3944.744,1767880799999
1767880800000,885.08,885.38,877.7,883.9,9995.404,1767884399999
1767884400000,883.88,889.24,882.02,888.92,5789.178,1767887999999
1767888000000,888.92,890.28,885.69,890.15,5694.926,1767891599999
1767891600000,890.15,891.52,887.88,891.52,4034.065,1767895199999
1767895200000,891.51,891.71,887.45,888.62,3908.872,1767898799999
1767898800000,888.62,890.51,887.14,888.32,2736.861,1767902399999
1767902400000,888.32,891.21,885.32,890.71,4090.825,1767905999999
1767906000000,890.71,892.33,889.64,892.22,3366.286,1767909599999
1767909600000,892.23,894.14,890.32,892.14,2082.616,1767913199999
1767913200000,892.15,894.63,891.94,892.26,1975.16,1767916799999
1767916800000,892.27,894.25,891.94,894.21,1709.105,1767920399999
1767920400000,894.22,896.17,887.91,890.43,5551.732,1767923999999
1767924000000,890.44,893.96,890.14,891.92,3000.214,1767927599999
1767927600000,891.92,896.56,891.41,895.8,3271.917,1767931199999
1767931200000,895.81,896.72,894.65,895.83,2703.307,1767934799999
1767934800000,895.83,898.25,895.74,898.25,2079.878,1767938399999
1767938400000,898.25,899.0,895.58,896.67,1992.528,1767941999999
1767942000000,896.67,896.67,893.66,893.66,2143.442,1767945599999
1767945600000,893.67,894.5,886.2,889.85,5659.362,1767949199999
1767949200000,889.85,891.72,888.05,888.41,4175.8,1767952799999
1767952800000,888.4,890.5,887.78,890.24,1919.986,1767956399999
1767956400000,890.24,891.85,889.49,889.64,2464.085,1767959999999
1767960000000,889.63,890.4,888.0,889.33,2325.194,1767963599999
1767963600000,889.33,894.06,887.94,890.52,6362.318,1767967199999
1767967200000,890.52,890.54,886.05,887.52,5922.689,1767970799999
1767970800000,887.52,900.22,885.28,894.77,10112.583,1767974399999
1767974400000,894.77,901.06,894.72,899.06,5402.056,1767977999999
1767978000000,899.06,899.79,895.43,898.9,3220.606,1767981599999
1767981600000,898.9,899.77,891.6,895.54,3225.62,1767985199999
1767985200000,895.54,895.55,890.94,893.34,2094.159,1767988799999
1767988800000,893.33,896.0,892.7,893.18,1284.264,1767992399999
1767992400000,893.18,896.36,891.94,896.33,1720.054,1767995999999
1767996000000,896.34,897.08,894.52,896.55,1869.569,1767999599999
1767999600000,896.55,898.25,896.25,896.86,1370.899,1768003199999
1768003200000,896.87,899.73,896.81,897.88,1959.117,1768006799999
1768006800000,897.89,900.08,897.68,899.4,1870.208,1768010399999
1768010400000,899.4,901.28,899.01,900.06,3437.073,1768013999999
1768014000000,900.06,908.0,898.92,907.31,13302.51,1768017599999
1768017600000,907.31,908.64,903.05,906.29,5992.51,1768021199999
1768021200000,906.29,910.22,905.21,907.36,5368.189,1768024799999
1768024800000,907.37,909.53,905.78,906.22,4122.172,1768028399999
1768028400000,906.23,908.65,905.22,905.37,3667.139,1768031999999
1768032000000,905.38,906.43,902.66,903.8,4586.278,1768035599999
1768035600000,903.79,903.92,898.98,900.95,7500.672,1768039199999
1768039200000,900.96,903.09,900.25,902.68,4121.027,1768042799999
1768042800000,902.68,902.68,900.46,900.47,3064.158,1768046399999
1768046400000,900.47,900.76,899.39,899.64,4487.065,1768049999999
1768050000000,899.64,903.17,899.13,902.75,3400.599,1768053599999
1768053600000,902.75,905.93,901.51,905.02,4666.24,1768057199999
1768057200000,905.02,910.82,904.28,908.78,9648.346,1768060799999
1768060800000,908.79,909.66,906.89,909.4,8102.59,1768064399999
1768064400000,909.4,910.55,907.55,908.04,5385.749,1768067999999
1768068000000,908.04,913.34,908.04,912.14,5657.71,1768071599999
1768071600000,912.15,915.86,911.45,913.93,6494.827,1768075199999
1768075200000,913.94,915.91,909.27,909.48,5403.697,1768078799999
1768078800000,909.48,909.84,903.34,904.49,6032.566,1768082399999
1768082400000,904.49,904.94,902.23,903.5,4017.315,1768085999999
1768086000000,903.51,908.09,903.44,907.93,2624.736,1768089599999
1768089600000,907.93,909.3,905.22,906.25,2723.793,1768093199999
1768093200000,906.25,908.41,904.3,908.05,2626.444,1768096799999
1768096800000,908.06,911.05,907.87,910.44,4329.23,1768100399999
1768100400000,910.43,914.11,908.95,913.2,4133.447,1768103999999
1768104000000,913.21,915.0,911.5,913.1,4622.908,1768107599999
1768107600000,913.11,914.67,910.75,913.38,5320.564,1768111199999
1768111200000,913.39,914.4,910.69,913.87,2836.656,1768114799999
1768114800000,913.87,916.3,912.36,913.55,5155.601,1768118399999
1768118400000,913.55,917.33,912.8,916.81,4032.863,1768121999999
1768122000000,916.82,917.06,912.02,913.33,6756.885,1768125599999
1768125600000,913.33,913.51,911.77,912.75,3126.785,1768129199999
1768129200000,912.75,913.46,911.62,912.05,1930.489,1768132799999
1768132800000,912.06,914.41,912.06,913.41,2420.57,1768136399999
1768136400000,913.42,914.0,911.91,913.87,3833.563,1768139999999
1768140000000,913.87,915.38,910.52,911.26,7504.37,1768143599999
1768143600000,911.26,911.69,906.29,908.64,10458.207,1768147199999
1768147200000,908.64,911.17,907.57,907.74,6977.942,1768150799999
1768150800000,907.75,908.92,906.18,907.32,2286.4,1768154399999
1768154400000,907.33,907.6,905.2,906.22,3419.85,1768157999999
1768158000000,906.23,906.79,903.5,904.45,2142.435,1768161599999
1768161600000,904.45,904.59,900.58,902.28,3734.658,1768165199999
1768165200000,902.29,905.31,900.02,904.8,2339.501,1768168799999
1768168800000,904.81,904.81,901.28,902.68,2169.579,1768172399999
1768172400000,902.69,904.65,898.75,904.32,3738.341,1768175999999
1768176000000,904.32,906.13,896.85,901.85,6215.899,1768179599999
1768179600000,901.85,905.48,900.43,903.29,4421.309,1768183199999
1768183200000,903.29,909.78,901.9,908.99,9208.531,1768186799999
1768186800000,908.98,910.81,905.08,905.27,9493.742,1768190399999
1768190400000,905.28,910.21,905.08,909.49,4224.111,1768193999999
1768194000000,909.49,909.94,906.99,907.94,3999.833,1768197599999
1768197600000,907.95,909.31,906.57,907.34,3790.657,1768201199999
1768201200000,907.34,908.5,903.97,904.81,4434.906,1768204799999
1768204800000,904.82,908.3,899.44,903.24,7591.193,1768208399999
1768208400000,903.24,903.69,900.37,900.76,4612.95,1768211999999
1768212000000,900.77,902.0,898.67,899.06,3063.721,1768215599999
1768215600000,899.06,902.0,898.26,901.28,2877.025,1768219199999
1768219200000,901.27,903.71,900.24,901.93,3616.148,1768222799999
1768222800000,901.94,902.0,898.35,900.12,4244.937,1768226399999
1768226400000,900.12,902.06,894.0,899.86,8667.689,1768229999999
1768230000000,899.86,905.22,898.97,904.28,5059.731,1768233599999
1768233600000,904.28,908.2,904.27,905.67,5216.451,1768237199999
1768237200000,905.67,907.03,900.0,904.51,3405.301,1768240799999
1768240800000,904.51,907.98,904.3,907.78,2223.442,1768244399999
1768244400000,907.78,909.11,905.36,907.79,2529.707,1768247999999
1768248000000,907.78,908.31,905.09,905.22,1701.775,1768251599999
1768251600000,905.21,906.28,901.22,902.59,2479.527,1768255199999
1768255200000,902.59,907.0,902.59,905.8,2836.206,1768258799999
1768258800000,905.81,907.43,904.05,905.78,2607.382,1768262399999
1768262400000,905.79,907.86,904.3,906.31,4810.722,1768265999999
1768266000000,906.31,907.37,902.35,903.35,3398.714,1768269599999
1768269600000,903.35,905.87,902.25,904.8,4119.665,1768273199999
1768273200000,904.8,906.84,903.42,906.36,2799.19,1768276799999
1768276800000,906.36,909.47,906.35,909.42,4765.536,1768280399999
1768280400000,909.41,911.98,908.74,909.13,7578.522,1768283999999
1768284000000,909.13,912.24,908.0,911.75,4876.648,1768287599999
1768287600000,911.75,914.98,910.04,910.05,14321.547,1768291199999
1768291200000,910.05,912.08,908.34,910.48,22173.587,1768294799999
1768294800000,910.48,912.2,908.29,909.14,28643.608,1768298399999
1768298400000,909.14,910.67,907.93,908.9,36898.692,1768301999999
1768302000000,908.91,909.5,907.52,907.68,6416.641,1768305599999
1768305600000,907.69,909.87,906.18,909.37,5227.039,1768309199999
1768309200000,909.36,913.2,908.22,909.73,9771.672,1768312799999
1768312800000,909.74,914.0,908.27,910.49,9531.581,1768316399999
1768316400000,910.48,916.6,908.6,916.47,11481.839,1768319999999
1768320000000,916.47,923.44,916.38,919.95,19319.302,1768323599999
1768323600000,919.96,922.14,916.99,920.58,6147.395,1768327199999
1768327200000,920.57,939.59,920.17,939.5,35337.039,1768330799999
1768330800000,939.5,945.55,938.7,941.5,17516.317,1768334399999
1768334400000,941.5,945.87,940.0,943.3,7573.41,1768337999999
1768338000000,943.3,943.97,940.85,941.79,4941.276,1768341599999
1768341600000,941.8,952.96,940.43,946.2,34173.38,1768345199999
1768345200000,946.2,948.7,941.3,943.73,10091.675,1768348799999
1768348800000,943.73,950.24,943.64,947.8,10833.901,1768352399999
1768352400000,947.79,951.7,946.42,947.53,6559.912,1768355999999
1768356000000,947.53,954.68,947.29,948.23,15235.585,1768359599999
1768359600000,948.23,950.57,945.91,950.13,7268.594,1768363199999
1768363200000,950.14,952.2,943.04,944.31,11596.641,1768366799999
1768366800000,944.31,944.31,939.89,940.51,6634.553,1768370399999
1768370400000,940.52,940.52,934.67,938.7,10189.277,1768373999999
1768374000000,938.7,940.36,935.4,937.45,4633.166,1768377599999
1768377600000,937.45,938.61,935.0,936.17,3878.186,1768381199999
1768381200000,936.16,938.92,936.06,937.71,4188.856,1768384799999
1768384800000,937.71,938.76,934.53,936.01,6145.979,1768388399999
1768388400000,936.01,936.15,928.5,928.79,10587.881,1768391999999
1768392000000,928.78,935.37,928.53,934.33,6792.464,1768395599999
1768395600000,934.32,935.34,931.12,932.4,4452.143,1768399199999
1768399200000,932.41,943.81,932.31,941.68,10721.365,1768402799999
1768402800000,941.68,946.24,938.5,942.03,13960.396,1768406399999
1768406400000,942.03,947.54,942.03,943.98,9067.217,1768409999999
1768410000000,943.97,946.41,940.1,942.37,9190.25,1768413599999
1768413600000,942.37,944.9,938.25,943.18,6428.815,1768417199999
1768417200000,943.18,947.57,942.36,943.78,6206.307,1768420799999
1768420800000,943.79,947.91,943.26,944.56,4127.336,1768424399999
1768424400000,944.56,946.68,943.2,945.69,2134.247,1768427999999
1768428000000,945.68,948.6,943.59,945.21,5675.95,1768431599999
1768431600000,945.21,949.85,945.21,948.47,6699.677,1768435199999
1768435200000,948.48,948.85,939.76,940.86,6766.301,1768438799999
1768438800000,940.87,942.75,934.54,936.87,10810.544,1768442399999
1768442400000,936.87,938.82,932.12,934.04,8471.196,1768445999999
1768446000000,934.05,935.27,929.05,931.89,9631.003,1768449599999
1768449600000,931.9,937.12,931.41,936.0,5557.848,1768453199999
1768453200000,935.99,938.15,935.6,936.29,3590.517,1768456799999
1768456800000,936.28,937.38,933.68,933.7,4147.965,1768460399999
1768460400000,933.7,940.09,933.63,939.14,4383.446,1768463999999
1768464000000,939.13,942.81,938.12,942.69,5079.708,1768467599999
1768467600000,942.69,942.96,939.51,941.08,4263.903,1768471199999
1768471200000,941.07,941.51,939.11,939.16,2916.68,1768474799999
1768474800000,939.16,940.7,937.66,938.09,1997.463,1768478399999
1768478400000,938.1,941.28,937.24,940.7,3007.144,1768481999999
1768482000000,940.7,944.88,940.0,943.24,3932.83,1768485599999
1768485600000,943.24,945.71,933.51,938.58,11562.518,1768489199999
1768489200000,938.57,940.0,930.23,937.64,11600.416,1768492799999
1768492800000,937.63,940.67,934.64,940.17,4451.631,1768496399999
1768496400000,940.17,942.62,937.28,938.12,3715.061,1768499999999
1768500000000,938.13,938.43,931.02,931.75,4780.267,1768503599999
1768503600000,931.74,931.74,925.01,928.07,9842.176,1768507199999
1768507200000,928.07,929.0,924.05,925.44,3851.478,1768510799999
1768510800000,925.45,930.6,925.11,929.74,2649.604,1768514399999
1768514400000,929.73,933.55,929.32,931.97,2275.078,1768517999999
1768518000000,931.98,932.69,929.69,931.2,1916.691,1768521599999
1768521600000,931.21,933.98,929.78,933.18,3057.528,1768525199999
1768525200000,933.18,933.42,929.22,932.62,2555.225,1768528799999
1768528800000,932.63,933.17,929.23,931.91,1961.653,1768532399999
1768532400000,931.91,932.75,929.52,929.59,1944.149,1768535999999
1768536000000,929.6,931.27,927.16,928.58,4453.596,1768539599999
1768539600000,928.59,934.04,927.69,933.56,4197.831,1768543199999
1768543200000,933.57,935.94,932.46,935.94,3189.303,1768546799999
1768546800000,935.95,936.13,932.6,934.04,4158.711,1768550399999
1768550400000,934.05,938.56,934.05,937.16,4177.787,1768553999999
1768554000000,937.17,937.74,934.81,935.43,3149.143,1768557599999
1768557600000,935.42,935.88,933.2,933.77,2163.194,1768561199999
1768561200000,933.77,935.6,931.99,935.38,3348.427,1768564799999
1768564800000,935.38,937.46,934.27,934.76,2556.208,1768568399999
1768568400000,934.76,935.11,931.53,934.7,3819.231,1768571999999
1768572000000,934.7,935.96,930.44,930.79,4637.277,1768575599999
1768575600000,930.79,933.78,923.69,926.97,9873.95,1768579199999
1768579200000,926.97,931.0,926.53,930.01,3717.801,1768582799999
1768582800000,930.01,931.69,927.28,931.35,2991.349,1768586399999
1768586400000,931.35,932.36,930.58,931.39,1723.288,1768589999999
1768590000000,931.39,932.1,929.4,931.36,1027.435,1768593599999
1768593600000,931.36,934.49,928.71,934.46,1800.653,1768597199999
1768597200000,934.45,935.9,933.12,935.25,1212.25,1768600799999
1768600800000,935.25,938.3,933.77,937.86,2387.063,1768604399999
1768604400000,937.86,939.43,937.18,938.16,3367.331,1768607999999
1768608000000,938.17,938.65,935.72,936.07,2034.616,1768611599999
1768611600000,936.07,940.03,935.72,938.47,4287.289,1768615199999
1768615200000,938.48,938.56,935.54,937.63,1445.557,1768618799999
1768618800000,937.63,937.78,936.0,937.65,1616.35,1768622399999
1768622400000,937.65,938.39,936.13,938.04,2444.47,1768625999999
1768626000000,938.04,939.08,936.8,938.4,1576.116,1768629599999
1768629600000,938.4,938.4,936.25,937.27,1639.073,1768633199999
1768633200000,937.26,937.51,935.5,935.9,2732.959,1768636799999
1768636800000,935.9,938.34,935.65,938.21,2107.373,1768640399999
1768640400000,938.22,942.38,937.12,942.15,3364.016,1768643999999
1768644000000,942.15,943.48,941.0,941.51,3800.091,1768647599999
1768647600000,941.51,944.51,940.08,942.93,3584.271,1768651199999
1768651200000,942.92,944.44,942.37,942.4,2033.134,1768654799999
1768654800000,942.41,943.56,941.43,943.56,1467.435,1768658399999
1768658400000,943.56,944.24,941.59,943.65,2366.22,1768661999999
1768662000000,943.64,959.52,942.64,955.37,22779.787,1768665599999
1768665600000,955.37,956.0,949.1,950.52,8338.42,1768669199999
1768669200000,950.52,953.88,949.98,952.6,3434.184,1768672799999
1768672800000,952.6,953.81,951.58,953.12,1867.525,1768676399999
1768676400000,953.11,953.67,951.64,952.5,2178.75,1768679999999
1768680000000,952.5,953.24,950.0,952.05,2071.681,1768683599999
1768683600000,952.05,954.0,951.19,951.7,1303.102,1768687199999
1768687200000,951.69,952.75,945.37,946.68,4728.467,1768690799999
1768690800000,946.69,948.73,946.36,947.12,2986.445,1768694399999
1768694400000,947.11,950.42,945.53,945.58,3602.53,1768697999999
1768698000000,945.59,946.17,943.14,945.04,2852.737,1768701599999
1768701600000,945.04,947.57,944.75,946.38,2076.17,1768705199999
1768705200000,946.38,951.13,946.35,950.4,4371.061,1768708799999
1768708800000,950.41,950.41,947.84,948.63,1462.591,1768712399999
1768712400000,948.63,949.46,947.22,947.53,1606.956,1768715999999
1768716000000,947.53,948.13,946.03,947.05,2610.422,1768719599999
1768719600000,947.05,947.96,944.73,944.74,2821.211,1768723199999
1768723200000,944.73,947.2,943.81,946.18,3436.83,1768726799999
1768726800000,946.18,947.38,945.34,945.69,2702.624,1768730399999
1768730400000,945.69,945.75,943.95,944.7,1923.718,1768733999999
1768734000000,944.7,947.34,944.1,946.79,2158.199,1768737599999
1768737600000,946.8,948.5,945.8,948.12,2979.295,1768741199999
1768741200000,948.12,948.44,945.45,946.98,3307.576,1768744799999
1768744800000,946.98,948.97,945.07,945.37,3153.461,1768748399999
1768748400000,945.37,950.75,944.44,950.13,4862.021,1768751999999
1768752000000,950.14,951.08,948.68,950.5,2353.931,1768755599999
1768755600000,950.51,952.01,948.95,951.68,2149.097,1768759199999
1768759200000,951.68,953.33,950.36,951.67,3014.395,1768762799999
1768762800000,951.67,952.39,949.02,949.7,1347.776,1768766399999
1768766400000,949.7,953.24,949.2,952.39,1939.764,1768769999999
1768770000000,952.38,952.5,950.61,951.33,997.587,1768773599999
1768773600000,951.32,951.78,950.0,951.16,1435.141,1768777199999
1768777200000,951.16,951.16,931.7,932.51,17683.157,1768780799999
1768780800000,932.51,932.51,901.0,918.88,65922.388,1768784399999
1768784400000,918.88,922.1,916.39,919.86,11528.834,1768787999999
1768788000000,919.87,922.17,917.44,921.0,8473.821,1768791599999
1768791600000,921.0,925.62,920.68,925.18,6755.089,1768795199999
1768795200000,925.17,927.58,922.89,926.38,5656.234,1768798799999
1768798800000,926.38,927.84,923.03,925.0,6113.207,1768802399999
1768802400000,925.0,926.23,923.0,925.19,5140.736,1768805999999
1768806000000,925.19,927.87,923.44,927.29,5296.59,1768809599999
1768809600000,927.29,928.86,925.15,926.94,6733.514,1768813199999
1768813200000,926.93,928.4,924.49,928.35,5087.469,1768816799999
1768816800000,928.35,929.8,926.39,926.76,4698.947,1768820399999
1768820400000,926.77,928.98,925.61,928.23,6499.023,1768823999999
1768824000000,928.23,928.45,925.33,927.91,11673.157,1768827599999
1768827600000,927.91,930.0,925.75,928.99,15240.262,1768831199999
1768831200000,928.99,929.53,923.12,924.18,21205.776,1768834799999
1768834800000,924.19,926.3,923.67,925.21,4418.594,1768838399999
1768838400000,925.22,928.88,924.86,928.56,3878.031,1768841999999
1768842000000,928.57,928.57,926.63,927.63,1957.204,1768845599999
1768845600000,927.64,927.7,925.25,927.09,1718.564,1768849199999
1768849200000,927.09,929.03,926.29,926.56,1490.161,1768852799999
1768852800000,926.56,927.6,925.33,926.25,2336.847,1768856399999
1768856400000,926.26,927.26,924.72,924.97,1291.793,1768859999999
1768860000000,924.98,926.45,921.5,921.61,2863.794,1768863599999
1768863600000,921.61,925.48,919.32,923.6,3460.525,1768867199999
1768867200000,923.6,931.0,923.5,929.37,8685.578,1768870799999
1768870800000,929.38,933.13,928.0,932.38,4510.771,1768874399999
1768874400000,932.38,932.5,926.95,928.37,4264.728,1768877999999
1768878000000,928.37,929.28,926.66,927.63,3416.014,1768881599999
1768881600000,927.63,928.62,926.16,926.67,2800.213,1768885199999
1768885200000,926.66,926.67,919.7,922.22,19164.509,1768888799999
1768888800000,922.22,922.27,914.27,915.32,9406.536,1768892399999
1768892400000,915.33,919.49,914.62,917.77,4371.957,1768895999999
1768896000000,917.77,917.89,908.66,914.32,9570.921,1768899599999
1768899600000,914.32,914.45,912.62,913.08,3405.309,1768903199999
1768903200000,913.08,915.8,912.49,914.46,3328.969,1768906799999
1768906800000,914.46,915.35,912.0,912.68,2929.369,1768910399999
1768910400000,912.69,915.99,912.41,913.84,2362.615,1768913999999
1768914000000,913.83,913.95,905.8,906.16,6944.248,1768917599999
1768917600000,906.17,911.03,902.0,903.41,13267.732,1768921199999
1768921200000,903.42,905.56,896.66,905.33,14311.223,1768924799999
1768924800000,905.33,908.5,896.54,896.7,6555.449,1768928399999
1768928400000,896.7,900.0,887.24,890.39,10552.522,1768931999999
1768932000000,890.38,894.98,890.24,892.03,5123.273,1768935599999
1768935600000,892.04,896.47,891.6,895.7,3293.833,1768939199999
1768939200000,895.7,898.0,894.2,895.98,1859.622,1768942799999
1768942800000,895.97,896.67,893.71,894.68,923.449,1768946399999
1768946400000,894.68,897.22,885.21,891.12,11378.365,1768949999999
1768950000000,891.13,891.22,884.0,884.2,11333.024,1768953599999
1768953600000,884.19,884.2,867.0,881.01,26794.628,1768957199999
1768957200000,881.01,883.81,878.46,879.66,7226.44,1768960799999
1768960800000,879.66,882.0,876.66,877.21,4595.379,1768964399999
1768964400000,877.2,882.13,875.4,881.44,4597.651,1768967999999
1768968000000,881.44,882.78,879.32,879.68,3058.705,1768971599999
1768971600000,879.67,885.92,879.0,884.07,5750.75,1768975199999
1768975200000,884.08,884.74,877.82,878.31,5192.439,1768978799999
1768978800000,878.31,879.79,874.36,875.36,5893.216,1768982399999
1768982400000,875.36,875.36,870.0,873.0,15102.474,1768985999999
1768986000000,872.99,875.56,872.21,872.81,6138.617,1768989599999
1768989600000,872.8,876.2,872.25,873.47,4647.368,1768993199999
1768993200000,873.47,875.1,870.01,870.78,5418.243,1768996799999
1768996800000,870.77,871.7,864.54,871.54,11016.581,1769000399999
1769000400000,871.55,876.0,871.29,874.09,4382.518,1769003999999
1769004000000,874.08,884.64,873.46,883.96,13681.957,1769007599999
1769007600000,883.96,893.69,883.66,892.66,14169.211,1769011199999
1769011200000,892.67,892.94,867.66,868.0,18072.4,1769014799999
1769014800000,868.0,874.39,865.75,869.73,11947.989,1769018399999
1769018400000,869.73,875.52,867.36,873.49,5053.851,1769021999999
1769022000000,873.49,889.92,871.44,889.83,8522.769,1769025599999
1769025600000,889.83,890.13,882.28,888.46,7840.105,1769029199999
1769029200000,888.47,890.79,887.15,889.45,3942.594,1769032799999
1769032800000,889.45,892.45,886.34,887.74,4131.932,1769036399999
1769036400000,887.74,890.47,882.25,883.36,4440.404,1769039999999
1769040000000,883.35,890.57,883.35,889.33,3808.797,1769043599999
1769043600000,889.33,892.62,888.83,892.18,3722.6,1769047199999
1769047200000,892.18,894.28,889.41,889.61,4283.085,1769050799999
1769050800000,889.6,892.67,888.89,891.43,4260.826,1769054399999
1769054400000,891.42,893.0,890.91,892.11,3415.397,1769057999999
1769058000000,892.11,893.05,890.08,891.28,1791.313,1769061599999
1769061600000,891.28,893.05,889.35,890.81,2514.22,1769065199999
1769065200000,890.82,891.12,887.79,888.83,2859.457,1769068799999
1769068800000,888.82,892.39,888.69,891.88,3189.702,1769072399999
1769072400000,891.88,896.46,891.45,895.33,4734.601,1769075999999
1769076000000,895.33,897.58,894.82,896.4,7780.747,1769079599999
1769079600000,896.41,897.04,892.12,892.93,9008.257,1769083199999
1769083200000,892.93,894.03,892.11,892.58,3941.037,1769086799999
1769086800000,892.58,895.04,886.44,888.21,5793.383,1769090399999
1769090400000,888.21,888.82,881.23,883.07,8395.518,1769093999999
1769094000000,883.07,887.07,878.18,883.03,7518.525,1769097599999
1769097600000,883.03,887.76,881.81,885.09,4410.951,1769101199999
1769101200000,885.09,888.43,883.45,887.91,2417.615,1769104799999
1769104800000,887.91,888.53,883.85,884.2,2084.687,1769108399999
1769108400000,884.2,888.95,883.04,888.35,1940.815,1769111999999
1769112000000,888.34,889.67,886.34,887.48,2563.796,1769115599999
1769115600000,887.48,890.0,887.01,888.15,1258.294,1769119199999
1769119200000,888.15,892.0,886.29,887.55,5633.742,1769122799999
1769122800000,887.55,888.2,885.34,888.06,1459.107,1769126399999
1769126400000,888.06,890.39,887.63,889.52,2384.084,1769129999999
1769130000000,889.54,892.0,889.02,891.99,2622.795,1769133599999
1769133600000,892.0,892.37,888.45,888.85,4541.74,1769137199999
1769137200000,888.85,892.31,888.7,891.55,3992.886,1769140799999
1769140800000,891.56,893.42,891.0,892.08,2429.516,1769144399999
1769144400000,892.09,892.1,889.38,891.31,2127.88,1769147999999
1769148000000,891.31,892.89,889.15,890.4,1900.917,1769151599999
1769151600000,890.41,892.38,890.21,891.32,2324.749,1769155199999
1769155200000,891.33,891.76,888.05,888.77,5690.091,1769158799999
1769158800000,888.76,890.34,886.82,887.36,4211.613,1769162399999
1769162400000,887.37,889.51,885.69,888.61,4609.833,1769165999999
1769166000000,888.61,890.05,886.93,887.36,3179.22,1769169599999
1769169600000,887.35,888.26,886.39,887.44,2355.609,1769173199999
1769173200000,887.44,888.65,886.24,887.94,2206.05,1769176799999
1769176800000,887.94,891.0,883.1,886.96,7443.848,1769180399999
1769180400000,886.96,892.43,883.89,892.0,5793.025,1769183999999
1769184000000,892.01,898.75,891.89,895.96,8220.721,1769187599999
1769187600000,895.96,904.99,894.31,899.25,7226.163,1769191199999
1769191200000,899.25,903.03,898.33,899.93,3901.824,1769194799999
1769194800000,899.92,899.99,889.98,893.72,10640.831,1769198399999
1769198400000,893.72,894.91,888.49,890.86,3660.989,1769201999999
1769202000000,890.86,892.44,889.86,889.94,1467.266,1769205599999
1769205600000,889.95,893.16,889.82,892.79,1776.085,1769209199999
1769209200000,892.79,892.79,890.53,891.63,1427.875,1769212799999
1769212800000,891.62,892.32,889.33,889.84,3697.415,1769216399999
1769216400000,889.85,890.76,889.35,890.35,3410.025,1769219999999
1769220000000,890.35,893.32,890.18,892.68,1991.422,1769223599999
1769223600000,892.68,894.24,891.8,892.9,2070.585,1769227199999
1769227200000,892.9,894.16,892.18,892.76,1342.987,1769230799999
1769230800000,892.76,893.62,892.44,892.88,1658.233,1769234399999
1769234400000,892.89,893.45,892.04,892.24,1224.34,1769237999999
1769238000000,892.25,893.01,891.46,892.06,3151.496,1769241599999
1769241600000,892.06,892.5,891.2,892.33,2412.515,1769245199999
1769245200000,892.33,892.59,891.73,892.18,1212.337,1769248799999
1769248800000,892.18,892.76,891.52,892.06,1981.127,1769252399999
1769252400000,892.06,893.98,892.05,892.57,1870.509,1769255999999
1769256000000,892.58,892.68,891.73,892.14,2007.738,1769259599999
1769259600000,892.14,892.4,890.75,890.76,1674.303,1769263199999
1769263200000,890.76,892.88,890.6,891.52,2615.6,1769266799999
1769266800000,891.52,892.55,888.69,888.7,6799.05,1769270399999
1769270400000,888.7,888.7,886.53,887.7,4733.079,1769273999999
1769274000000,887.71,889.64,887.32,889.33,1369.362,1769277599999
1769277600000,889.34,890.34,888.75,888.92,1486.918,1769281199999
1769281200000,888.92,888.96,888.0,888.12,1071.382,1769284799999
1769284800000,888.13,888.85,887.42,887.82,680.197,1769288399999
1769288400000,887.83,888.64,887.21,888.64,615.067,1769291999999
1769292000000,888.64,889.79,888.06,888.78,1157.505,1769295599999
1769295600000,888.78,889.21,887.01,887.17,1039.371,1769299199999
1769299200000,887.18,887.75,885.47,885.94,2213.106,1769302799999
1769302800000,885.93,886.29,883.75,884.63,3262.444,1769306399999
1769306400000,884.64,885.12,883.64,883.88,3728.013,1769309999999
1769310000000,883.88,884.42,880.1,881.24,3349.333,1769313599999
1769313600000,881.24,883.67,881.0,882.27,2073.685,1769317199999
1769317200000,882.27,882.91,880.48,882.12,2639.982,1769320799999
1769320800000,882.13,882.47,879.77,881.8,3098.854,1769324399999
1769324400000,881.8,881.8,879.32,879.4,2354.996,1769327999999
1769328000000,879.4,881.86,877.14,878.36,4297.914,1769331599999
1769331600000,878.36,882.22,878.05,881.18,3679.124,1769335199999
1769335200000,881.18,883.25,880.4,882.15,4464.815,1769338799999
1769338800000,882.16,882.83,879.78,880.52,1749.554,1769342399999
1769342400000,880.51,881.06,879.41,881.02,2292.0,1769345999999
1769346000000,881.02,881.49,878.72,880.51,2500.614,1769349599999
1769349600000,880.51,880.86,876.87,878.82,4144.363,1769353199999
1769353200000,878.82,880.0,876.77,877.55,1474.113,1769356799999
1769356800000,877.55,877.69,868.0,870.64,17991.92,1769360399999
1769360400000,870.65,871.16,867.36,869.47,3556.109,1769363999999
1769364000000,869.47,870.02,862.0,866.54,12682.987,1769367599999
1769367600000,866.54,867.51,856.0,858.86,15882.604,1769371199999
1769371200000,858.86,861.54,856.01,860.84,7987.364,1769374799999
1769374800000,860.84,864.85,860.06,863.94,5107.901,1769378399999
1769378400000,863.94,864.08,859.8,861.99,5224.393,1769381999999
1769382000000,861.99,866.66,859.19,866.02,5024.038,1769385599999
1769385600000,866.02,869.7,864.91,867.48,7377.95,1769389199999
1769389200000,867.48,875.98,867.34,874.12,9285.648,1769392799999
1769392800000,874.12,874.99,870.39,871.69,6388.824,1769396399999
1769396400000,871.69,872.81,867.0,868.21,3801.684,1769399999999
1769400000000,868.2,873.8,868.0,872.21,2593.144,1769403599999
1769403600000,872.21,872.89,871.15,871.93,1469.008,1769407199999
1769407200000,871.93,873.7,870.24,872.93,2467.03,1769410799999
1769410800000,872.94,874.68,871.2,874.64,2896.864,1769414399999
1769414400000,874.63,877.83,872.95,873.36,6404.782,1769417999999
1769418000000,873.36,873.4,869.4,870.15,4421.436,1769421599999
1769421600000,870.15,872.86,870.15,872.21,2487.943,1769425199999
1769425200000,872.22,873.28,871.42,873.12,2238.637,1769428799999
1769428800000,873.12,875.67,871.6,872.64,4263.747,1769432399999
1769432400000,872.64,874.63,872.08,874.45,3254.796,1769435999999
1769436000000,874.45,876.67,869.63,874.32,8414.977,1769439599999
1769439600000,874.33,878.34,869.63,871.93,7879.728,1769443199999
1769443200000,871.94,875.06,869.85,873.04,4782.546,1769446799999
1769446800000,873.04,874.7,868.68,873.96,5721.877,1769450399999
1769450400000,873.96,879.13,873.53,878.07,4559.964,1769453999999
1769454000000,878.07,878.72,874.1,874.4,2136.019,1769457599999
1769457600000,874.4,875.47,871.66,872.78,1858.596,1769461199999
1769461200000,872.78,879.0,872.23,876.61,2189.109,1769464799999
1769464800000,876.61,879.65,876.19,878.01,3394.603,1769468399999
1769468400000,878.01,881.44,876.73,879.41,2411.792,1769471999999
1769472000000,879.41,879.57,876.53,877.68,2083.836,1769475599999
1769475600000,877.67,881.76,876.2,881.32,3617.441,1769479199999
1769479200000,881.31,885.42,881.18,885.09,8816.74,1769482799999
1769482800000,885.09,886.08,884.22,884.92,5570.304,1769486399999
1769486400000,884.91,888.25,884.48,885.32,7088.721,1769489999999
1769490000000,885.32,885.54,882.14,884.65,4078.162,1769493599999
1769493600000,884.66,885.53,882.35,883.37,4913.076,1769497199999
1769497200000,883.38,885.61,883.2,883.54,6620.805,1769500799999
1769500800000,883.54,885.11,883.26,884.59,5032.811,1769504399999
1769504400000,884.58,884.58,881.36,881.36,5943.826,1769507999999
1769508000000,881.37,882.0,877.17,877.45,7311.81,1769511599999
1769511600000,877.46,880.55,876.88,880.43,5013.562,1769515199999
1769515200000,880.44,881.95,880.31,880.77,4019.818,1769518799999
1769518800000,880.78,883.14,879.31,882.3,4875.293,1769522399999
1769522400000,882.31,885.29,880.6,881.79,10237.14,1769525999999
1769526000000,881.8,886.27,881.1,885.73,7877.238,1769529599999
1769529600000,885.73,896.71,885.73,894.95,16479.844,1769533199999
1769533200000,894.96,897.72,884.9,887.1,8518.398,1769536799999
1769536800000,887.11,894.65,886.41,892.44,3938.413,1769540399999
1769540400000,892.45,893.65,889.98,891.88,3196.641,1769543999999
1769544000000,891.89,898.88,891.59,898.61,3432.296,1769547599999
1769547600000,898.61,899.28,895.0,895.73,2982.282,1769551199999
1769551200000,895.73,899.98,895.72,899.16,3038.557,1769554799999
1769554800000,899.17,901.22,897.99,898.36,3842.625,1769558399999
1769558400000,898.35,900.99,897.77,900.03,2638.543,1769561999999
1769562000000,900.04,900.93,895.22,896.48,6341.767,1769565599999
1769565600000,896.47,896.93,894.41,896.93,2747.457,1769569199999
1769569200000,896.92,897.69,894.81,896.84,4348.976,1769572799999
1769572800000,896.84,899.19,895.34,898.89,4464.936,1769576399999
1769576400000,898.89,901.0,897.99,900.84,5390.382,1769579999999
1769580000000,900.85,904.72,899.7,903.65,4149.121,1769583599999
1769583600000,903.66,904.18,901.93,903.34,4708.713,1769587199999
1769587200000,903.34,905.94,902.27,902.49,5116.766,1769590799999
1769590800000,902.49,908.67,902.49,908.55,8566.163,1769594399999
1769594400000,908.55,909.43,905.26,905.54,3579.259,1769597999999
1769598000000,905.54,908.0,902.98,907.69,3558.654,1769601599999
1769601600000,907.68,907.76,903.97,905.27,4894.129,1769605199999
1769605200000,905.27,908.31,905.22,906.04,3018.813,1769608799999
1769608800000,906.03,906.05,900.82,901.99,8427.384,1769612399999
1769612400000,901.99,904.0,897.18,902.92,7719.054,1769615999999
1769616000000,902.91,903.83,897.83,900.0,7981.575,1769619599999
1769619600000,900.0,907.06,898.32,904.48,6089.864,1769623199999
1769623200000,904.48,904.65,900.42,902.52,3974.117,1769626799999
1769626800000,902.51,905.26,900.16,904.0,4104.581,1769630399999
1769630400000,904.01,907.71,902.32,902.75,2718.541,1769633999999
1769634000000,902.75,904.7,899.68,904.32,2875.029,1769637599999
1769637600000,904.32,905.33,902.61,904.35,1447.57,1769641199999
1769641200000,904.34,905.28,901.69,902.91,1411.846,1769644799999
1769644800000,902.92,904.24,900.37,903.56,2551.998,1769648399999
1769648400000,903.57,904.98,898.78,899.54,3748.038,1769651999999
1769652000000,899.54,901.24,893.2,894.67,6670.947,1769655599999
1769655600000,894.67,898.97,893.87,896.54,4943.888,1769659199999
1769659200000,896.55,901.42,895.2,900.52,5187.099,1769662799999
1769662800000,900.53,902.65,898.0,898.55,7454.507,1769666399999
1769666400000,898.55,901.47,898.55,901.41,2734.128,1769669999999
1769670000000,901.41,906.67,901.4,904.8,12770.36,1769673599999
1769673600000,904.8,905.41,902.09,903.78,16318.01,1769677199999
1769677200000,903.78,905.8,902.66,903.86,22386.502,1769680799999
1769680800000,903.86,904.59,894.93,895.0,31077.48,1769684399999
1769684400000,895.0,896.5,893.23,894.28,5912.498,1769687999999
1769688000000,894.28,894.43,889.88,891.17,7093.585,1769691599999
1769691600000,891.17,892.42,889.89,890.18,4107.488,1769695199999
1769695200000,890.18,891.35,877.69,877.76,15714.1,1769698799999
1769698800000,877.76,878.07,856.9,864.15,37858.809,1769702399999
1769702400000,864.15,865.87,856.82,865.55,19717.543,1769705999999
1769706000000,865.55,870.36,862.72,863.47,11643.858,1769709599999
1769709600000,863.47,867.73,856.5,858.26,13311.979,1769713199999
1769713200000,858.26,862.84,852.81,860.4,15962.679,1769716799999
1769716800000,860.4,865.62,859.61,864.51,4843.15,1769720399999
1769720400000,864.51,867.28,862.95,865.47,9325.444,1769723999999
1769724000000,865.47,867.35,863.11,867.35,5095.895,1769727599999
1769727600000,867.35,869.48,865.21,868.69,3798.701,1769731199999
1769731200000,868.69,869.77,864.24,865.49,5639.545,1769734799999
1769734800000,865.49,865.55,837.65,847.84,57514.467,1769738399999
1769738400000,847.84,847.84,835.55,842.5,22140.437,1769741999999
1769742000000,842.5,846.77,842.31,845.7,8659.588,1769745599999
1769745600000,845.69,854.36,845.6,850.42,10033.31,1769749199999
1769749200000,850.42,851.66,847.36,847.39,5189.196,1769752799999
1769752800000,847.4,847.45,836.14,840.23,8851.792,1769756399999
1769756400000,840.23,848.45,840.23,847.55,7863.779,1769759999999
1769760000000,847.56,848.05,840.25,841.94,6984.896,1769763599999
1769763600000,841.95,843.5,833.08,834.56,10749.656,1769767199999
1769767200000,834.56,839.0,833.32,838.95,5711.049,1769770799999
1769770800000,838.94,845.0,837.0,842.79,8062.028,1769774399999
1769774400000,842.79,843.36,836.45,838.01,8130.926,1769777999999
1769778000000,838.01,852.09,837.73,845.34,26285.171,1769781599999
1769781600000,845.33,855.87,845.33,850.57,9659.103,1769785199999
1769785200000,850.58,855.56,845.15,850.11,12439.257,1769788799999
1769788800000,850.1,854.34,848.0,850.85,8934.981,1769792399999
1769792400000,850.85,853.0,847.5,848.61,8161.14,1769795999999
1769796000000,848.61,852.16,831.83,850.34,24301.109,1769799599999
1769799600000,850.35,855.9,850.34,854.24,8398.682,1769803199999
1769803200000,854.24,862.09,846.38,859.54,18545.674,1769806799999
1769806800000,859.55,860.04,853.59,858.96,6161.766,1769810399999
1769810400000,858.96,860.3,856.92,860.06,2933.349,1769813999999
1769814000000,860.07,861.58,856.4,858.81,4600.453,1769817599999
1769817600000,858.81,860.85,856.47,856.68,4093.056,1769821199999
1769821200000,856.67,858.84,853.89,854.46,7182.321,1769824799999
1769824800000,854.47,855.48,851.93,854.49,2381.277,1769828399999
1769828400000,854.5,856.38,852.68,853.22,2476.95,1769831999999
1769832000000,853.22,854.6,851.23,851.76,2231.892,1769835599999
1769835600000,851.77,853.46,850.39,851.18,4694.772,1769839199999
1769839200000,851.18,852.38,849.0,851.23,3725.891,1769842799999
1769842800000,851.23,851.44,845.89,847.75,8453.551,1769846399999
1769846400000,847.75,847.75,833.0,836.19,17901.617,1769849999999
1769850000000,836.19,841.5,835.8,839.03,4203.813,1769853599999
1769853600000,839.04,840.48,836.78,838.97,2859.083,1769857199999
1769857200000,838.98,838.98,835.78,836.85,6190.979,1769860799999
1769860800000,836.85,837.65,833.05,833.72,6063.306,1769864399999
1769864400000,833.72,834.3,828.75,830.14,9464.508,1769867999999
1769868000000,830.15,831.92,805.0,812.18,65897.476,1769871599999
1769871600000,812.18,816.8,801.66,803.1,21793.15,1769875199999
1769875200000,803.1,810.21,790.11,793.23,46178.529,1769878799999
1769878800000,793.24,796.0,774.0,781.35,56493.899,1769882399999
1769882400000,781.35,783.89,750.0,772.35,73859.463,1769885999999
1769886000000,772.35,781.31,767.64,771.0,19300.587,1769889599999
1769889600000,771.05,775.84,766.14,770.64,10807.451,1769893199999
1769893200000,770.63,777.64,766.6,776.19,13224.468,1769896799999
1769896800000,776.2,778.3,771.94,774.36,6069.014,1769900399999
1769900400000,774.36,785.94,773.31,781.38,11759.098,1769903999999
1769904000000,781.39,786.6,779.68,785.29,8194.051,1769907599999
1769907600000,785.29,785.83,779.22,784.99,6446.933,1769911199999
1769911200000,785.0,789.72,783.86,786.99,8327.181,1769914799999
1769914800000,787.0,787.34,779.8,783.63,10472.66,1769918399999
1769918400000,783.64,785.0,781.71,781.93,6714.696,1769921999999
1769922000000,781.94,784.0,779.08,780.6,7118.609,1769925599999
1769925600000,780.61,783.28,777.37,777.39,4603.089,1769929199999
1769929200000,777.39,782.56,773.84,778.01,7818.758,1769932799999
1769932800000,778.0,782.79,775.07,779.0,5806.146,1769936399999
1769936400000,779.01,782.48,777.0,781.64,3293.927,1769939999999
1769940000000,781.64,782.48,769.44,769.85,8627.559,1769943599999
1769943600000,769.85,775.61,768.29,774.07,6203.767,1769947199999
1769947200000,774.07,774.19,766.92,769.3,6901.547,1769950799999
1769950800000,769.3,773.64,763.71,765.6,8497.207,1769954399999
1769954400000,765.6,767.4,746.0,762.84,42155.31,1769957999999
1769958000000,762.85,763.0,742.7,749.98,31443.308,1769961599999
1769961600000,749.98,757.16,745.83,753.48,17624.949,1769965199999
1769965200000,753.48,756.42,749.49,756.13,7680.466,1769968799999
1769968800000,756.13,766.8,756.09,763.25,8539.861,1769972399999
1769972400000,763.26,764.44,753.94,757.15,4767.721,1769975999999
1769976000000,757.14,763.7,751.81,757.64,6527.879,1769979599999
1769979600000,757.64,758.45,750.53,753.68,5669.298,1769983199999
1769983200000,753.67,765.51,753.67,761.81,5670.996,1769986799999
1769986800000,761.8,766.39,739.63,758.54,30019.602,1769990399999
1769990400000,758.54,770.61,753.81,764.19,11146.96,1769993999999
1769994000000,764.18,769.35,753.6,765.13,9595.908,1769997599999
1769997600000,765.13,766.9,757.45,758.52,7273.421,1770001199999
1770001200000,758.53,759.04,728.44,751.57,51210.002,1770004799999
1770004800000,751.58,760.39,743.49,751.38,18095.14,1770008399999
1770008400000,751.38,753.19,735.55,738.09,25463.794,1770011999999
1770012000000,738.09,754.77,728.88,747.95,42985.755,1770015599999
1770015600000,747.96,756.94,747.0,752.5,16362.91,1770019199999
1770019200000,752.58,760.33,752.57,758.4,6266.631,1770022799999
1770022800000,758.41,767.35,755.32,764.03,11185.822,1770026399999
1770026400000,764.03,765.47,759.52,760.16,8009.204,1770029999999
1770030000000,760.17,766.19,760.17,762.36,6824.228,1770033599999
1770033600000,762.37,769.57,762.37,766.46,7078.144,1770037199999
1770037200000,766.46,769.44,763.71,767.74,6176.408,1770040799999
1770040800000,767.74,775.31,761.86,769.4,21156.879,1770044399999
1770044400000,769.41,781.09,767.46,777.86,13939.651,1770047999999
1770048000000,777.87,781.58,774.52,775.31,8539.288,1770051599999
1770051600000,775.32,778.3,772.53,774.93,7236.997,1770055199999
1770055200000,774.93,777.75,772.22,774.7,6648.634,1770058799999
1770058800000,774.7,776.09,769.72,770.39,3648.925,1770062399999
1770062400000,770.38,773.75,767.6,769.66,6912.912,1770065999999
1770066000000,769.67,774.6,769.52,773.91,4442.201,1770069599999
1770069600000,773.9,776.0,773.5,775.95,3745.858,1770073199999
1770073200000,775.95,776.95,773.64,773.94,2717.812,1770076799999
1770076800000,773.94,774.69,769.9,774.56,4257.449,1770080399999
1770080400000,774.56,775.25,770.33,773.92,2411.773,1770083999999
1770084000000,773.92,774.0,763.7,764.24,6380.677,1770087599999
1770087600000,764.24,773.32,762.7,772.3,6560.819,1770091199999
1770091200000,772.3,779.01,770.98,777.77,5191.56,1770094799999
1770094800000,777.77,778.53,773.61,774.05,3321.565,1770098399999
1770098400000,774.06,779.08,771.12,777.98,6246.236,1770101999999
1770102000000,777.98,783.57,777.02,782.08,7854.183,1770105599999
1770105600000,782.09,782.7,777.88,779.65,6846.381,1770109199999
1770109200000,779.66,780.71,769.48,772.08,10959.776,1770112799999
1770112800000,772.08,773.63,765.97,767.84,6050.47,1770116399999
1770116400000,767.84,770.86,767.3,768.87,4922.683,1770119999999
1770120000000,768.87,775.71,767.99,774.45,5255.172,1770123599999
1770123600000,774.45,776.54,773.08,775.24,4524.974,1770127199999
1770127200000,775.24,776.4,765.32,765.45,8153.871,1770130799999
1770130800000,765.44,778.22,764.29,776.75,14475.821,1770134399999
1770134400000,776.75,776.76,763.3,763.69,13280.68,1770137999999
1770138000000,763.69,764.75,750.57,750.86,20804.838,1770141599999
1770141600000,750.86,753.13,736.19,736.69,40218.037,1770145199999
1770145200000,736.69,759.81,736.08,757.88,21329.952,1770148799999
1770148800000,757.87,775.41,752.28,771.49,21876.788,1770152399999
1770152400000,771.49,775.17,764.0,764.51,8302.697,1770155999999
1770156000000,764.52,765.02,755.01,757.05,7839.633,1770159599999
1770159600000,757.04,759.74,752.3,754.78,6882.788,1770163199999
1770163200000,754.78,757.39,751.61,753.92,6156.12,1770166799999
1770166800000,753.92,762.69,753.92,759.56,4485.343,1770170399999
1770170400000,759.57,761.2,751.95,754.87,4823.937,1770173999999
1770174000000,754.87,764.31,754.28,761.71,6247.922,1770177599999
1770177600000,761.7,763.1,758.07,758.54,5102.435,1770181199999
1770181200000,758.55,759.16,754.21,756.0,4937.955,1770184799999
1770184800000,756.0,763.76,755.6,762.44,3655.143,1770188399999
1770188400000,762.45,765.33,759.82,764.19,5351.531,1770191999999
1770192000000,764.19,764.36,758.5,762.22,4079.831,1770195599999
1770195600000,762.21,762.27,755.15,755.69,6183.823,1770199199999
1770199200000,755.69,757.0,754.85,756.01,4004.882,1770202799999
1770202800000,756.02,756.11,747.37,750.34,17833.523,1770206399999
1770206400000,750.35,752.38,747.96,752.03,7725.375,1770209999999
1770210000000,752.02,752.42,740.48,740.48,12489.083,1770213599999
1770213600000,740.48,747.75,733.7,735.8,26481.904,1770217199999
1770217200000,735.81,740.23,727.5,733.9,47446.537,1770220799999
1770220800000,733.91,736.7,726.44,729.31,31050.122,1770224399999
1770224400000,729.3,732.04,715.0,715.75,48317.626,1770227999999
1770228000000,715.75,723.03,707.0,711.08,60451.629,1770231599999
1770231600000,711.08,719.43,709.29,717.95,18653.726,1770235199999
1770235200000,717.95,718.75,711.7,712.72,7378.773,1770238799999
1770238800000,712.72,714.28,700.01,702.12,21873.829,1770242399999
1770242400000,702.11,703.35,687.3,691.24,47360.451,1770245999999
1770246000000,691.24,702.43,690.09,697.27,22380.667,1770249599999
1770249600000,697.27,700.0,694.32,695.91,9558.618,1770253199999
1770253200000,695.91,703.0,691.01,698.52,20789.537,1770256799999
1770256800000,698.53,702.45,692.65,694.64,24849.943,1770260399999
1770260400000,694.64,699.39,692.33,694.19,14745.403,1770263999999
1770264000000,694.19,697.34,690.01,692.8,21654.961,1770267599999
1770267600000,692.8,699.15,686.0,692.49,26726.025,1770271199999
1770271200000,692.5,694.07,688.47,691.74,16252.662,1770274799999
1770274800000,691.74,700.24,690.4,691.49,21648.048,1770278399999
1770278400000,691.5,697.38,690.84,691.57,8321.656,1770281999999
1770282000000,691.58,700.37,691.58,697.87,8188.723,1770285599999
1770285600000,697.88,699.52,689.13,691.43,7817.583,1770289199999
1770289200000,691.43,691.67,674.71,683.49,46852.429,1770292799999
1770292800000,683.49,688.05,672.7,676.96,25878.867,1770296399999
1770296400000,676.97,679.42,669.39,674.51,17382.587,1770299999999
1770300000000,674.52,688.53,674.03,676.18,19086.546,1770303599999
1770303600000,676.19,678.03,646.66,658.56,89978.009,1770307199999
1770307200000,658.56,673.96,656.01,669.91,31427.565,1770310799999
1770310800000,669.92,671.36,652.15,654.74,21514.057,1770314399999
1770314400000,654.75,658.46,631.09,653.68,61513.385,1770317999999
1770318000000,653.68,654.62,638.11,641.19,16224.117,1770321599999
1770321600000,641.28,645.15,611.35,617.21,123296.082,1770325199999
1770325200000,617.22,631.48,606.01,610.83,103743.591,1770328799999
1770328800000,610.83,624.39,602.17,617.03,39855.094,1770332399999
1770332400000,617.04,628.1,604.52,608.3,21873.182,1770335999999
1770336000000,608.3,620.59,570.06,614.51,162002.892,1770339599999
1770339600000,614.52,630.0,613.43,629.91,31447.594,1770343199999
1770343200000,629.92,634.0,618.99,622.53,24518.232,1770346799999
1770346800000,622.53,625.33,611.57,615.11,21821.952,1770350399999
1770350400000,615.1,624.66,613.1,620.43,21023.431,1770353999999
1770354000000,620.43,642.49,619.77,639.38,30848.787,1770357599999
1770357600000,639.39,642.04,625.93,626.48,19672.786,1770361199999
1770361200000,626.48,629.1,620.75,623.05,15986.649,1770364799999
1770364800000,623.06,625.79,617.0,619.61,17712.808,1770368399999
1770368400000,619.61,631.49,617.15,629.46,19816.67,1770371999999
1770372000000,629.47,636.12,627.24,633.58,10138.35,1770375599999
1770375600000,633.58,638.48,632.13,636.17,9425.777,1770379199999
1770379200000,636.16,637.13,632.45,636.73,6093.875,1770382799999
1770382800000,636.73,647.76,636.09,643.75,15941.573,1770386399999
1770386400000,643.75,654.76,638.01,650.45,29410.48,1770389999999
1770390000000,650.45,654.54,644.33,651.2,21472.741,1770393599999
1770393600000,651.19,663.0,649.06,659.46,27586.566,1770397199999
1770397200000,659.46,669.65,657.11,661.95,33213.151,1770400799999
1770400800000,661.95,662.6,648.94,654.02,19489.641,1770404399999
1770404400000,654.02,660.22,652.33,658.82,11278.361,1770407999999
