open_ms,open,high,low,close,volume,close_ms
1738886400000,571.71,589.9,570.58,577.71,222673.88,1738972799999
1738972800000,577.7,633.73,573.62,612.39,490805.546,1739059199999
1739059200000,612.39,648.13,602.4,615.81,774091.071,1739145599999
1739145600000,615.81,622.42,596.24,618.65,360129.038,1739231999999
1739232000000,618.65,646.94,615.08,642.11,488539.291,1739318399999
1739318400000,642.12,705.48,626.88,696.93,822216.623,1739404799999
1739404800000,696.92,732.0,658.28,664.72,1766921.695,1739491199999
1739491200000,664.73,684.86,652.0,659.71,650460.875,1739577599999
1739577600000,659.72,671.43,653.46,662.21,255950.897,1739663999999
1739664000000,662.21,686.04,653.11,673.1,362205.963,1739750399999
1739750400000,673.1,682.29,657.99,667.51,323350.276,1739836799999
1739836800000,667.52,668.3,629.65,648.18,366356.988,1739923199999
1739923200000,648.19,664.44,636.99,653.38,352798.243,1740009599999
1740009600000,653.38,659.03,645.88,656.36,215894.368,1740095999999
1740096000000,656.36,668.5,635.0,647.47,317327.155,1740182399999
1740182400000,647.47,679.9,645.21,668.57,297923.184,1740268799999
1740268800000,668.57,671.1,648.49,658.42,166658.013,1740355199999
1740355200000,658.41,659.56,610.6,614.2,360147.153,1740441599999
1740441600000,614.19,628.7,586.0,623.49,647434.612,1740527999999
1740528000000,623.49,632.14,594.07,611.57,428035.431,1740614399999
1740614400000,611.57,619.77,595.84,605.41,295518.116,1740700799999
1740700800000,605.41,606.33,559.71,588.07,600999.319,1740787199999
1740787200000,588.07,609.48,586.4,607.93,292254.356,1740873599999
1740873600000,607.94,635.01,601.5,623.94,469069.23,1740959999999
1740960000000,623.94,624.36,567.5,576.1,497949.879,1741046399999
1741046400000,576.09,588.75,546.83,584.01,488869.851,1741132799999
1741132800000,584.01,606.06,580.57,598.24,206205.988,1741219199999
1741219200000,598.25,612.9,589.2,596.5,223701.39,1741305599999
1741305600000,596.49,610.2,577.23,594.77,289363.933,1741391999999
1741392000000,594.77,602.77,590.11,593.1,117220.631,1741478399999
1741478400000,593.1,593.1,550.2,554.65,246382.904,1741564799999
1741564800000,554.65,573.4,523.01,531.49,410154.62,1741651199999
1741651200000,531.49,566.0,507.0,551.61,691870.521,1741737599999
1741737600000,551.61,574.95,544.63,569.87,367224.211,1741823999999
1741824000000,569.87,613.71,567.99,579.8,647497.028,1741910399999
1741910400000,579.8,589.81,576.61,587.76,213012.082,1741996799999
1741996800000,587.76,619.96,587.49,619.83,254324.009,1742083199999
1742083200000,619.82,622.8,593.06,602.2,255774.316,1742169599999
1742169600000,602.21,643.72,602.04,631.69,591668.184,1742255999999
1742256000000,631.68,643.33,620.28,627.81,443437.833,1742342399999
1742342400000,627.81,628.2,604.36,618.7,399993.645,1742428799999
1742428800000,618.71,637.75,616.55,630.47,578472.125,1742515199999
1742515200000,630.47,637.8,624.92,635.17,262205.569,1742601599999
1742601600000,635.16,636.1,623.79,627.01,140206.083,1742687999999
1742688000000,627.01,629.14,619.5,623.79,155602.578,1742774399999
1742774400000,623.8,639.5,618.0,637.08,307575.991,1742860799999
1742860800000,637.08,644.88,627.05,629.82,554571.557,1742947199999
1742947200000,629.82,634.01,615.3,617.99,222093.835,1743033599999
1743033600000,618.0,642.5,617.2,637.36,743401.847,1743119999999
1743120000000,637.36,637.51,616.0,619.81,317817.16,1743206399999
1743206400000,619.81,623.84,596.97,602.99,254422.261,1743292799999
1743292800000,603.0,613.37,593.58,602.2,195649.405,1743379199999
1743379200000,602.2,608.89,587.26,604.81,254764.269,1743465599999
1743465600000,604.81,618.54,604.46,611.13,565603.069,1743551999999
1743552000000,611.12,614.0,584.85,590.68,399507.957,1743638399999
1743638400000,590.67,610.58,578.46,592.67,507928.514,1743724799999
1743724800000,592.68,600.0,585.0,597.71,177145.405,1743811199999
1743811200000,597.71,599.0,588.71,593.13,85938.079,1743897599999
1743897600000,593.13,593.78,544.17,555.54,332256.265,1743983999999
1743984000000,555.55,567.6,520.0,554.6,727293.86,1744070399999
1744070400000,554.6,566.0,547.64,553.72,212191.86,1744156799999
1744156800000,553.72,585.97,534.3,582.32,378370.127,1744243199999
1744243200000,582.32,583.58,566.17,578.03,369219.863,1744329599999
1744329600000,578.03,590.36,575.7,585.93,174700.72,1744415999999
1744416000000,585.93,600.48,584.0,597.29,151268.708,1744502399999
1744502400000,597.3,598.67,580.32,584.28,144896.285,1744588799999
1744588800000,584.29,593.1,583.14,584.54,153827.795,1744675199999
1744675200000,584.53,590.84,579.38,579.52,141640.579,1744761599999
1744761600000,579.52,587.0,576.0,582.8,174537.948,1744847999999
1744848000000,582.8,592.97,581.0,590.49,151848.259,1744934399999
1744934400000,590.5,596.08,587.08,591.71,191575.748,1745020799999
1745020800000,591.7,594.49,587.7,591.73,96609.003,1745107199999
1745107200000,591.74,595.23,587.5,592.77,115343.598,1745193599999
1745193600000,592.77,608.52,592.53,597.34,171926.422,1745279999999
1745280000000,597.32,619.9,595.0,618.51,285468.164,1745366399999
1745366400000,618.5,619.99,601.38,605.71,314125.448,1745452799999
1745452800000,605.72,606.78,592.59,601.55,204214.28,1745539199999
1745539200000,601.56,610.35,597.2,599.91,257426.554,1745625599999
1745625600000,599.9,609.25,599.34,607.23,137533.142,1745711999999
1745712000000,607.23,608.68,597.0,603.46,121784.476,1745798399999
1745798400000,603.46,608.27,598.2,606.16,143778.008,1745884799999
1745884800000,606.16,610.75,598.1,601.0,236809.997,1745971199999
1745971200000,601.0,604.44,591.42,599.88,210580.664,1746057599999
1746057600000,599.88,605.28,598.14,599.63,156229.229,1746143999999
1746144000000,599.64,603.61,595.12,600.69,141344.865,1746230399999
1746230400000,600.69,601.2,595.23,599.36,100770.294,1746316799999
1746316800000,599.36,600.49,584.7,586.03,143960.835,1746403199999
1746403200000,586.02,599.98,583.55,597.61,201100.589,1746489599999
1746489600000,597.61,603.18,593.23,602.57,214613.107,1746575999999
1746576000000,602.57,609.07,597.89,602.7,194088.591,1746662399999
1746662400000,602.7,629.33,600.8,629.17,384267.525,1746748799999
1746748800000,629.17,671.15,623.12,666.29,480734.869,1746835199999
1746835200000,666.29,678.95,648.83,663.9,444595.43,1746921599999
1746921600000,663.9,668.49,647.83,651.15,319998.959,1747007999999
1747008000000,651.15,693.0,647.31,660.07,586386.945,1747094399999
1747094400000,660.08,672.0,640.66,664.13,416309.75,1747180799999
1747180800000,664.12,667.33,647.15,652.47,290029.994,1747267199999
1747267200000,652.47,661.0,642.29,651.88,313560.813,1747353599999
1747353600000,651.88,659.97,644.0,646.76,200793.607,1747439999999
1747440000000,646.76,646.9,635.05,639.51,141777.711,1747526399999
1747526400000,639.5,655.19,634.39,651.53,189475.296,1747612799999
1747612800000,651.54,653.53,633.51,649.62,210901.52,1747699199999
1747699200000,649.62,653.75,640.14,650.0,169584.291,1747785599999
1747785600000,650.0,678.0,648.49,673.31,470531.895,1747871999999
1747872000000,673.31,690.02,673.0,686.57,390007.996,1747958399999
1747958400000,686.57,691.35,652.19,656.98,343668.707,1748044799999
1748044800000,656.99,677.47,655.4,668.01,165142.039,1748131199999
1748131200000,668.0,671.67,657.1,669.44,169208.322,1748217599999
1748217600000,669.45,678.33,668.22,674.29,180148.252,1748303999999
1748304000000,674.3,697.73,666.56,686.91,326163.491,1748390399999
1748390400000,686.9,689.22,680.04,686.89,211875.743,1748476799999
1748476800000,686.89,691.24,673.33,675.02,260985.136,1748563199999
1748563200000,675.02,678.5,653.22,655.36,218723.509,1748649599999
1748649600000,655.36,661.42,645.04,658.01,158379.39,1748735999999
1748736000000,658.01,662.48,647.58,660.77,131807.448,1748822399999
1748822400000,660.77,667.0,650.05,665.93,143785.605,1748908799999
1748908800000,665.93,673.43,657.11,661.59,158377.459,1748995199999
1748995200000,661.6,671.76,660.84,663.23,124473.802,1749081599999
1749081600000,663.24,670.92,625.44,633.32,271543.149,1749167999999
1749168000000,633.33,651.51,629.38,642.7,169535.957,1749254399999
1749254400000,642.71,653.81,639.69,650.82,90666.37,1749340799999
1749340800000,650.82,656.39,646.49,652.0,72300.314,1749427199999
1749427200000,652.0,667.74,648.01,665.58,127272.158,1749513599999
1749513600000,665.58,674.0,657.26,673.51,176645.056,1749599999999
1749600000000,673.51,674.8,662.2,667.43,177934.085,1749686399999
1749686400000,667.42,669.93,651.91,654.75,152793.975,1749772799999
1749772800000,654.76,659.42,639.01,655.35,223303.917,1749859199999
1749859200000,655.35,655.36,639.0,645.61,93690.143,1749945599999
1749945600000,645.61,652.0,642.77,648.19,79324.646,1750031999999
1750032000000,648.19,659.46,646.26,650.74,124203.787,1750118399999
1750118400000,650.74,659.0,640.11,648.08,182982.263,1750204799999
1750204800000,648.09,654.31,637.35,644.77,143725.674,1750291199999
1750291200000,644.77,646.5,638.66,644.65,80404.985,1750377599999
1750377600000,644.65,651.02,638.0,641.61,143279.622,1750463999999
1750464000000,641.61,644.84,621.94,628.97,143508.116,1750550399999
1750550400000,628.98,635.51,601.25,615.81,243515.033,1750636799999
1750636800000,615.81,642.79,615.05,640.49,219674.329,1750723199999
1750723200000,640.5,644.09,636.17,643.53,131607.231,1750809599999
1750809600000,643.53,652.64,641.85,646.07,169433.154,1750895999999
1750896000000,646.06,650.0,641.12,642.3,103057.286,1750982399999
1750982400000,642.3,648.44,639.16,645.71,81302.955,1751068799999
1751068800000,645.72,649.18,644.25,648.6,57714.965,1751155199999
1751155200000,648.61,656.0,646.72,654.9,73235.796,1751241599999
1751241600000,654.9,660.0,651.17,656.9,110702.196,1751327999999
1751328000000,656.9,659.1,644.0,646.33,85803.055,1751414399999
1751414400000,646.34,664.85,643.71,659.71,112807.955,1751500799999
1751500800000,659.7,664.57,656.7,663.59,99001.436,1751587199999
1751587200000,663.58,664.17,650.21,653.6,89027.412,1751673599999
1751673600000,653.6,656.75,652.0,656.16,51648.289,1751759999999
1751760000000,656.17,664.99,653.54,663.13,82399.119,1751846399999
1751846400000,663.13,663.5,656.77,661.06,83232.984,1751932799999
1751932800000,661.06,662.6,657.36,660.63,86374.042,1752019199999
1752019200000,660.63,671.5,659.05,668.68,123551.595,1752105599999
1752105600000,668.69,687.7,667.25,685.8,214967.536,1752191999999
1752192000000,685.8,697.24,682.83,689.99,268353.904,1752278399999
1752278400000,689.98,697.0,679.63,685.86,134785.185,1752364799999
1752364800000,685.86,694.12,685.12,692.0,84925.723,1752451199999
1752451200000,692.01,707.54,686.05,689.12,253634.996,1752537599999
1752537600000,689.13,693.21,675.3,689.92,188962.491,1752623999999
1752624000000,689.93,715.56,685.2,708.61,238334.938,1752710399999
1752710400000,708.61,727.85,706.14,720.65,409572.675,1752796799999
1752796800000,720.64,765.56,718.73,729.92,556430.085,1752883199999
1752883200000,729.92,742.5,718.76,733.2,188095.81,1752969599999
1752969600000,733.2,761.29,731.5,756.82,253255.203,1753055999999
1753056000000,756.82,781.99,746.06,766.22,338419.952,1753142399999
1753142400000,766.22,788.35,745.0,786.68,359074.056,1753228799999
1753228800000,786.69,809.84,752.47,776.74,709087.1566,1753315199999
1753315200000,776.74,786.16,742.62,770.74,363436.737,1753401599999
1753401600000,770.74,786.0,752.22,785.45,284068.121,1753487999999
1753488000000,785.44,798.0,778.28,793.29,128764.391,1753574399999
1753574400000,793.3,847.12,791.04,844.0,397296.2555,1753660799999
1753660800000,844.0,861.1,820.64,824.07,517734.6912,1753747199999
1753747200000,824.07,835.06,800.12,805.1,427366.132,1753833599999
1753833600000,805.11,811.64,766.21,793.51,369598.736,1753919999999
1753920000000,793.51,814.8,781.38,783.14,335026.145,1754006399999
1754006400000,783.13,795.4,744.69,757.08,393831.558,1754092799999
1754092800000,757.08,770.11,732.36,736.42,209282.992,1754179199999
1754179200000,736.43,755.53,730.01,751.21,142700.965,1754265599999
1754265600000,751.21,770.0,750.47,768.63,171505.406,1754351999999
1754352000000,768.62,769.79,745.11,755.13,179458.96,1754438399999
1754438400000,755.13,774.84,746.26,769.55,163684.71,1754524799999
1754524800000,769.55,788.68,764.17,788.67,188106.802,1754611199999
1754611200000,788.67,798.5,780.74,793.5,195309.718,1754697599999
1754697600000,793.5,819.44,792.81,798.83,202384.753,1754783999999
1754784000000,798.83,815.5,793.68,807.22,162735.303,1754870399999
1754870400000,807.22,827.59,792.0,805.09,316220.572,1754956799999
1754956800000,805.09,839.9,797.73,832.47,268762.259,1755043199999
1755043200000,832.48,858.89,828.23,848.01,395861.313,1755129599999
1755129600000,848.02,869.4,820.6,840.42,592656.9793,1755215999999
1755216000000,840.42,853.53,812.57,827.81,252091.108,1755302399999
1755302400000,827.8,839.79,825.06,838.71,114512.1,1755388799999
1755388800000,838.71,864.0,838.04,855.38,164953.856,1755475199999
1755475200000,855.38,858.51,825.0,846.99,233741.603,1755561599999
1755561600000,847.0,851.95,823.0,824.11,211802.026,1755647999999
1755648000000,824.1,881.02,818.57,869.05,392159.8615,1755734399999
1755734400000,869.05,883.86,833.46,839.49,277889.676,1755820799999
1755820800000,839.49,900.71,839.23,900.21,430842.5317,1755907199999
1755907200000,900.2,900.21,875.55,880.42,209279.872,1755993599999
1755993600000,880.42,886.66,859.34,876.51,289492.317,1756079999999
1756080000000,876.51,880.75,832.76,839.32,320570.155,1756166399999
1756166400000,839.32,868.0,829.59,863.7,194882.089,1756252799999
1756252800000,863.7,867.1,852.9,855.18,135243.457,1756339199999
1756339200000,855.18,881.36,850.85,873.47,232414.922,1756425599999
1756425600000,873.48,878.0,850.19,862.3,180524.219,1756511999999
1756512000000,862.3,864.0,851.61,862.0,101039.981,1756598399999
1756598400000,862.0,867.7,857.0,857.65,94241.193,1756684799999
1756684800000,857.66,869.15,840.0,845.68,254185.715,1756771199999
1756771200000,845.68,856.68,840.71,851.8,164333.169,1756857599999
1756857600000,851.8,864.06,848.91,854.76,116453.022,1756943999999
1756944000000,854.76,856.72,841.1,843.63,108195.902,1757030399999
1757030400000,843.62,857.73,842.22,850.14,120856.951,1757116799999
1757116800000,850.14,865.0,849.55,860.85,144234.054,1757203199999
1757203200000,860.86,884.05,860.55,880.05,136538.058,1757289599999
1757289600000,880.05,885.85,870.01,878.08,177574.781,1757375999999
1757376000000,878.08,884.83,871.38,880.01,150610.03,1757462399999
1757462400000,880.0,907.38,877.04,893.77,306830.178,1757548799999
1757548800000,893.77,904.53,888.38,902.77,179913.182,1757635199999
1757635200000,902.77,929.9,901.41,924.8,240267.9372,1757721599999
1757721600000,924.81,943.86,922.11,933.68,251751.2324,1757807999999
1757808000000,933.68,944.95,921.91,926.51,159814.975,1757894399999
1757894400000,926.51,935.72,910.64,919.68,175249.087,1757980799999
1757980800000,919.68,959.0,916.66,955.65,284918.8385,1758067199999
1758067200000,955.65,995.44,946.1,989.98,362193.1958,1758153599999
1758153600000,989.97,1006.88,979.48,981.04,402672.5617,1758239999999
1758240000000,981.05,1002.99,973.9,984.1,333582.761,1758326399999
1758326400000,984.1,1048.0,982.9,1043.77,380966.0766,1758412799999
1758412800000,1043.77,1083.47,1039.2,1047.8,464411.2823,1758499199999
1758499200000,1047.8,1050.55,976.89,992.9,588730.396,1758585599999
1758585600000,992.9,1027.37,962.38,1015.98,420071.07,1758671999999
1758672000000,1015.98,1034.5,991.46,1018.49,363049.882,1758758399999
1758758400000,1018.49,1019.9,939.55,945.9,635121.254,1758844799999
1758844800000,945.9,966.23,932.01,960.8,384757.514,1758931199999
1758931200000,960.81,985.79,955.56,968.45,245246.415,1759017599999
1759017600000,968.46,993.65,962.68,993.01,188486.48,1759103999999
1759104000000,993.01,1036.0,991.12,1029.79,291982.5,1759190399999
1759190400000,1029.79,1034.01,992.93,1008.51,258830.971,1759276799999
1759276800000,1008.51,1036.2,1003.35,1026.5,269007.811,1759363199999
1759363200000,1026.5,1099.22,1022.01,1090.22,380679.445,1759449599999
1759449600000,1090.22,1192.42,1083.84,1189.4,744996.7206,1759535999999
1759536000000,1189.4,1190.47,1134.93,1150.75,337438.509,1759622399999
1759622400000,1150.75,1189.0,1143.14,1167.38,306730.178,1759708799999
1759708800000,1167.38,1239.94,1161.85,1223.19,587477.5601,1759795199999
1759795200000,1223.17,1349.99,1204.61,1304.43,1351678.4887,1759881599999
1759881600000,1304.43,1334.19,1264.32,1307.4,826555.123,1759967999999
1759968000000,1307.4,1320.0,1224.38,1255.35,925627.604,1760054399999
1760054400000,1255.35,1278.52,860.11,1102.47,1505025.673,1760140799999
1760140800000,1102.57,1182.76,1073.0,1135.07,1050905.245,1760227199999
1760227200000,1135.07,1319.8,1107.43,1302.65,1205248.016,1760313599999
1760313600000,1302.65,1375.11,1251.28,1294.55,1483076.9719,1760399999999
1760400000000,1294.54,1318.26,1143.01,1208.52,1398659.782,1760486399999
1760486400000,1208.55,1222.76,1148.92,1162.57,707327.747,1760572799999
1760572800000,1162.57,1195.0,1122.31,1144.83,716826.497,1760659199999
1760659200000,1144.83,1156.3,1021.0,1071.15,1066221.771,1760745599999
1760745600000,1071.15,1131.05,1069.41,1092.43,419996.517,1760831999999
1760832000000,1092.42,1133.76,1068.04,1109.88,409987.572,1760918399999
1760918400000,1109.88,1143.2,1088.19,1100.19,481311.055,1761004799999
1761004800000,1100.2,1114.53,1052.46,1057.16,541524.501,1761091199999
1761091200000,1057.16,1083.8,1053.25,1071.82,397249.062,1761177599999
1761177600000,1071.83,1161.9,1071.83,1126.72,774946.718,1761263999999
1761264000000,1126.71,1144.17,1097.39,1109.01,342712.642,1761350399999
1761350400000,1109.0,1120.89,1100.96,1116.53,162716.583,1761436799999
1761436800000,1116.53,1143.35,1114.48,1138.19,240939.545,1761523199999
1761523200000,1138.19,1182.6,1131.44,1138.88,494467.695,1761609599999
1761609600000,1138.88,1148.94,1074.0,1103.45,351579.17,1761695999999
1761696000000,1103.45,1121.35,1082.59,1107.7,459713.496,1761782399999
1761782400000,1107.7,1129.55,1043.48,1079.05,508291.657,1761868799999
1761868800000,1079.06,1104.93,1071.43,1088.9,537669.646,1761955199999
1761955200000,1088.9,1096.93,1081.8,1094.53,163493.548,1762041599999
1762041600000,1094.54,1094.92,1071.74,1083.25,132402.548,1762127999999
1762128000000,1083.25,1087.24,960.18,993.54,685198.885,1762214399999
1762214400000,993.54,1002.12,880.8,936.77,985275.518,1762300799999
1762300800000,936.79,969.27,900.39,959.33,526144.027,1762387199999
1762387200000,959.32,965.23,925.07,950.4,312622.425,1762473599999
1762473600000,950.4,995.6,925.7,991.15,452713.504,1762559999999
1762560000000,991.14,1007.41,980.05,991.03,301705.689,1762646399999
1762646400000,991.01,1007.16,975.84,996.63,256660.748,1762732799999
1762732800000,996.63,1019.56,976.22,991.98,281128.796,1762819199999
1762819200000,991.99,1008.6,956.08,958.08,283951.869,1762905599999
1762905600000,958.08,978.61,937.9,952.86,216987.116,1762991999999
1762992000000,952.87,972.2,905.72,927.15,334345.078,1763078399999
1763078400000,927.15,934.04,887.88,915.25,438193.008,1763164799999
1763164800000,915.26,945.22,914.91,932.28,161984.705,1763251199999
1763251200000,932.27,949.77,908.16,926.56,252157.877,1763337599999
1763337600000,926.59,939.55,891.72,907.36,332891.856,1763423999999
1763424000000,907.36,939.99,884.4,932.79,357275.458,1763510399999
1763510400000,932.79,941.06,872.38,897.77,296358.274,1763596799999
1763596800000,897.78,917.0,865.57,866.51,301802.981,1763683199999
1763683200000,866.51,877.33,790.79,830.46,654486.049,1763769599999
1763769600000,830.47,842.93,813.77,833.78,167225.62,1763855999999
1763856000000,833.78,855.46,833.28,843.6,167524.177,1763942399999
1763942400000,843.6,876.3,830.01,864.92,248464.802,1764028799999
1764028800000,864.9,867.66,837.47,862.57,158750.859,1764115199999
1764115200000,862.58,897.25,851.72,891.78,159649.392,1764201599999
1764201600000,891.77,904.86,883.8,895.74,141249.084,1764287999999
1764288000000,895.75,906.5,876.15,887.19,174843.677,1764374399999
1764374400000,887.2,889.0,868.25,872.9,80059.932,1764460799999
1764460800000,872.9,899.75,869.56,875.31,106230.587,1764547199999
1764547200000,875.3,877.12,801.7,826.61,342746.385,1764633599999
1764633600000,826.6,885.0,820.46,876.61,233149.68,1764719999999
1764720000000,876.6,922.63,873.6,920.76,227309.929,1764806399999
1764806400000,920.77,928.24,886.79,899.92,165779.563,1764892799999
1764892800000,899.92,907.92,870.18,883.57,137493.999,1764979199999
1764979200000,883.57,897.9,878.01,890.38,81289.981,1765065599999
1765065600000,890.38,906.0,870.23,894.37,131888.814,1765151999999
1765152000000,894.38,913.29,888.93,897.12,121354.06,1765238399999
1765238400000,897.13,928.0,881.78,897.3,209645.573,1765324799999
1765324800000,897.3,915.0,884.27,893.43,186333.021,1765411199999
1765411200000,893.43,894.7,859.54,885.91,182476.864,1765497599999
1765497600000,885.92,896.07,870.58,881.58,110640.466,1765583999999
1765584000000,881.59,904.22,880.32,896.82,92401.054,1765670399999
1765670400000,896.82,899.5,870.11,877.27,110914.028,1765756799999
1765756800000,877.27,895.42,840.75,858.6,210867.871,1765843199999
1765843200000,858.61,878.44,847.0,875.63,240835.336,1765929599999
1765929600000,875.64,876.16,833.39,843.07,378073.209,1766015999999
1766016000000,843.07,853.49,818.39,830.07,432024.878,1766102399999
1766102400000,830.08,862.33,822.38,856.17,1227346.957,1766188799999
1766188800000,856.17,859.7,850.9,854.17,57015.132,1766275199999
1766275200000,854.17,859.91,845.5,858.64,69986.817,1766361599999
1766361600000,858.63,871.0,850.85,858.66,147275.988,1766447999999
1766448000000,858.67,861.46,838.24,844.3,103894.874,1766534399999
1766534400000,844.3,850.0,835.21,846.58,84917.781,1766620799999
1766620800000,846.57,847.99,826.81,829.64,72777.087,1766707199999
1766707200000,829.63,847.16,821.21,834.72,120232.786,1766793599999
1766793600000,834.72,846.54,834.0,845.04,89882.366,1766879999999
1766880000000,845.05,867.22,839.2,859.32,91601.986,1766966399999
1766966400000,859.32,872.12,846.0,852.46,127151.447,1767052799999
1767052800000,852.46,864.05,848.7,861.65,73233.047,1767139199999
1767139200000,861.66,877.29,857.69,864.3,149994.618,1767225599999
1767225600000,864.31,874.51,856.14,864.39,80713.662,1767311999999
1767312000000,864.4,891.14,859.64,881.25,129071.742,1767398399999
1767398400000,881.25,884.24,868.65,878.63,79965.205,1767484799999
1767484800000,878.64,902.85,878.47,895.43,118687.107,1767571199999
1767571200000,895.43,916.55,890.59,910.31,140352.785,1767657599999
1767657600000,910.31,923.93,891.66,917.64,166897.189,1767743999999
1767744000000,917.64,920.27,892.64,900.3,148651.79,1767830399999
1767830400000,900.31,905.0,875.1,892.26,134522.755,1767916799999
1767916800000,892.27,901.06,885.28,896.86,81581.367,1768003199999
1768003200000,896.87,915.91,896.81,907.93,124912.493,1768089599999
1768089600000,907.93,917.33,898.75,904.32,98621.081,1768175999999
1768176000000,904.32,910.81,894.0,905.78,108522.173,1768262399999
1768262400000,905.79,952.96,902.25,943.73,311914.997,1768348799999
1768348800000,943.73,954.68,928.5,948.47,183208.698,1768435199999
1768435200000,948.48,948.85,924.05,931.2,131201.468,1768521599999
1768521600000,931.21,939.43,923.69,938.16,77470.383,1768607999999
1768608000000,938.17,959.52,935.5,947.12,86187.331,1768694399999
1768694400000,947.11,953.33,931.7,932.51,76848.25,1768780799999
1768780800000,932.51,932.51,901.0,923.6,209440.56,1768867199999
1768867200000,923.6,933.13,884.0,884.2,163760.229,1768953599999
1768953600000,884.19,893.69,864.54,883.36,201618.221,1769039999999
1769040000000,883.35,897.58,878.18,888.06,98786.472,1769126399999
1769126400000,888.06,904.99,883.1,891.63,96135.61,1769212799999
1769212800000,891.62,894.24,886.53,887.17,51272.563,1769299199999
1769299200000,887.18,887.75,856.0,866.02,120780.226,1769385599999
1769385600000,866.02,881.44,864.91,879.41,102700.704,1769471999999
1769472000000,879.41,901.22,876.2,898.36,138529.639,1769558399999
1769558400000,898.35,909.43,894.41,902.91,110273.24,1769644799999
1769644800000,902.92,906.67,852.81,868.69,270228.686,1769731199999
1769731200000,868.69,869.77,831.83,858.81,295951.354,1769817599999
1769817600000,858.81,860.85,750.0,781.38,407306.151,1769903999999
1769904000000,781.39,789.72,739.63,758.54,259125.52,1769990399999
1769990400000,758.54,781.58,728.44,773.94,306663.484,1770076799999
1770076800000,773.94,783.57,736.08,754.78,243948.823,1770163199999
1770163200000,754.78,765.33,687.3,697.27,424472.167,1770249599999
1770249600000,697.27,703.0,602.17,608.3,799178.67,1770335999999
