open_ms,open,high,low,close,volume,close_ms
1766808000000,87514.23,87516.84,87463.32,87470.19,106.03892,1766811599999
1766811600000,87470.19,87512.8,87446.19,87506.0,107.21243,1766815199999
1766815200000,87506.01,87566.0,87417.93,87469.02,148.91554,1766818799999
1766818800000,87469.02,87702.0,87469.01,87539.26,153.18664,1766822399999
1766822400000,87539.26,87677.0,87539.25,87593.0,113.75997,1766825999999
1766826000000,87593.01,87665.62,87533.84,87618.91,478.79096,1766829599999
1766829600000,87618.9,87627.67,87370.73,87503.01,293.11984,1766833199999
1766833200000,87503.02,87549.97,87442.15,87475.98,192.08386,1766836799999
1766836800000,87475.99,87515.21,87422.41,87474.28,86.49536,1766840399999
1766840400000,87474.28,87478.37,87308.05,87452.78,204.72599,1766843999999
1766844000000,87452.79,87544.91,87390.16,87544.9,306.42504,1766847599999
1766847600000,87544.89,87589.99,87484.71,87551.25,151.74415,1766851199999
1766851200000,87551.26,87583.47,87442.08,87498.41,152.77888,1766854799999
1766854800000,87498.42,87562.79,87467.33,87562.58,129.16436,1766858399999
1766858400000,87562.57,87572.41,87463.76,87500.01,152.40591,1766861999999
1766862000000,87500.01,87591.0,87500.0,87569.39,132.24207,1766865599999
1766865600000,87569.39,87635.77,87523.78,87555.92,113.31975,1766869199999
1766869200000,87555.92,87668.23,87555.91,87668.22,95.93035,1766872799999
1766872800000,87668.23,87955.0,87499.99,87565.99,386.61743,1766876399999
1766876400000,87566.0,87984.0,87565.99,87877.01,289.24395,1766879999999
1766880000000,87877.0,87961.37,87705.97,87854.96,205.17782,1766883599999
1766883600000,87854.97,87945.39,87739.06,87785.96,153.21984,1766887199999
1766887200000,87785.97,87872.67,87755.8,87810.78,104.97363,1766890799999
1766890800000,87810.79,87845.45,87725.47,87740.01,208.71524,1766894399999
1766894400000,87740.0,87837.99,87693.0,87724.87,151.07627,1766897999999
1766898000000,87724.86,87724.87,87614.79,87657.93,115.90545,1766901599999
1766901600000,87657.94,87784.2,87647.42,87732.0,93.33462,1766905199999
1766905200000,87732.01,87734.98,87675.87,87730.85,81.91388,1766908799999
1766908800000,87730.86,87972.95,87730.86,87805.0,172.52967,1766912399999
1766912400000,87805.0,87900.0,87720.0,87800.0,198.63592,1766915999999
1766916000000,87800.0,88010.0,87799.99,87856.91,246.43833,1766919599999
1766919600000,87856.91,87923.5,87818.58,87883.25,142.43984,1766923199999
1766923200000,87883.25,87891.32,87794.86,87850.6,130.62309,1766926799999
1766926800000,87850.59,87962.45,87820.0,87896.59,171.73272,1766930399999
1766930400000,87896.6,88088.75,87896.59,87910.0,249.63472,1766933999999
1766934000000,87910.0,88006.0,87824.18,87836.27,269.26609,1766937599999
1766937600000,87836.27,87898.42,87740.0,87814.04,180.88996,1766941199999
1766941200000,87814.04,87931.59,87760.0,87760.0,91.8913,1766944799999
1766944800000,87760.01,87768.79,87500.26,87598.49,404.22039,1766948399999
1766948400000,87598.49,87698.3,87511.27,87520.75,204.83537,1766951999999
1766952000000,87520.75,87655.28,87446.73,87514.76,144.33445,1766955599999
1766955600000,87514.75,87592.67,87435.0,87588.37,122.38811,1766959199999
1766959200000,87588.37,87992.7,87481.55,87900.09,295.38221,1766962799999
1766962800000,87900.09,88049.53,87634.92,87952.71,306.73393,1766966399999
1766966400000,87952.71,88444.19,87813.17,88295.69,572.37767,1766969999999
1766970000000,88295.68,88480.0,87849.42,88445.57,562.88296,1766973599999
1766973600000,88445.57,89383.74,88445.57,89163.25,1796.47871,1766977199999
1766977200000,89163.25,90169.06,89101.79,90123.55,1827.31757,1766980799999
1766980800000,90123.55,90406.08,89952.81,90143.06,1199.9569,1766984399999
1766984400000,90143.07,90300.07,89931.37,89984.0,828.28612,1766987999999
1766988000000,89984.0,90121.21,89749.87,89777.26,503.12838,1766991599999
1766991600000,89777.25,89846.71,89507.03,89617.71,971.61551,1766995199999
1766995200000,89617.71,89825.01,89444.47,89555.1,990.67432,1766998799999
1766998800000,89555.1,89618.22,87770.1,88100.05,2360.59949,1767002399999
1767002400000,88100.5,88270.02,87653.69,87780.01,807.41906,1767005999999
1767006000000,87780.0,87793.27,87567.65,87567.66,450.07731,1767009599999
1767009600000,87567.65,87636.34,86806.5,87397.0,1590.97728,1767013199999
1767013200000,87396.99,87537.23,87165.04,87387.71,611.5172,1767016799999
1767016800000,87387.7,88190.71,87259.3,87429.96,985.6991,1767020399999
1767020400000,87429.97,87918.69,87222.41,87691.62,990.15708,1767023999999
1767024000000,87691.62,87840.08,87439.03,87627.11,372.34157,1767027599999
1767027600000,87627.11,87850.0,87350.0,87849.99,322.83525,1767031199999
1767031200000,87850.0,87996.22,87361.53,87464.77,459.75861,1767034799999
1767034800000,87464.78,87668.23,87312.34,87366.23,302.7479,1767038399999
1767038400000,87366.23,87597.59,87085.8,87212.01,665.4604,1767041999999
1767042000000,87212.01,87371.62,87173.31,87337.85,221.04149,1767045599999
1767045600000,87337.85,87404.29,87071.49,87351.05,310.53727,1767049199999
1767049200000,87351.05,87395.07,87188.0,87237.13,191.0986,1767052799999
1767052800000,87237.13,87359.4,87105.09,87250.23,230.51064,1767056399999
1767056400000,87250.22,87356.62,87117.87,87308.23,239.57935,1767059999999
1767060000000,87308.23,87347.7,86986.82,87111.0,471.28819,1767063599999
1767063600000,87110.99,87423.65,86845.66,87379.0,579.19187,1767067199999
1767067200000,87378.99,87492.66,87294.67,87300.0,292.49013,1767070799999
1767070800000,87300.01,87359.43,87157.07,87255.97,140.45208,1767074399999
1767074400000,87255.98,87527.42,87241.91,87443.17,234.42509,1767077999999
1767078000000,87443.17,87600.0,87369.98,87502.85,410.22407,1767081599999
1767081600000,87502.85,88224.76,87502.84,87872.68,1026.69682,1767085199999
1767085200000,87872.68,88046.37,87657.44,87992.7,436.16992,1767088799999
1767088800000,87992.7,88179.38,87906.94,87949.51,416.39591,1767092399999
1767092400000,87949.52,88026.36,87735.09,87903.89,588.98774,1767095999999
1767096000000,87903.89,88090.79,87901.7,88023.54,497.15542,1767099599999
1767099600000,88023.53,88136.0,87918.6,88110.02,448.15717,1767103199999
1767103200000,88110.02,89010.12,87834.01,88875.83,1626.18161,1767106799999
1767106800000,88875.82,89159.52,88204.14,89016.35,1310.95153,1767110399999
1767110400000,89016.36,89400.0,88577.42,88742.63,1418.9593,1767113999999
1767114000000,88742.63,88900.72,88129.91,88371.34,713.60336,1767117599999
1767117600000,88371.34,88493.62,88132.59,88304.0,434.34765,1767121199999
1767121200000,88304.01,88422.22,87960.2,88226.16,345.47514,1767124799999
1767124800000,88226.15,88226.15,87886.46,87947.15,439.95021,1767128399999
1767128400000,87947.15,88330.13,87891.15,88287.27,253.18432,1767131999999
1767132000000,88287.28,88470.0,88287.28,88430.19,280.86597,1767135599999
1767135600000,88430.18,88573.65,88371.33,88485.49,270.66652,1767139199999
1767139200000,88485.5,88485.5,88251.93,88255.54,243.9475,1767142799999
1767142800000,88255.54,88784.0,88172.15,88649.33,355.7574,1767146399999
1767146400000,88649.32,88742.0,88521.84,88673.6,258.23398,1767149999999
1767150000000,88673.61,88819.8,88379.09,88453.04,274.04184,1767153599999
1767153600000,88453.04,88549.5,88325.06,88325.06,158.17484,1767157199999
1767157200000,88325.07,88526.06,88325.07,88463.09,296.57164,1767160799999
1767160800000,88463.1,88561.69,88463.09,88512.92,212.68538,1767164399999
1767164400000,88512.93,88638.76,88431.08,88613.12,304.98001,1767167999999
1767168000000,88613.11,88733.33,88393.52,88434.65,277.76782,1767171599999
1767171600000,88434.66,88715.27,88434.65,88660.1,315.83327,1767175199999
1767175200000,88660.1,88897.99,88660.09,88847.26,482.82711,1767178799999
1767178800000,88847.27,89046.6,88802.97,89011.52,598.23924,1767182399999
1767182400000,89011.51,89044.74,88677.32,88775.96,545.9639,1767185999999
1767186000000,88775.96,89045.98,88741.54,88991.88,300.73941,1767189599999
1767189600000,88991.88,89200.0,88278.35,88479.99,1133.76043,1767193199999
1767193200000,88479.99,88487.68,87766.59,87953.97,1281.39241,1767196799999
1767196800000,87953.97,88053.49,87400.41,87656.98,1249.28961,1767200399999
1767200400000,87656.99,87741.99,87489.59,87620.82,629.77671,1767203999999
1767204000000,87620.82,87980.0,87574.12,87684.07,434.88825,1767207599999
1767207600000,87684.08,87870.02,87516.7,87541.85,622.18859,1767211199999
1767211200000,87541.85,87712.13,87250.0,87662.01,770.32743,1767214799999
1767214800000,87662.01,87879.04,87662.01,87799.97,383.8555,1767218399999
1767218400000,87799.97,87879.04,87656.19,87728.29,236.18697,1767221999999
1767222000000,87728.3,87728.3,87619.67,87648.22,191.19123,1767225599999
1767225600000,87648.21,87849.26,87632.74,87809.23,233.66036,1767229199999
1767229200000,87809.24,88050.0,87809.23,87960.0,241.44162,1767232799999
1767232800000,87960.01,88088.1,87895.37,87914.0,209.5586,1767236399999
1767236400000,87914.0,88015.7,87832.09,87846.02,149.08354,1767239999999
1767240000000,87846.01,87854.81,87550.43,87590.4,476.17901,1767243599999
1767243600000,87590.41,87749.34,87590.4,87704.39,283.17436,1767247199999
1767247200000,87704.39,87704.39,87636.29,87658.0,123.89656,1767250799999
1767250800000,87658.01,87673.01,87596.0,87631.88,225.27492,1767254399999
1767254400000,87631.88,87811.13,87631.87,87770.9,285.21745,1767257999999
1767258000000,87770.89,87965.25,87751.82,87877.99,210.22963,1767261599999
1767261600000,87877.99,87883.8,87799.17,87863.76,128.0738,1767265199999
1767265200000,87863.75,88024.64,87859.36,88024.64,196.30405,1767268799999
1767268800000,88024.64,88036.42,87925.28,87950.0,200.13556,1767272399999
1767272400000,87950.0,88019.82,87860.66,87922.64,155.72883,1767275999999
1767276000000,87922.63,87970.59,87810.66,87967.05,390.01531,1767279599999
1767279600000,87967.05,88113.45,87916.39,88032.18,260.01234,1767283199999
1767283200000,88032.17,88048.7,87879.03,87988.76,189.99476,1767286799999
1767286800000,87988.77,88500.0,87976.0,88316.37,476.08554,1767290399999
1767290400000,88316.38,88364.0,88105.08,88193.94,257.59166,1767293999999
1767294000000,88193.94,88431.23,88062.32,88391.15,216.66303,1767297599999
1767297600000,88391.16,88391.16,88240.0,88258.12,135.39527,1767301199999
1767301200000,88258.12,88447.84,88254.08,88377.67,168.57205,1767304799999
1767304800000,88377.67,88699.99,88377.67,88645.57,474.23054,1767308399999
1767308400000,88645.57,88919.45,88474.63,88839.04,593.05254,1767311999999
1767312000000,88839.05,88890.09,88594.39,88833.97,448.72758,1767315599999
1767315600000,88833.96,88877.12,88525.73,88639.89,242.38673,1767319199999
1767319200000,88639.89,88665.1,88379.88,88637.03,253.81052,1767322799999
1767322800000,88637.02,89120.01,88573.64,88950.65,670.13653,1767326399999
1767326400000,88950.64,88992.0,88629.0,88637.64,287.46487,1767329999999
1767330000000,88637.64,88787.56,88576.56,88765.2,223.91609,1767333599999
1767333600000,88765.21,89079.44,88715.44,88935.04,291.36506,1767337199999
1767337200000,88935.05,89068.62,88794.01,88857.61,387.57118,1767340799999
1767340800000,88857.6,89200.0,88758.94,89178.13,436.78167,1767344399999
1767344400000,89178.13,89484.06,89106.34,89467.32,885.84196,1767347999999
1767348000000,89467.32,89942.44,89451.34,89666.29,1401.67184,1767351599999
1767351600000,89666.3,89682.04,89360.0,89502.95,610.27074,1767355199999
1767355200000,89502.94,89593.17,89387.01,89400.0,388.55376,1767358799999
1767358800000,89400.0,89688.6,89309.94,89348.68,481.02676,1767362399999
1767362400000,89348.67,90135.0,88459.96,89580.0,2152.74387,1767365999999
1767366000000,89580.01,89888.0,88800.0,89418.11,1551.51931,1767369599999
1767369600000,89418.1,90800.0,89205.92,90376.05,2486.21857,1767373199999
1767373200000,90376.05,90961.81,90185.43,90370.52,1336.49207,1767376799999
1767376800000,90370.52,90555.99,89552.18,89773.1,847.22983,1767380399999
1767380400000,89773.1,90157.03,89650.0,89897.23,485.53154,1767383999999
1767384000000,89897.23,90075.0,89636.77,89740.0,538.07124,1767387599999
1767387600000,89740.01,90175.01,89728.37,90065.8,330.88507,1767391199999
1767391200000,90065.8,90400.0,90026.54,90195.37,409.68756,1767394799999
1767394800000,90195.37,90201.67,89902.16,89995.13,249.06866,1767398399999
1767398400000,89995.14,90195.77,89966.48,90156.19,298.52212,1767401999999
1767402000000,90156.19,90292.87,90077.69,90282.69,236.37769,1767405599999
1767405600000,90282.68,90418.32,90129.53,90340.0,305.59164,1767409199999
1767409200000,90340.01,90376.49,90200.0,90321.22,185.70264,1767412799999
1767412800000,90321.23,90480.62,90053.53,90170.0,411.08569,1767416399999
1767416400000,90170.01,90198.0,89924.48,90031.1,222.72398,1767419999999
1767420000000,90031.1,90134.6,89850.1,89871.05,273.68226,1767423599999
1767423600000,89871.04,89950.88,89314.01,89577.13,869.92487,1767427199999
1767427200000,89577.13,89831.9,89420.75,89670.51,458.1693,1767430799999
1767430800000,89670.51,89982.11,89634.95,89791.99,409.91195,1767434399999
1767434400000,89792.0,89881.1,89715.21,89754.47,270.67124,1767437999999
1767438000000,89754.48,89782.81,89679.14,89752.74,162.35671,1767441599999
1767441600000,89752.75,90046.0,89664.93,90039.13,374.21001,1767445199999
1767445200000,90039.12,90065.74,89920.01,90004.96,287.30479,1767448799999
1767448800000,90004.97,90249.99,89960.0,90126.02,298.26434,1767452399999
1767452400000,90126.02,90126.02,89968.0,89969.31,155.37202,1767455999999
1767456000000,89969.31,90219.67,89918.59,90105.24,200.27276,1767459599999
1767459600000,90105.24,90123.77,90026.93,90093.99,83.86507,1767463199999
1767463200000,90094.0,90197.88,90035.52,90138.87,141.85601,1767466799999
1767466800000,90138.87,90156.19,90060.0,90123.77,90.08443,1767470399999
1767470400000,90123.76,90372.4,90017.23,90372.39,179.02196,1767473999999
1767474000000,90372.4,90741.16,90318.29,90564.31,398.89642,1767477599999
1767477600000,90564.32,90738.99,90497.52,90590.04,433.4938,1767481199999
1767481200000,90590.04,90700.0,90469.39,90628.01,310.10546,1767484799999
1767484800000,90628.01,91610.17,90628.0,91341.47,1737.64298,1767488399999
1767488400000,91341.48,91475.52,91005.37,91235.37,375.26249,1767491999999
1767492000000,91235.37,91292.0,91080.06,91124.0,278.2894,1767495599999
1767495600000,91124.0,91350.0,91080.06,91236.78,328.23931,1767499199999
1767499200000,91236.78,91587.72,91183.15,91400.0,457.69348,1767502799999
1767502800000,91400.01,91490.68,91348.31,91480.04,172.44443,1767506399999
1767506400000,91480.04,91810.0,91237.54,91237.55,747.06543,1767509999999
1767510000000,91237.54,91546.31,91211.25,91532.0,456.46078,1767513599999
1767513600000,91532.0,91536.0,91174.46,91374.99,620.80815,1767517199999
1767517200000,91374.99,91485.21,91244.29,91468.28,941.08164,1767520799999
1767520800000,91468.28,91620.5,91422.67,91600.62,665.01473,1767524399999
1767524400000,91600.62,91600.62,91236.19,91300.0,369.35457,1767527999999
1767528000000,91300.01,91360.0,91084.0,91150.98,454.56858,1767531599999
1767531600000,91150.99,91276.94,91014.1,91264.0,272.68922,1767535199999
1767535200000,91264.0,91419.22,91146.86,91336.39,272.07953,1767538799999
1767538800000,91336.39,91381.6,91096.27,91334.94,316.98098,1767542399999
1767542400000,91334.94,91455.9,91244.6,91321.0,326.44422,1767545999999
1767546000000,91321.0,91436.21,91306.77,91335.73,137.11227,1767549599999
1767549600000,91335.72,91335.73,91000.0,91205.39,304.66859,1767553199999
1767553200000,91205.38,91205.39,90863.47,91138.07,372.30446,1767556799999
1767556800000,91138.06,91349.38,91132.0,91313.94,147.52188,1767560399999
1767560400000,91313.93,91421.96,91182.71,91279.99,135.33795,1767563999999
1767564000000,91279.99,91401.98,91150.47,91220.01,149.03275,1767567599999
1767567600000,91220.0,91590.0,91220.0,91529.73,388.43188,1767571199999
1767571200000,91529.74,92426.82,91514.81,92405.46,2061.87264,1767574799999
1767574800000,92405.46,93388.0,92280.69,92967.28,1977.50385,1767578399999
1767578400000,92967.29,93157.99,92724.98,93033.11,913.68581,1767581999999
1767582000000,93033.11,93204.7,92871.26,92878.22,595.50021,1767585599999
1767585600000,92878.22,92947.87,92330.46,92595.07,588.83873,1767589199999
1767589200000,92595.07,92720.73,92340.39,92359.99,400.538,1767592799999
1767592800000,92359.99,92500.0,92155.0,92491.81,320.70875,1767596399999
1767596400000,92491.82,92644.31,92484.72,92520.63,528.78142,1767599999999
1767600000000,92520.63,92774.28,92446.0,92467.53,603.26757,1767603599999
1767603600000,92467.54,92845.53,92320.17,92688.6,645.33375,1767607199999
1767607200000,92688.61,93151.0,92679.12,93080.0,681.83063,1767610799999
1767610800000,93080.0,93151.0,92883.03,93134.26,567.75651,1767614399999
1767614400000,93134.25,93206.2,92752.6,92874.28,453.5887,1767617999999
1767618000000,92874.28,93020.0,92535.41,92742.74,486.24906,1767621599999
1767621600000,92742.73,93666.0,92407.13,93428.0,1355.05943,1767625199999
1767625200000,93428.0,94000.0,93170.95,93957.73,1929.19905,1767628799999
1767628800000,93957.74,94076.35,93586.65,93701.31,1298.79178,1767632399999
1767632400000,93701.3,94477.69,93250.0,94317.84,1154.3191,1767635999999
1767636000000,94317.84,94500.0,93920.0,94449.62,974.95833,1767639599999
1767639600000,94449.61,94500.0,94131.44,94303.4,762.3129,1767643199999
1767643200000,94303.4,94789.08,94038.0,94177.99,1133.04005,1767646799999
1767646800000,94178.0,94227.4,93800.0,94095.78,474.75745,1767650399999
1767650400000,94095.78,94406.0,94012.3,94171.22,370.72137,1767653999999
1767654000000,94171.21,94194.01,93859.7,93859.71,394.98075,1767657599999
1767657600000,93859.71,93993.07,93555.93,93816.7,522.32093,1767661199999
1767661200000,93816.7,94161.86,93739.37,93771.82,384.14412,1767664799999
1767664800000,93771.82,93870.66,93529.18,93620.6,336.13865,1767668399999
1767668400000,93620.6,93943.88,93601.96,93769.24,285.34343,1767671999999
1767672000000,93769.25,94000.0,93734.25,93801.07,231.47521,1767675599999
1767675600000,93801.07,93816.0,93572.11,93599.99,407.00036,1767679199999
1767679200000,93599.99,93951.07,93538.83,93780.01,538.64562,1767682799999
1767682800000,93780.01,93782.6,93137.98,93255.08,860.27324,1767686399999
1767686400000,93255.08,93420.11,93167.29,93240.17,355.74138,1767689999999
1767690000000,93240.18,93569.61,93229.37,93462.72,327.55172,1767693599999
1767693600000,93462.72,93654.49,93413.2,93579.56,273.28705,1767697199999
1767697200000,93579.56,93895.0,93571.43,93840.0,403.66589,1767700799999
1767700800000,93839.99,93981.1,93784.3,93872.16,338.69848,1767704399999
1767704400000,93872.17,93872.17,93636.75,93716.53,315.19532,1767707999999
1767708000000,93716.53,94444.44,93531.28,93836.81,1676.33623,1767711599999
1767711600000,93836.81,94311.22,93352.01,93648.99,1417.41756,1767715199999
1767715200000,93649.0,93775.6,92336.0,92692.32,2208.46324,1767718799999
1767718800000,92692.32,92773.05,91539.68,91589.24,1784.74974,1767722399999
1767722400000,91589.23,92221.52,91262.94,92034.09,1427.50922,1767725999999
1767726000000,92034.09,92361.82,91902.0,92104.5,733.78195,1767729599999
1767729600000,92104.49,92698.04,92098.29,92505.32,775.34743,1767733199999
1767733200000,92505.31,93845.03,92372.4,93258.05,1874.69965,1767736799999
1767736800000,93258.04,93533.78,92966.75,93362.68,713.98511,1767740399999
1767740400000,93362.67,93792.17,93333.32,93747.97,354.64676,1767743999999
1767744000000,93747.97,93747.97,92626.31,92709.52,843.19542,1767747599999
1767747600000,92709.36,92902.52,92330.33,92435.35,936.694,1767751199999
1767751200000,92435.36,93060.0,92236.07,92949.77,598.87784,1767754799999
1767754800000,92949.77,93108.69,92747.12,92815.83,294.44853,1767758399999
1767758400000,92815.83,92930.35,92610.0,92670.29,319.36155,1767761999999
1767762000000,92670.3,92847.16,92500.0,92529.54,227.33033,1767765599999
1767765600000,92529.53,92899.57,92523.75,92614.84,240.63686,1767769199999
1767769200000,92614.84,92895.56,92614.83,92879.13,256.24423,1767772799999
1767772800000,92879.14,92961.53,92698.09,92718.9,263.5062,1767776399999
1767776400000,92718.9,92718.91,91600.0,91716.14,1258.05952,1767779999999
1767780000000,91716.14,92000.0,91600.0,91975.31,538.05487,1767783599999
1767783600000,91975.31,92253.16,91928.21,92087.21,542.17686,1767787199999
1767787200000,92087.21,92176.98,91977.73,91997.86,317.95554,1767790799999
1767790800000,91997.85,92299.4,91864.52,92044.67,443.04448,1767794399999
1767794400000,92044.67,92135.1,91353.39,91959.04,1427.59818,1767797999999
1767798000000,91959.05,92000.0,91024.0,91349.96,1434.72957,1767801599999
1767801600000,91349.95,91790.0,91150.0,91264.54,677.82559,1767805199999
1767805200000,91264.55,91698.15,91026.01,91252.14,548.07377,1767808799999
1767808800000,91252.13,91441.35,90733.14,90901.39,816.16719,1767812399999
1767812400000,90901.38,91280.07,90675.52,91186.07,611.7426,1767815999999
1767816000000,91186.07,91300.75,90778.32,91047.49,438.79062,1767819599999
1767819600000,91047.49,91231.9,91035.77,91089.5,245.38775,1767823199999
1767823200000,91089.5,91383.14,90873.08,91180.85,362.9278,1767826799999
1767826800000,91180.85,91489.6,91004.1,91364.16,633.66095,1767830399999
1767830400000,91364.16,91529.72,91072.16,91394.71,369.48198,1767833999999
1767834000000,91394.7,91687.99,91300.0,91428.4,306.46699,1767837599999
1767837600000,91428.39,91473.0,90764.0,90956.49,571.10105,1767841199999
1767841200000,90956.5,91142.51,90616.36,90813.4,547.79189,1767844799999
1767844800000,90813.4,91168.0,90700.0,91022.75,357.33917,1767848399999
1767848400000,91022.74,91188.0,90786.14,90829.58,295.83835,1767851999999
1767852000000,90829.58,90872.0,89897.01,89898.01,1360.25581,1767855599999
1767855600000,89898.0,90588.0,89641.84,90548.02,1094.34311,1767859199999
1767859200000,90548.02,90917.22,90155.05,90227.25,841.98085,1767862799999
1767862800000,90227.25,90374.78,89956.0,90010.0,514.04982,1767866399999
1767866400000,90009.99,90493.18,89777.25,90410.1,526.53398,1767869999999
1767870000000,90409.61,90487.31,90022.26,90226.77,548.71612,1767873599999
1767873600000,90226.77,90240.85,89781.96,89989.21,992.96975,1767877199999
1767877200000,89989.2,90105.08,89861.59,89962.14,441.44929,1767880799999
1767880800000,89962.14,90171.0,89311.0,90024.01,1521.76403,1767884399999
1767884400000,90024.0,90847.52,89820.89,90781.57,1428.07575,1767887999999
1767888000000,90781.57,90926.84,90312.89,90926.84,855.68064,1767891599999
1767891600000,90926.84,91440.0,90842.0,91366.39,874.20589,1767895199999
1767895200000,91366.39,91469.0,90952.0,91117.35,517.40477,1767898799999
1767898800000,91117.35,91333.0,90812.98,90937.41,409.298,1767902399999
1767902400000,90937.42,90996.02,90568.11,90927.62,476.53275,1767905999999
1767906000000,90927.63,91336.63,90917.7,91272.96,629.96765,1767909599999
1767909600000,91272.96,91493.0,91033.11,91231.9,417.67218,1767913199999
1767913200000,91231.89,91336.63,91046.87,91099.99,233.87135,1767916799999
1767916800000,91100.0,91307.72,91058.7,91290.33,179.40576,1767920399999
1767920400000,91290.34,91632.1,90850.0,91056.19,545.56598,1767923999999
1767924000000,91056.2,91481.19,91023.0,91038.38,431.1021,1767927599999
1767927600000,91038.39,91271.73,90941.44,91220.23,417.7946,1767931199999
1767931200000,91220.24,91236.72,90933.3,91012.8,322.36121,1767934799999
1767934800000,91012.81,91119.81,90882.71,91091.82,292.21625,1767938399999
1767938400000,91091.82,91146.47,90989.29,91137.58,209.50276,1767941999999
1767942000000,91137.58,91137.58,90738.34,90741.84,669.4759,1767945599999
1767945600000,90741.85,90843.77,89694.66,90033.52,1141.88324,1767949199999
1767949200000,90033.52,90481.2,90014.6,90338.46,507.45187,1767952799999
1767952800000,90338.47,90558.01,90283.47,90485.87,396.79277,1767956399999
1767956400000,90485.87,90691.32,90404.21,90463.11,540.59585,1767959999999
1767960000000,90463.12,90603.53,90235.13,90449.23,690.17113,1767963599999
1767963600000,90449.22,90938.62,90405.15,90607.66,722.68305,1767967199999
1767967200000,90607.66,90666.91,89940.0,90150.0,840.37741,1767970799999
1767970800000,90150.01,92082.55,89850.0,91176.47,3441.12901,1767974399999
1767974400000,91176.48,91783.32,91175.79,91623.89,1143.47636,1767977999999
1767978000000,91623.89,91680.41,91012.0,91422.23,688.89123,1767981599999
1767981600000,91422.23,91507.82,90340.0,90820.31,551.14415,1767985199999
1767985200000,90820.3,90820.3,90190.0,90332.15,578.57871,1767988799999
1767988800000,90332.14,90580.62,90235.0,90303.36,313.31668,1767992399999
1767992400000,90303.37,90643.81,90113.87,90541.97,207.05117,1767995999999
1767996000000,90541.98,90723.06,90353.91,90630.08,575.52178,1767999599999
1767999600000,90630.08,90732.01,90604.58,90641.28,183.79042,1768003199999
1768003200000,90641.27,90693.89,90527.99,90600.0,151.21516,1768006799999
1768006800000,90600.0,90732.2,90587.0,90688.0,113.18366,1768010399999
1768010400000,90688.0,90782.23,90607.02,90697.17,139.70054,1768013999999
1768014000000,90697.17,90697.18,90554.26,90626.14,124.89032,1768017599999
1768017600000,90626.15,90649.99,90408.23,90448.3,164.87324,1768021199999
1768021200000,90448.3,90617.62,90431.45,90603.52,84.41081,1768024799999
1768024800000,90603.52,90603.53,90474.35,90505.47,74.15884,1768028399999
1768028400000,90505.48,90682.7,90505.47,90678.5,168.18359,1768031999999
1768032000000,90678.5,90773.33,90618.28,90661.95,288.33994,1768035599999
1768035600000,90661.94,90768.97,90630.09,90768.96,158.69299,1768039199999
1768039200000,90768.97,90832.0,90728.45,90828.0,126.67512,1768042799999
1768042800000,90828.0,90828.0,90708.25,90723.86,73.68827,1768046399999
1768046400000,90723.87,90788.78,90665.75,90733.71,94.62022,1768049999999
1768050000000,90733.71,90772.78,90633.86,90656.51,82.9916,1768053599999
1768053600000,90656.52,90658.69,90538.46,90591.01,144.35468,1768057199999
1768057200000,90591.01,90665.76,90584.17,90665.75,92.51513,1768060799999
1768060800000,90665.76,90725.74,90609.56,90676.66,142.80125,1768064399999
1768064400000,90676.66,90746.0,90544.96,90544.96,152.86625,1768067999999
1768068000000,90544.96,90595.63,90504.55,90595.62,158.53961,1768071599999
1768071600000,90595.62,90631.37,90580.61,90626.54,75.9405,1768075199999
1768075200000,90626.54,90659.03,90571.0,90572.86,99.38243,1768078799999
1768078800000,90572.86,90572.86,90500.38,90510.74,144.94285,1768082399999
1768082400000,90510.75,90600.0,90404.0,90427.76,161.64189,1768085999999
1768086000000,90427.76,90567.15,90427.75,90504.7,85.50833,1768089599999
1768089600000,90504.7,90650.75,90451.1,90640.44,114.3636,1768093199999
1768093200000,90640.44,90675.53,90558.95,90628.23,83.46973,1768096799999
1768096800000,90628.24,90731.9,90615.34,90699.0,123.06702,1768100399999
1768100400000,90699.0,90737.95,90631.64,90733.5,142.98004,1768103999999
1768104000000,90733.49,90785.48,90661.53,90785.48,141.85581,1768107599999
1768107600000,90785.48,90850.0,90740.0,90774.43,128.06651,1768111199999
1768111200000,90774.42,90796.83,90585.34,90744.0,169.88277,1768114799999
1768114800000,90744.0,90749.0,90675.52,90710.79,107.03833,1768118399999
1768118400000,90710.8,90816.0,90610.27,90790.01,261.70108,1768121999999
1768122000000,90790.01,90815.44,90675.6,90740.02,180.86038,1768125599999
1768125600000,90740.01,90740.02,90692.79,90736.67,123.08314,1768129199999
1768129200000,90736.66,90756.0,90695.05,90754.99,128.73157,1768132799999
1768132800000,90754.99,91020.0,90720.21,90938.13,211.42505,1768136399999
1768136400000,90938.12,90972.33,90821.47,90849.45,154.00693,1768139999999
1768140000000,90849.45,91191.5,90849.45,91127.16,282.45011,1768143599999
1768143600000,91127.17,91153.99,90708.25,90875.79,496.14604,1768147199999
1768147200000,90875.79,91283.89,90875.79,91039.15,389.24788,1768150799999
1768150800000,91039.14,91147.82,90904.07,90986.68,234.85682,1768154399999
1768154400000,90986.68,90986.69,90793.43,90886.68,177.99755,1768157999999
1768158000000,90886.68,90922.08,90673.3,90690.8,159.3051,1768161599999
1768161600000,90690.81,90743.72,90370.85,90708.26,497.31755,1768165199999
1768165200000,90708.25,90838.69,90590.61,90757.06,217.97309,1768168799999
1768168800000,90757.07,90757.07,90453.36,90526.02,255.60666,1768172399999
1768172400000,90526.01,91041.79,90236.0,91013.65,695.70318,1768175999999
1768176000000,91013.66,91258.66,90700.29,91258.65,740.6183,1768179599999
1768179600000,91258.66,91799.0,91086.0,91412.44,973.78286,1768183199999
1768183200000,91412.44,92384.4,91374.0,92203.56,1103.07593,1768186799999
1768186800000,92203.56,92519.95,91808.11,91808.12,968.99203,1768190399999
1768190400000,91808.12,92290.81,91741.82,92175.78,651.2656,1768193999999
1768194000000,92175.79,92267.66,92037.51,92111.86,274.66206,1768197599999
1768197600000,92111.87,92207.01,91805.43,91836.34,279.64865,1768201199999
1768201200000,91836.35,91970.0,91381.36,91408.09,500.6572,1768204799999
1768204800000,91408.09,91630.13,90388.89,90752.27,1298.94335,1768208399999
1768208400000,90752.28,90942.85,90648.15,90685.64,605.22242,1768211999999
1768212000000,90685.65,90793.18,90370.0,90433.46,399.68146,1768215599999
1768215600000,90433.45,90824.86,90425.36,90620.96,457.29481,1768219199999
1768219200000,90620.95,90863.74,90615.66,90789.37,244.81991,1768222799999
1768222800000,90789.37,90829.73,90538.0,90636.01,327.61952,1768226399999
1768226400000,90636.0,91131.39,90128.44,90908.95,1300.15719,1768229999999
1768230000000,90908.95,91665.0,90705.91,91665.0,1031.47333,1768233599999
1768233600000,91664.99,92332.0,91567.81,92123.52,1578.09092,1768237199999
1768237200000,92123.51,92306.62,91000.53,91522.83,1208.45838,1768240799999
1768240800000,91522.83,91943.26,91411.79,91691.8,505.47425,1768244399999
1768244400000,91691.8,91880.0,91434.8,91861.27,337.94969,1768247999999
1768248000000,91861.27,92046.23,91417.99,91484.86,374.00813,1768251599999
1768251600000,91484.87,91502.37,90938.2,91055.17,398.88227,1768255199999
1768255200000,91055.17,91441.34,91052.21,91244.99,313.86446,1768258799999
1768258800000,91244.99,91311.68,91059.88,91296.2,313.43996,1768262399999
1768262400000,91296.2,91546.08,91249.0,91482.74,334.56358,1768265999999
1768266000000,91482.74,91546.08,91042.66,91185.35,442.20574,1768269599999
1768269600000,91185.34,91382.82,91097.8,91118.3,271.94314,1768273199999
1768273200000,91118.3,91453.45,91118.29,91408.91,263.81213,1768276799999
1768276800000,91408.9,91650.81,91350.71,91515.16,272.26771,1768280399999
1768280400000,91515.17,92255.94,91472.36,91920.99,991.25943,1768283999999
1768284000000,91921.0,92275.38,91806.19,92184.36,600.50125,1768287599999
1768287600000,92184.37,92212.48,91905.33,91942.0,704.5617,1768291199999
1768291200000,91941.99,92250.66,91924.27,92165.9,528.9889,1768294799999
1768294800000,92165.89,92672.11,91950.0,92269.42,1215.58278,1768298399999
1768298400000,92269.42,92350.03,92021.15,92128.62,394.76711,1768301999999
1768302000000,92128.63,92261.04,91972.44,92000.74,405.87783,1768305599999
1768305600000,92000.73,92153.84,91910.25,92109.35,280.96679,1768309199999
1768309200000,92109.35,92606.42,91978.66,92076.12,1336.2017,1768312799999
1768312800000,92076.11,92915.12,91787.61,92462.03,1289.79234,1768316399999
1768316400000,92462.03,93450.0,92132.66,93449.99,1429.93474,1768319999999
1768320000000,93449.99,93760.0,93078.31,93389.63,1920.2444,1768323599999
1768323600000,93389.63,93498.72,93100.0,93241.99,796.01222,1768327199999
1768327200000,93241.99,93871.29,93198.09,93633.71,950.82758,1768330799999
1768330800000,93633.71,94231.82,93475.07,94226.84,1085.51387,1768334399999
1768334400000,94226.85,94500.0,94113.13,94408.7,1604.35758,1768337999999
1768338000000,94408.7,94507.99,94062.0,94087.23,1173.77039,1768341599999
1768341600000,94087.23,96495.0,94087.23,95757.21,3452.31954,1768345199999
1768345200000,95757.19,96107.97,95055.01,95414.0,1275.24237,1768348799999
1768348800000,95413.99,95647.91,95154.04,95236.84,662.80362,1768352399999
1768352400000,95236.84,95582.0,95116.03,95245.6,749.06956,1768355999999
1768356000000,95245.61,95562.0,95190.06,95347.46,588.58584,1768359599999
1768359600000,95347.47,95722.01,95285.5,95720.99,381.4409,1768363199999
1768363200000,95720.99,95799.22,95224.44,95245.16,460.39311,1768366799999
1768366800000,95245.17,95270.25,94972.0,95005.0,669.59606,1768370399999
1768370400000,95005.01,95028.88,94559.28,95028.87,859.31999,1768373999999
1768374000000,95028.88,95233.99,94850.0,95205.1,884.32504,1768377599999
1768377600000,95205.11,95315.15,94900.0,94900.01,380.43239,1768381199999
1768381200000,94900.01,95186.51,94870.01,95088.24,468.07232,1768384799999
1768384800000,95088.24,95291.98,94888.0,95091.75,526.44388,1768388399999
1768388400000,95091.49,95091.49,94737.95,94792.99,381.08629,1768391999999
1768392000000,94793.0,95154.78,94680.67,95077.56,424.37035,1768395599999
1768395600000,95077.56,95241.7,94890.68,94998.19,454.3002,1768399199999
1768399200000,94998.2,96827.0,94982.56,96493.15,2348.26402,1768402799999
1768402800000,96493.14,97084.68,96188.25,96764.57,2804.69067,1768406399999
1768406400000,96764.57,97693.66,96730.77,97293.24,2448.97546,1768409999999
1768410000000,97293.23,97777.0,96800.0,96956.07,2017.29615,1768413599999
1768413600000,96956.07,97110.0,96246.56,96806.55,1150.91366,1768417199999
1768417200000,96806.54,97640.68,96688.36,97267.42,1063.44638,1768420799999
1768420800000,97267.42,97924.49,97209.25,97655.28,1157.33493,1768424399999
1768424400000,97655.27,97717.72,97390.0,97564.0,494.72849,1768427999999
1768428000000,97563.99,97587.34,96772.02,96878.34,1038.79474,1768431599999
1768431600000,96878.34,97371.33,96865.34,96951.78,437.21023,1768435199999
1768435200000,96951.78,97000.0,96500.0,96658.03,798.45682,1768438799999
1768438800000,96658.03,96959.09,96297.32,96445.31,701.30226,1768442399999
1768442400000,96445.32,96617.06,96095.8,96339.91,530.33501,1768445999999
1768446000000,96339.92,96393.58,95777.0,95985.1,791.5879,1768449599999
1768449600000,95985.11,96387.42,95952.89,96316.27,483.75975,1768453199999
1768453200000,96316.27,96510.57,96247.64,96429.71,419.70339,1768456799999
1768456800000,96429.71,96588.45,96172.41,96243.78,473.63021,1768460399999
1768460400000,96243.79,96760.15,96191.79,96630.48,679.19921,1768463999999
1768464000000,96630.47,96662.0,96289.98,96643.0,760.49437,1768467599999
1768467600000,96643.01,97193.34,96559.19,97040.75,1029.77719,1768471199999
1768471200000,97040.75,97070.39,96750.0,96818.68,414.89635,1768474799999
1768474800000,96818.68,96935.39,96580.03,96581.08,588.17595,1768478399999
1768478400000,96581.07,96994.65,96525.24,96981.65,332.6743,1768481999999
1768482000000,96981.66,97032.99,96620.12,96846.75,496.85903,1768485599999
1768485600000,96846.74,97165.03,95592.69,96063.43,1629.09421,1768489199999
1768489200000,96063.43,96791.67,95435.91,96737.04,2359.5541,1768492799999
1768492800000,96737.04,96969.99,96272.72,96738.51,1973.14331,1768496399999
1768496400000,96738.5,97163.0,96426.18,96636.35,2398.07402,1768499999999
1768500000000,96636.35,96650.51,95745.25,95835.0,2117.40598,1768503599999
1768503600000,95835.01,95920.31,95183.13,95516.01,1380.26708,1768507199999
1768507200000,95516.01,95660.0,95134.48,95260.67,524.36978,1768510799999
1768510800000,95260.68,95631.08,95196.0,95584.35,297.62442,1768514399999
1768514400000,95584.36,95871.0,95488.91,95583.87,269.05055,1768517999999
1768518000000,95583.87,95718.31,95378.58,95604.8,276.3785,1768521599999
1768521600000,95604.81,95828.01,95570.96,95633.5,207.12295,1768525199999
1768525200000,95633.5,95855.12,95420.75,95664.18,401.56495,1768528799999
1768528800000,95664.17,95687.47,95393.9,95504.4,384.29986,1768532399999
1768532400000,95504.4,95586.6,95321.58,95354.69,214.15334,1768535999999
1768536000000,95354.69,95582.41,95133.03,95261.29,700.90747,1768539599999
1768539600000,95261.3,95676.73,95242.18,95660.37,746.7663,1768543199999
1768543200000,95660.38,95816.83,95534.0,95741.21,443.54681,1768546799999
1768546800000,95741.22,95788.34,95489.6,95653.16,403.70542,1768550399999
1768550400000,95653.16,95871.47,95570.68,95676.0,594.74259,1768553999999
1768554000000,95676.01,95788.17,95601.5,95613.53,177.27273,1768557599999
1768557600000,95613.53,95637.0,95280.51,95307.35,538.64006,1768561199999
1768561200000,95307.35,95470.0,95261.43,95429.09,303.73259,1768564799999
1768564800000,95429.09,95569.0,95353.5,95458.55,289.70117,1768568399999
1768568400000,95458.55,95579.0,95288.05,95448.87,277.92918,1768571999999
1768572000000,95448.86,95809.08,95192.35,95192.36,624.83754,1768575599999
1768575600000,95192.36,95663.15,94293.46,94585.98,1821.66491,1768579199999
1768579200000,94585.99,94990.73,94508.0,94872.55,811.28371,1768582799999
1768582800000,94872.55,95130.49,94555.88,95076.08,513.23212,1768586399999
1768586400000,95076.09,95215.74,94960.04,95001.19,353.51337,1768589999999
1768590000000,95001.19,95055.31,94841.31,95002.09,176.56522,1768593599999
1768593600000,95002.09,95561.5,94682.0,95553.6,414.87593,1768597199999
1768597200000,95553.61,95600.0,95359.69,95523.52,341.14068,1768600799999
1768600800000,95523.52,95574.0,95260.64,95514.0,283.10566,1768604399999
1768604400000,95513.99,95577.89,95433.83,95550.94,143.41004,1768607999999
1768608000000,95550.94,95578.2,95433.94,95465.97,129.13356,1768611599999
1768611600000,95465.97,95530.0,95384.86,95399.93,104.26658,1768615199999
1768615200000,95399.94,95412.86,95200.0,95371.35,155.12882,1768618799999
1768618800000,95371.36,95384.87,95270.79,95372.95,132.4524,1768622399999
1768622400000,95372.94,95372.95,95260.64,95303.64,131.52683,1768625999999
1768626000000,95303.63,95373.64,95275.05,95323.67,103.95781,1768629599999
1768629600000,95323.68,95347.89,95186.29,95240.07,125.70578,1768633199999
1768633200000,95240.08,95240.08,95041.7,95101.67,197.34545,1768636799999
1768636800000,95101.67,95260.65,95021.67,95247.51,164.49559,1768640399999
1768640400000,95247.51,95290.08,95176.9,95260.65,104.24877,1768643999999
1768644000000,95260.65,95271.21,95116.47,95116.48,127.2407,1768647599999
1768647600000,95116.48,95323.86,95073.57,95323.86,218.85009,1768651199999
1768651200000,95323.85,95412.84,95243.63,95251.15,215.62364,1768654799999
1768654800000,95251.15,95438.33,95198.81,95438.32,227.83624,1768658399999
1768658400000,95438.32,95544.07,95357.02,95471.18,259.56584,1768661999999
1768662000000,95471.17,95639.45,95433.81,95573.64,747.96943,1768665599999
1768665600000,95573.65,95576.14,95212.25,95315.23,330.67135,1768669199999
1768669200000,95315.23,95440.8,95295.17,95357.24,141.2049,1768672799999
1768672800000,95357.23,95465.98,95346.0,95428.25,100.5073,1768676399999
1768676400000,95428.25,95428.25,95290.7,95291.38,64.10708,1768679999999
1768680000000,95291.37,95383.84,95291.36,95378.18,65.25873,1768683599999
1768683600000,95378.19,95412.86,95283.99,95302.94,114.01955,1768687199999
1768687200000,95302.94,95302.94,95050.0,95170.97,209.18455,1768690799999
1768690800000,95170.98,95208.96,95123.79,95147.77,110.50038,1768694399999
1768694400000,95147.77,95250.0,95067.83,95112.47,179.02691,1768697999999
1768698000000,95112.48,95112.48,94876.33,94966.9,243.7208,1768701599999
1768701600000,94966.89,95069.07,94880.53,95022.01,148.4607,1768705199999
1768705200000,95022.01,95205.74,95022.01,95200.29,149.82604,1768708799999
1768708800000,95200.29,95200.3,95075.3,95095.68,90.87843,1768712399999
1768712400000,95095.68,95260.0,95059.27,95188.55,176.45319,1768715999999
1768716000000,95188.54,95199.62,95144.3,95171.43,144.72253,1768719599999
1768719600000,95171.44,95183.3,95028.27,95028.27,293.23856,1768723199999
1768723200000,95028.27,95195.0,95021.44,95183.93,124.9626,1768726799999
1768726800000,95183.93,95295.35,95149.18,95275.73,312.28376,1768730399999
1768730400000,95275.73,95295.39,95088.0,95180.66,344.24187,1768733999999
1768734000000,95180.67,95180.67,95061.65,95168.06,178.51779,1768737599999
1768737600000,95168.06,95178.09,95081.32,95113.25,122.90856,1768741199999
1768741200000,95113.24,95205.4,94910.0,95146.82,328.31194,1768744799999
1768744800000,95146.82,95376.24,94928.51,94955.79,530.3533,1768748399999
1768748400000,94955.78,95125.47,94915.21,95119.28,195.60522,1768751999999
1768752000000,95119.27,95186.3,95073.02,95169.35,105.98121,1768755599999
1768755600000,95169.35,95280.24,95140.61,95274.36,147.92595,1768759199999
1768759200000,95274.35,95521.71,95180.9,95439.6,407.32335,1768762799999
1768762800000,95439.6,95514.0,95333.99,95380.99,260.23192,1768766399999
1768766400000,95380.99,95441.22,95285.2,95304.01,77.90234,1768769999999
1768770000000,95304.01,95430.45,95284.23,95430.44,81.51777,1768773599999
1768773600000,95430.45,95531.12,95412.86,95498.61,319.96465,1768777199999
1768777200000,95498.6,95498.6,93615.4,93673.14,1930.8188,1768780799999
1768780800000,93673.14,93673.14,91910.2,92711.02,4221.82713,1768784399999
1768784400000,92711.02,92875.68,92247.97,92586.65,910.87085,1768787999999
1768788000000,92586.65,92672.0,92383.94,92566.8,452.44264,1768791599999
1768791600000,92566.8,92776.83,92500.0,92690.09,556.40187,1768795199999
1768795200000,92690.08,92748.32,92502.58,92665.0,506.12587,1768798799999
1768798800000,92665.0,92811.11,92504.24,92511.77,357.86057,1768802399999
1768802400000,92511.77,92629.26,92385.07,92583.27,427.02868,1768805999999
1768806000000,92583.27,92861.41,92562.0,92841.62,421.22196,1768809599999
1768809600000,92841.62,93368.44,92702.56,93259.09,865.57873,1768813199999
1768813200000,93259.09,93268.12,92950.0,93060.06,474.82948,1768816799999
1768816800000,93060.06,93081.3,92900.0,93064.88,263.24721,1768820399999
1768820400000,93064.88,93317.29,92969.94,93191.96,305.33086,1768823999999
1768824000000,93191.96,93226.44,92979.48,93070.6,586.84126,1768827599999
1768827600000,93070.6,93151.37,92807.34,93031.86,326.88604,1768831199999
1768831200000,93031.85,93039.6,92700.0,92812.43,417.89495,1768834799999
1768834800000,92812.43,93081.0,92812.43,93068.62,467.20202,1768838399999
1768838400000,93068.62,93420.0,92994.0,93301.86,380.00206,1768841999999
1768842000000,93301.85,93389.45,93150.0,93242.99,357.60248,1768845599999
1768845600000,93242.99,93259.39,92930.0,93065.84,235.78814,1768849199999
1768849200000,93065.83,93154.32,93000.0,93105.85,179.79114,1768852799999
1768852800000,93105.85,93274.82,93084.15,93141.94,178.48795,1768856399999
1768856400000,93141.95,93342.36,93000.03,93003.42,240.63302,1768859999999
1768860000000,93003.41,93060.0,92565.78,92565.78,374.00927,1768863599999
1768863600000,92565.78,92750.0,92158.48,92631.0,787.62329,1768867199999
1768867200000,92630.99,92870.0,92370.25,92717.9,325.00059,1768870799999
1768870800000,92717.9,92867.28,92525.8,92716.48,251.70499,1768874399999
1768874400000,92716.47,92729.94,92370.68,92552.16,354.36518,1768877999999
1768878000000,92552.15,92650.0,92264.7,92434.92,329.07012,1768881599999
1768881600000,92434.93,92470.37,92000.01,92062.61,363.95619,1768885199999
1768885200000,92062.62,92084.8,91294.11,91624.18,1546.22756,1768888799999
1768888800000,91624.19,91625.31,90771.78,90929.98,1830.88581,1768892399999
1768892400000,90929.98,91319.05,90862.83,91177.98,907.06352,1768895999999
1768896000000,91177.99,91255.7,90693.0,91116.0,1083.7965,1768899599999
1768899600000,91116.0,91116.0,90899.0,91036.25,381.95269,1768903199999
1768903200000,91036.25,91294.11,90998.08,91269.58,415.15786,1768906799999
1768906800000,91269.57,91442.88,91214.36,91218.99,373.22315,1768910399999
1768910400000,91218.99,91318.94,91027.74,91280.31,528.8374,1768913999999
1768914000000,91280.31,91289.64,90777.0,90958.88,722.76892,1768917599999
1768917600000,90958.89,91371.11,90272.53,90531.15,1809.16854,1768921199999
1768921200000,90531.15,90808.04,89859.06,90684.95,1977.53179,1768924799999
1768924800000,90684.95,90974.49,90023.99,90165.51,895.41274,1768928399999
1768928400000,90165.5,90505.68,89431.1,89775.46,1552.7044,1768931999999
1768932000000,89775.47,89958.0,89395.07,89501.0,885.28879,1768935599999
1768935600000,89501.0,89795.45,89292.48,89725.76,781.3523,1768939199999
1768939200000,89725.77,89854.2,89400.0,89733.99,735.02193,1768942799999
1768942800000,89734.0,89829.11,89428.0,89476.01,445.56945,1768946399999
1768946400000,89476.01,89645.56,87900.0,88509.18,2094.09769,1768949999999
1768950000000,88509.18,88534.21,87895.98,88427.66,1417.16799,1768953599999
1768953600000,88427.66,88982.0,88250.0,88936.01,1052.93124,1768957199999
1768957200000,88936.01,89165.2,88850.0,89020.91,502.12138,1768960799999
1768960800000,89020.91,89381.86,89000.0,89048.57,884.94036,1768964399999
1768964400000,89048.56,89598.8,89046.0,89432.33,540.55763,1768967999999
1768968000000,89432.33,89630.0,89354.72,89448.89,300.28776,1768971599999
1768971600000,89448.89,90120.44,89437.25,89950.04,554.5838,1768975199999
1768975200000,89950.03,89950.04,89491.96,89649.62,369.00614,1768978799999
1768978800000,89649.63,89767.29,89093.28,89213.95,825.75082,1768982399999
1768982400000,89213.96,89385.4,89000.0,89197.35,723.12982,1768985999999
1768986000000,89197.36,89493.46,89080.0,89112.3,307.89975,1768989599999
1768989600000,89112.3,89395.08,89080.0,89248.99,328.36365,1768993199999
1768993200000,89248.99,89382.0,88700.0,88789.99,651.53578,1768996799999
1768996800000,88789.99,88849.39,88196.72,88736.31,1271.35096,1769000399999
1769000400000,88736.31,89020.32,88558.67,88672.64,735.83253,1769003999999
1769004000000,88672.64,89993.88,88611.15,89805.43,1602.75733,1769007599999
1769007600000,89805.43,90574.0,89759.59,90288.04,1074.26054,1769011199999
1769011200000,90288.04,90360.0,87590.0,87602.4,2075.92566,1769014799999
1769014800000,87602.39,88156.47,87263.53,87932.38,1818.07575,1769018399999
1769018400000,87932.37,88657.23,87585.05,88485.43,743.38561,1769021999999
1769022000000,88485.43,90450.0,88280.55,90355.56,1787.81485,1769025599999
1769025600000,90355.56,90377.0,89392.0,90214.01,1099.33527,1769029199999
1769029200000,90214.02,90339.58,89950.36,90249.18,428.70398,1769032799999
1769032800000,90249.18,90377.0,89752.38,89763.51,414.26891,1769036399999
1769036400000,89763.51,90212.89,89344.98,89454.73,524.6842,1769039999999
1769040000000,89454.73,90032.5,89454.72,89908.49,394.22125,1769043599999
1769043600000,89908.5,90198.51,89826.38,90113.19,341.32729,1769047199999
1769047200000,90113.2,90359.99,89851.03,89938.3,436.55946,1769050799999
1769050800000,89938.3,90166.67,89702.84,89899.51,389.70123,1769054399999
1769054400000,89899.51,90076.77,89826.67,89998.91,327.01022,1769057999999
1769058000000,89998.91,90075.8,89928.09,90026.3,201.60447,1769061599999
1769061600000,90026.3,90215.79,89900.0,90172.11,274.11012,1769065199999
1769065200000,90172.12,90196.99,89802.0,89818.79,410.94787,1769068799999
1769068800000,89818.79,89968.28,89760.0,89920.16,241.50947,1769072399999
1769072400000,89920.16,90113.43,89883.8,90033.02,235.39671,1769075999999
1769076000000,90033.02,90101.83,89960.0,90078.77,307.75831,1769079599999
1769079600000,90078.76,90150.0,89897.87,89941.26,341.2419,1769083199999
1769083200000,89941.26,90099.99,89873.09,90021.09,250.41912,1769086799999
1769086800000,90021.09,90340.0,89478.92,89619.81,800.98427,1769090399999
1769090400000,89619.81,89742.67,89039.78,89088.59,1132.03645,1769093999999
1769094000000,89088.6,89445.24,88515.37,89000.01,1328.81681,1769097599999
1769097600000,89000.0,89270.0,88676.95,89054.06,820.87315,1769101199999
1769101200000,89054.07,89616.04,89024.55,89550.01,536.51415,1769104799999
1769104800000,89550.0,89797.5,89301.9,89333.94,457.15553,1769108399999
1769108400000,89333.93,89924.46,89114.48,89777.9,489.86443,1769111999999
1769112000000,89777.89,89946.13,89398.87,89409.72,338.82702,1769115599999
1769115600000,89409.73,89669.21,89238.32,89268.66,272.77807,1769119199999
1769119200000,89268.66,89566.0,89140.13,89346.99,294.98276,1769122799999
1769122800000,89346.99,89583.62,89170.74,89559.67,200.86486,1769126399999
1769126400000,89559.68,89638.84,89450.48,89520.01,225.79843,1769129999999
1769130000000,89520.01,89939.39,89520.01,89939.38,281.57226,1769133599999
1769133600000,89939.39,89979.97,89655.41,89663.48,375.68609,1769137199999
1769137200000,89663.47,89924.78,89646.18,89924.78,261.08428,1769140799999
1769140800000,89924.78,90088.94,89871.73,89965.42,430.92263,1769144399999
1769144400000,89965.43,89969.02,89473.99,89616.03,360.8873,1769147999999
1769148000000,89616.04,89799.36,89400.0,89509.59,450.16637,1769151599999
1769151600000,89509.59,89686.4,89447.52,89549.45,487.74127,1769155199999
1769155200000,89549.45,89632.18,89133.35,89221.46,544.19233,1769158799999
1769158800000,89221.46,89388.71,88897.81,88977.72,632.36708,1769162399999
1769162400000,88977.72,89160.74,88860.44,89046.49,334.46792,1769165999999
1769166000000,89046.49,89355.51,89000.0,89202.48,481.66038,1769169599999
1769169600000,89202.47,89383.09,89099.2,89267.83,219.71914,1769173199999
1769173200000,89267.83,89450.18,89237.65,89350.81,297.7631,1769176799999
1769176800000,89350.8,89733.71,88663.65,89017.85,1240.76676,1769180399999
1769180400000,89017.85,89865.53,88578.36,89761.61,1078.68425,1769183999999
1769184000000,89761.61,90490.06,89489.0,90124.85,1266.72506,1769187599999
1769187600000,90124.86,91224.99,89978.4,90600.0,1346.59832,1769191199999
1769191200000,90600.0,91039.75,90449.42,90530.45,698.45416,1769194799999
1769194800000,90530.44,90534.59,89612.01,89982.79,1118.99851,1769198399999
1769198400000,89982.79,90156.06,89200.68,89503.68,917.72716,1769201999999
1769202000000,89503.67,89691.18,89317.0,89349.99,308.4371,1769205599999
1769205600000,89349.99,89752.45,89335.35,89624.61,406.19522,1769209199999
1769209200000,89624.6,89631.0,89472.13,89600.26,151.87407,1769212799999
1769212800000,89600.26,89625.41,89424.39,89452.83,130.78736,1769216399999
1769216400000,89452.83,89588.72,89450.58,89550.24,118.84415,1769219999999
1769220000000,89550.24,89722.57,89550.24,89702.85,142.98732,1769223599999
1769223600000,89702.85,89957.39,89670.88,89770.02,368.35777,1769227199999
1769227200000,89770.03,89853.38,89709.08,89829.35,167.98668,1769230799999
1769230800000,89829.36,89849.78,89751.21,89775.2,112.02746,1769234399999
1769234400000,89775.2,89784.88,89602.22,89649.32,420.23986,1769237999999
1769238000000,89649.33,89692.31,89572.81,89620.1,254.69309,1769241599999
1769241600000,89620.11,89686.43,89583.02,89660.88,190.29089,1769245199999
1769245200000,89660.88,89660.88,89600.0,89600.0,126.61337,1769248799999
1769248800000,89600.01,89654.79,89577.97,89626.8,82.58886,1769252399999
1769252400000,89626.79,89676.26,89595.4,89595.4,114.10267,1769255999999
1769256000000,89595.41,89595.41,89486.87,89537.82,179.07545,1769259599999
1769259600000,89537.82,89540.44,89368.21,89368.22,156.7089,1769263199999
1769263200000,89368.22,89512.05,89171.75,89450.03,346.65964,1769266799999
1769266800000,89450.03,89492.14,89263.64,89275.77,334.47117,1769270399999
1769270400000,89275.77,89369.79,89162.08,89290.01,235.06029,1769273999999
1769274000000,89290.01,89414.38,89252.93,89406.5,135.14408,1769277599999
1769277600000,89406.5,89461.4,89382.05,89395.23,84.40453,1769281199999
1769281200000,89395.22,89395.23,89276.58,89331.36,105.47816,1769284799999
1769284800000,89331.36,89399.99,89331.35,89380.01,46.43346,1769288399999
1769288400000,89380.0,89386.61,89270.0,89386.61,99.49846,1769291999999
1769292000000,89386.61,89489.84,89304.85,89430.0,137.03504,1769295599999
1769295600000,89429.99,89474.65,89215.59,89225.34,137.07871,1769299199999
1769299200000,89225.34,89315.18,89183.49,89315.18,121.64277,1769302799999
1769302800000,89315.18,89319.13,89102.58,89176.31,180.68432,1769306399999
1769306400000,89176.31,89268.36,89129.62,89139.04,174.6544,1769309999999
1769310000000,89139.04,89176.72,88838.72,88960.35,472.84604,1769313599999
1769313600000,88960.36,89090.13,88941.03,89006.96,349.85772,1769317199999
1769317200000,89006.97,89045.44,88870.45,88990.9,204.95163,1769320799999
1769320800000,88990.89,88990.9,88649.98,88831.36,567.42395,1769324399999
1769324400000,88831.36,88831.36,88635.84,88659.99,242.80483,1769327999999
1769328000000,88659.99,88760.0,88136.0,88300.01,461.92857,1769331599999
1769331600000,88300.0,88488.0,88238.5,88398.38,288.59867,1769335199999
1769335200000,88398.38,88671.27,88398.37,88659.51,354.58647,1769338799999
1769338800000,88659.52,88710.0,88536.11,88570.17,171.64836,1769342399999
1769342400000,88570.17,88800.0,88450.0,88791.99,329.09813,1769345999999
1769346000000,88791.98,88971.89,88650.98,88921.0,278.06,1769349599999
1769349600000,88920.99,88938.94,88624.55,88710.1,293.57615,1769353199999
1769353200000,88710.1,88760.35,88340.75,88446.5,370.5229,1769356799999
1769356800000,88446.51,88448.85,87560.0,88077.26,1878.84709,1769360399999
1769360400000,88077.25,88108.24,87767.18,87892.17,467.38462,1769363999999
1769364000000,87892.16,87983.29,86827.1,87420.01,1893.52035,1769367599999
1769367600000,87420.01,87508.15,86194.85,86495.16,1925.07483,1769371199999
1769371200000,86495.17,86718.75,86222.02,86654.61,753.5591,1769374799999
1769374800000,86654.6,87013.79,86400.0,86568.5,666.32154,1769378399999
1769378400000,86568.51,86694.78,86217.32,86521.39,849.36578,1769381999999
1769382000000,86521.39,86791.91,86074.72,86670.36,1129.26197,1769385599999
1769385600000,86670.36,87167.84,86509.63,86854.86,788.16762,1769389199999
1769389200000,86854.86,87809.99,86815.37,87698.73,1118.1087,1769392799999
1769392800000,87698.74,87973.11,87435.18,87563.38,1015.63506,1769396399999
1769396400000,87563.39,87691.41,87062.76,87282.05,1083.65608,1769399999999
1769400000000,87282.04,87953.0,87244.27,87737.06,1109.49828,1769403599999
1769403600000,87737.06,87956.27,87673.12,87826.01,765.12364,1769407199999
1769407200000,87826.01,88031.73,87764.0,87937.44,915.62979,1769410799999
1769410800000,87937.45,88074.48,87701.72,88000.64,768.40988,1769414399999
1769414400000,88000.64,88424.45,87846.89,87975.39,790.54723,1769417999999
1769418000000,87975.39,88000.0,87600.69,87663.12,543.28474,1769421599999
1769421600000,87663.12,87950.0,87660.0,87897.55,242.4813,1769425199999
1769425200000,87897.55,87980.0,87765.99,87855.0,244.05793,1769428799999
1769428800000,87855.01,87971.99,87735.38,87799.45,288.85651,1769432399999
1769432400000,87799.44,88048.0,87681.4,87960.01,556.52991,1769435999999
1769436000000,87960.01,88508.41,87450.08,88178.1,1822.59356,1769439599999
1769439600000,88178.09,88860.0,87325.03,87641.41,1769.32177,1769443199999
1769443200000,87641.41,87964.6,87206.0,87606.99,686.77865,1769446799999
1769446800000,87607.0,87789.47,87035.51,87700.62,580.63374,1769450399999
1769450400000,87700.61,88403.73,87639.26,88403.72,550.84106,1769453999999
1769454000000,88403.73,88537.95,87950.0,88013.19,515.97407,1769457599999
1769457600000,88013.19,88118.0,87542.05,87629.22,428.9526,1769461199999
1769461200000,87629.23,88238.29,87573.35,88064.69,392.85938,1769464799999
1769464800000,88064.69,88270.29,88001.75,88140.01,324.81747,1769468399999
1769468400000,88140.01,88659.09,88021.86,88347.08,463.75556,1769471999999
1769472000000,88347.08,88457.3,88200.0,88353.97,302.20293,1769475599999
1769475600000,88353.97,88700.0,88194.82,88550.61,340.87375,1769479199999
1769479200000,88550.61,88858.96,88550.61,88831.6,479.8981,1769482799999
1769482800000,88831.59,88898.0,88582.57,88788.0,526.26275,1769486399999
1769486400000,88787.99,89010.0,88511.88,88579.58,508.81601,1769489999999
1769490000000,88579.58,88586.26,88399.99,88456.3,306.33125,1769493599999
1769493600000,88456.31,88522.86,88278.03,88332.67,277.06987,1769497199999
1769497200000,88332.68,88555.14,88312.6,88320.41,356.10224,1769500799999
1769500800000,88320.41,88397.85,88120.04,88170.82,305.95946,1769504399999
1769504400000,88170.83,88170.83,87868.0,87886.82,501.6008,1769507999999
1769508000000,87886.82,88055.75,87743.84,87786.53,315.39119,1769511599999
1769511600000,87786.53,88093.19,87743.52,87992.74,339.68763,1769515199999
1769515200000,87992.74,88165.24,87955.98,87986.96,497.99816,1769518799999
1769518800000,87986.96,88076.82,87799.2,87982.15,400.06912,1769522399999
1769522400000,87982.15,88474.23,87659.23,87745.02,762.91064,1769525999999
1769526000000,87745.02,88189.44,87578.67,88047.46,838.96558,1769529599999
1769529600000,88047.46,88819.89,88002.57,88641.44,1128.77578,1769533199999
1769533200000,88641.43,88699.45,87304.33,87546.58,1183.80567,1769536799999
1769536800000,87546.58,88510.15,87450.0,88285.05,865.62099,1769540399999
1769540400000,88285.05,88549.32,88049.89,88408.77,469.70931,1769543999999
1769544000000,88408.78,89497.19,88373.49,89396.16,1024.56489,1769547599999
1769547600000,89396.03,89523.16,89008.75,89081.46,689.88066,1769551199999
1769551200000,89081.47,89421.91,89021.61,89243.63,281.54432,1769554799999
1769554800000,89243.63,89515.78,89143.92,89250.0,421.36315,1769558399999
1769558400000,89249.99,89468.01,89154.8,89467.72,258.84583,1769561999999
1769562000000,89467.73,89497.96,89196.87,89404.57,267.52883,1769565599999
1769565600000,89404.57,89453.89,89100.01,89285.77,214.15071,1769569199999
1769569200000,89285.78,89311.87,88985.0,89126.67,353.861,1769572799999
1769572800000,89126.68,89160.0,88840.0,88975.04,312.10964,1769576399999
1769576400000,88975.03,89105.56,88849.0,89084.1,326.80822,1769579999999
1769580000000,89084.1,89400.0,89084.1,89317.47,340.81001,1769583599999
1769583600000,89317.47,89358.51,89099.81,89134.35,370.1952,1769587199999
1769587200000,89134.35,89258.02,88833.65,88925.47,515.45435,1769590799999
1769590800000,88925.47,89567.26,88849.99,89567.25,490.95043,1769594399999
1769594400000,89567.25,89703.87,89330.22,89403.77,688.45427,1769597999999
1769598000000,89403.76,90156.72,89313.13,90080.0,1092.21486,1769601599999
1769601600000,90079.99,90176.88,89790.0,89998.69,946.78783,1769605199999
1769605200000,89998.69,90488.0,89969.42,90257.91,1485.47795,1769608799999
1769608800000,90257.91,90276.78,89460.01,89617.27,997.73721,1769612399999
1769612400000,89617.27,89849.75,88904.61,89479.66,998.88376,1769615999999
1769616000000,89479.66,89830.0,89248.61,89629.66,744.86311,1769619599999
1769619600000,89629.66,90600.0,89277.21,90169.88,923.32635,1769623199999
1769623200000,90169.89,90178.91,89312.88,89546.24,748.51147,1769626799999
1769626800000,89544.0,89719.58,89006.36,89402.58,893.3832,1769630399999
1769630400000,89402.57,89896.0,89010.0,89130.63,590.94624,1769633999999
1769634000000,89130.63,89490.24,88878.01,89412.17,381.49994,1769637599999
1769637600000,89412.18,89479.04,89138.0,89396.15,156.23518,1769641199999
1769641200000,89396.15,89471.41,89209.48,89299.99,233.14943,1769644799999
1769644800000,89300.0,89348.0,88900.0,89143.91,431.21285,1769648399999
1769648400000,89143.92,89159.99,88548.87,88603.56,624.81108,1769651999999
1769652000000,88603.56,88754.64,87704.0,87907.06,1097.35161,1769655599999
1769655600000,87907.05,88265.39,87771.3,88053.71,769.73434,1769659199999
1769659200000,88053.71,88345.66,87901.23,88315.2,311.3438,1769662799999
1769662800000,88315.2,88408.08,88142.66,88186.54,354.31355,1769666399999
1769666400000,88186.53,88338.67,88168.9,88319.35,284.51762,1769669999999
1769670000000,88319.35,88430.05,88250.0,88352.97,526.73614,1769673599999
1769673600000,88352.96,88500.0,87907.8,88064.16,823.67262,1769677199999
1769677200000,88064.16,88160.0,87892.0,87892.01,372.84765,1769680799999
1769680800000,87892.0,88046.59,87832.18,87946.46,575.41561,1769684399999
1769684400000,87946.47,88066.94,87750.01,87846.5,527.10516,1769687999999
1769688000000,87846.5,88121.29,87817.97,88121.21,516.69113,1769691599999
1769691600000,88121.21,88182.29,87951.67,88052.88,283.13252,1769695199999
1769695200000,88052.87,88075.23,87008.0,87014.4,1065.77381,1769698799999
1769698800000,87014.4,87039.51,84366.56,84934.02,8241.9564,1769702399999
1769702400000,84934.02,85392.2,84268.17,85270.0,4076.75879,1769705999999
1769706000000,85270.01,85638.3,84012.78,84261.66,2652.67947,1769709599999
1769709600000,84261.66,84630.55,83415.0,83477.02,2305.76692,1769713199999
1769713200000,83477.02,84334.97,83383.33,84012.11,1752.68525,1769716799999
1769716800000,84012.11,84398.36,83824.9,84216.91,1089.07114,1769720399999
1769720400000,84216.91,84706.32,84200.0,84526.57,780.67473,1769723999999
1769724000000,84526.57,84615.74,84306.24,84570.05,335.13893,1769727599999
1769727600000,84570.04,84737.69,84445.7,84650.16,631.99089,1769731199999
1769731200000,84650.16,84735.75,84100.0,84192.0,730.18491,1769734799999
1769734800000,84192.0,84192.01,81118.0,82468.02,6080.28823,1769738399999
1769738400000,82468.01,82535.89,81154.0,82164.88,3963.98084,1769741999999
1769742000000,82164.88,82738.89,82036.35,82676.43,1470.66915,1769745599999
1769745600000,82676.42,83332.2,82676.42,82938.92,1147.37787,1769749199999
1769749200000,82938.92,83329.36,82903.23,82914.19,818.20759,1769752799999
1769752800000,82914.2,82919.21,82056.08,82602.81,1199.37024,1769756399999
1769756400000,82602.81,83100.0,82483.27,82816.98,1624.46252,1769759999999
1769760000000,82816.98,82995.41,82438.8,82671.7,959.74241,1769763599999
1769763600000,82671.7,82834.19,82160.0,82363.72,1026.26025,1769767199999
1769767200000,82363.71,82897.41,82172.02,82833.92,661.3904,1769770799999
1769770800000,82833.92,83314.85,82682.15,83151.36,607.68303,1769774399999
1769774400000,83151.36,83329.35,82650.0,82800.5,693.0162,1769777999999
1769778000000,82800.49,83087.34,82421.64,82740.92,760.57185,1769781599999
1769781600000,82740.93,83797.99,82738.68,83098.0,1785.40114,1769785199999
1769785200000,83098.0,83616.46,82382.01,82883.94,1512.89136,1769788799999
1769788800000,82882.84,83493.6,82549.35,83149.0,956.54558,1769792399999
1769792400000,83149.0,83475.8,82641.6,82943.23,1094.09504,1769795999999
1769796000000,82943.23,84160.0,81871.37,83931.13,2213.77003,1769799599999
1769799600000,83931.13,84621.16,83917.36,84242.99,1851.84536,1769803199999
1769803200000,84243.0,84299.99,83539.2,83906.34,2390.62988,1769806799999
1769806800000,83906.34,84523.11,83790.44,84273.7,835.94444,1769810399999
1769810400000,84273.71,84327.06,83918.42,84219.99,454.50219,1769813999999
1769814000000,84220.0,84298.96,83933.82,84260.49,357.01742,1769817599999
1769817600000,84260.5,84270.02,84014.01,84067.83,380.99765,1769821199999
1769821200000,84067.83,84266.22,83908.0,83999.99,474.79523,1769824799999
1769824800000,84000.0,84183.42,83815.02,84130.01,514.80351,1769828399999
1769828400000,84130.01,84232.0,84022.69,84022.69,356.74317,1769831999999
1769832000000,84022.7,84146.22,83941.43,83992.45,214.26773,1769835599999
1769835600000,83992.44,84097.37,83903.7,84000.01,249.62585,1769839199999
1769839200000,84000.01,84050.51,83638.4,83786.09,407.33324,1769842799999
1769842800000,83786.09,83805.02,83404.67,83546.81,478.7189,1769846399999
1769846400000,83546.82,83629.08,82560.75,83074.07,1142.87539,1769849999999
1769850000000,83074.08,83300.0,82894.0,83109.1,471.08907,1769853599999
1769853600000,83109.1,83203.26,82917.32,83160.0,515.13254,1769857199999
1769857200000,83160.0,83160.0,82851.97,83020.0,279.69189,1769860799999
1769860800000,83020.0,83140.0,82720.0,82762.0,537.57574,1769864399999
1769864400000,82761.99,82919.29,82478.59,82767.99,539.85854,1769867999999
1769868000000,82768.0,82928.2,80825.76,81479.99,4166.24097,1769871599999
1769871600000,81480.0,81789.68,81088.0,81302.15,1568.15407,1769875199999
1769875200000,81302.16,82200.0,80098.01,80365.04,5113.56418,1769878799999
1769878800000,80365.05,80550.74,78159.9,78893.92,6669.26832,1769882399999
1769882400000,78893.92,79143.64,75719.9,78038.38,7783.32311,1769885999999
1769886000000,78038.39,78576.3,77194.0,77750.01,2463.45994,1769889599999
1769889600000,77750.01,78141.95,77092.34,77999.03,1378.50317,1769893199999
1769893200000,77999.02,78365.02,77372.69,78292.0,1330.5666,1769896799999
1769896800000,78292.0,78499.94,78000.0,78155.17,902.43744,1769900399999
1769900400000,78155.16,79240.0,78078.67,78741.09,1552.86508,1769903999999
1769904000000,78741.1,79424.0,78644.09,78902.31,1738.02598,1769907599999
1769907600000,78902.31,78943.62,78284.0,78532.17,1163.10084,1769911199999
1769911200000,78532.32,79060.44,78378.0,78900.01,762.94469,1769914799999
1769914800000,78900.01,79008.36,78666.73,78868.28,594.31033,1769918399999
1769918400000,78868.29,79119.3,78720.97,78971.75,441.04188,1769921999999
1769922000000,78973.22,79006.0,78527.13,78620.91,744.7428,1769925599999
1769925600000,78620.9,78824.1,78266.63,78300.0,568.62406,1769929199999
1769929200000,78300.01,78724.01,77967.69,78343.0,808.74546,1769932799999
1769932800000,78343.0,78863.0,78252.64,78604.02,567.72389,1769936399999
1769936400000,78604.02,79136.1,78551.15,79034.45,479.76229,1769939999999
1769940000000,79034.45,79220.72,78148.1,78279.73,863.43565,1769943599999
1769943600000,78279.73,78877.89,78279.72,78743.56,539.38656,1769947199999
1769947200000,78743.57,78760.0,78244.0,78459.67,620.90729,1769950799999
1769950800000,78459.68,78768.68,78203.21,78317.51,482.47432,1769954399999
1769954400000,78317.51,78520.0,77236.68,78211.12,1658.37078,1769957999999
1769958000000,78211.12,78254.2,76761.98,77593.4,2045.87767,1769961599999
1769961600000,77593.4,77838.48,77087.76,77494.77,1084.57336,1769965199999
1769965200000,77494.77,77748.0,77300.0,77745.32,549.82327,1769968799999
1769968800000,77745.33,78443.1,77727.27,78029.28,791.63632,1769972399999
1769972400000,78029.29,78106.1,77000.01,77174.78,457.49789,1769975999999
1769976000000,77174.77,77740.91,76606.0,77103.04,1125.71882,1769979599999
1769979600000,77103.04,77161.26,76359.87,76526.03,1221.6059,1769983199999
1769983200000,76526.03,77779.63,76456.78,77249.31,1235.13318,1769986799999
1769986800000,77249.31,77610.72,75700.0,76968.21,4850.01845,1769990399999
1769990400000,76968.22,78231.26,76606.39,77672.61,1960.16053,1769993999999
1769994000000,77672.61,77942.28,76619.69,77518.87,1238.02224,1769997599999
1769997600000,77518.87,77555.62,76449.84,76491.17,1406.18164,1770001199999
1770001200000,76491.18,76575.93,74604.0,76292.98,6845.40126,1770004799999
1770004800000,76292.98,76621.28,75335.9,75894.15,2387.03559,1770008399999
1770008400000,75894.15,75999.99,74911.14,75502.1,2327.56014,1770011999999
1770012000000,75502.1,76834.71,74957.51,76549.32,3207.27225,1770015599999
1770015600000,76549.32,76958.0,76327.9,76660.79,1646.53051,1770019199999
1770019200000,76660.78,77191.15,76628.28,76881.28,1422.14452,1770022799999
1770022800000,76881.28,77815.0,76652.0,77725.33,2196.40917,1770026399999
1770026400000,77725.33,77876.69,77474.85,77504.54,1049.86427,1770029999999
1770030000000,77504.54,77970.62,77451.11,77759.99,983.08962,1770033599999
1770033600000,77760.0,78434.0,77706.0,77988.51,1103.97039,1770037199999
1770037200000,77988.5,78458.0,77800.0,78224.79,960.76337,1770040799999
1770040800000,78224.8,78885.0,77626.44,77844.79,2220.07608,1770044399999
1770044400000,77844.78,79360.0,77564.62,78850.06,3238.00821,1770047999999
1770048000000,78850.06,79288.28,78584.0,78634.76,1987.74899,1770051599999
1770051600000,78634.75,79213.99,78603.93,78988.64,1407.01094,1770055199999
1770055200000,78988.65,78988.65,78369.13,78569.84,992.65857,1770058799999
1770058800000,78569.83,78697.99,78283.27,78341.5,1074.65868,1770062399999
1770062400000,78341.5,78667.38,77888.0,78008.59,902.54602,1770065999999
1770066000000,78008.59,78552.76,77922.0,78532.06,507.24426,1770069599999
1770069600000,78532.07,78853.35,78528.21,78795.2,488.24484,1770073199999
1770073200000,78795.2,78962.78,78560.0,78738.61,720.98807,1770076799999
1770076800000,78738.6,79099.99,78408.05,79065.24,994.28607,1770080399999
1770080400000,79065.24,79186.81,78716.79,79017.63,990.1874,1770083999999
1770084000000,79017.64,79017.64,77800.0,77808.01,959.76758,1770087599999
1770087600000,77808.02,78907.18,77644.09,78753.32,1068.28743,1770091199999
1770091200000,78753.32,78999.99,78488.0,78798.39,719.00577,1770094799999
1770094800000,78798.38,78809.78,78218.98,78240.45,581.74505,1770098399999
1770098400000,78240.45,78665.91,77950.0,78594.17,881.03721,1770101999999
1770102000000,78594.01,78923.93,78488.01,78794.67,705.05984,1770105599999
1770105600000,78794.67,79084.29,78464.6,78747.96,840.3253,1770109199999
1770109200000,78747.96,78841.35,77950.0,78400.01,972.9435,1770112799999
1770112800000,78400.01,78560.0,78070.0,78120.36,505.87116,1770116399999
1770116400000,78120.36,78349.24,78004.08,78079.5,475.83471,1770119999999
1770120000000,78079.5,78416.9,78000.0,78330.26,933.6271,1770123599999
1770123600000,78330.26,78458.89,78187.91,78307.65,529.49211,1770127199999
1770127200000,78307.65,78434.61,77156.24,77201.22,2011.4149,1770130799999
1770130800000,77201.21,78196.83,77055.54,78132.33,2069.08407,1770134399999
1770134400000,78132.34,78134.53,76400.0,76488.08,3199.23624,1770137999999
1770138000000,76488.08,76525.44,74882.28,74915.79,3210.53566,1770141599999
1770141600000,74915.79,75302.76,73137.66,73139.13,8932.04301,1770145199999
1770145200000,73139.12,75291.1,72945.5,74935.0,3497.82279,1770148799999
1770148800000,74935.0,76721.25,74586.54,76475.52,2122.86901,1770152399999
1770152400000,76475.53,76960.0,76124.05,76239.43,1110.97152,1770155999999
1770156000000,76239.43,76299.19,75406.79,75708.83,1013.97922,1770159599999
1770159600000,75708.82,76000.0,75428.16,75770.21,794.68224,1770163199999
1770163200000,75770.21,76264.0,75467.22,75910.88,730.62893,1770166799999
1770166800000,75910.88,76798.12,75910.88,76423.73,952.72942,1770170399999
1770170400000,76423.73,76610.04,75707.41,75963.35,853.38888,1770173999999
1770174000000,75963.35,76971.52,75906.05,76698.17,1036.93598,1770177599999
1770177600000,76698.17,76830.69,76413.64,76479.75,577.39018,1770181199999
1770181200000,76479.75,76526.8,76105.3,76279.99,1056.73491,1770184799999
1770184800000,76280.0,76780.0,76259.9,76652.68,609.34015,1770188399999
1770188400000,76652.68,76657.31,76335.46,76514.3,593.58526,1770191999999
1770192000000,76514.3,76600.0,76068.69,76587.26,736.19473,1770195599999
1770195600000,76587.26,76607.69,75967.1,76119.0,632.82215,1770199199999
1770199200000,76119.0,76338.65,76069.0,76302.1,440.91077,1770202799999
1770202800000,76302.1,76302.1,75666.0,76017.25,1102.73317,1770206399999
1770206400000,76017.25,76260.85,76000.0,76180.85,942.91713,1770209999999
1770210000000,76180.84,76186.98,74867.0,74867.0,1563.62436,1770213599999
1770213600000,74867.0,75769.23,74256.0,74359.53,2801.90282,1770217199999
1770217200000,74359.53,75328.28,73794.11,74136.36,3644.50098,1770220799999
1770220800000,74136.48,74249.83,73076.92,73636.01,3089.62892,1770224399999
1770224400000,73635.63,73863.92,72169.0,72576.08,5764.80542,1770227999999
1770228000000,72576.08,74140.0,72273.68,73425.96,3480.01439,1770231599999
1770231600000,73425.97,74007.28,73041.41,73923.29,1609.77508,1770235199999
1770235200000,73923.3,74144.0,73425.56,73516.3,1052.61663,1770238799999
1770238800000,73516.3,73654.0,72210.0,72799.99,1379.23839,1770242399999
1770242400000,72800.0,73680.0,71888.0,72543.38,2426.62344,1770245999999
1770246000000,72543.38,73520.59,72468.12,73165.83,1296.31791,1770249599999
1770249600000,73165.84,73325.6,72754.21,72868.02,1031.56586,1770253199999
1770253200000,72868.02,73341.18,71995.09,72421.26,1796.49365,1770256799999
1770256800000,72421.26,72854.39,71305.55,71454.44,2979.51665,1770260399999
1770260400000,71454.44,71884.47,71152.78,71223.25,2548.86017,1770263999999
1770264000000,71223.25,71437.68,70701.0,70888.08,4293.99043,1770267599999
1770267600000,70888.09,71150.16,70140.0,70732.72,4302.51294,1770271199999
1770271200000,70732.73,70984.62,70434.05,70951.51,2020.09726,1770274799999
1770274800000,70951.51,71622.82,70644.73,70756.85,2612.40429,1770278399999
1770278400000,70756.86,71550.0,70683.58,71054.99,1815.06036,1770281999999
1770282000000,71054.99,71978.58,71049.35,71550.0,1842.40706,1770285599999
1770285600000,71549.99,71726.79,70656.59,70858.13,1618.18196,1770289199999
1770289200000,70858.13,71063.94,69922.0,70318.35,4107.09256,1770292799999
1770292800000,70318.35,70603.49,69163.0,69563.57,5331.37678,1770296399999
1770296400000,69563.56,69831.85,69261.11,69688.94,2587.65964,1770299999999
1770300000000,69688.94,70872.04,69285.71,69404.76,3459.24538,1770303599999
1770303600000,69404.75,69616.29,66720.15,67489.07,13836.57347,1770307199999
1770307200000,67489.08,68681.81,66955.34,68295.15,5860.78146,1770310799999
1770310800000,68295.15,68374.79,66152.0,66181.69,6127.2285,1770314399999
1770314400000,66181.68,66542.87,65385.0,66347.0,5703.68497,1770317999999
1770318000000,66347.01,66637.46,65200.0,65265.65,3605.53717,1770321599999
1770321600000,65265.66,65700.0,62345.0,63775.67,13269.97533,1770325199999
1770325200000,63775.66,64775.0,62888.34,63213.34,6727.66673,1770328799999
1770328800000,63213.34,64615.88,62690.9,63907.86,4776.16051,1770332399999
1770332400000,63907.86,64908.0,62717.48,62909.86,4044.75586,1770335999999
1770336000000,62909.87,63861.87,60000.0,63509.39,15965.67588,1770339599999
1770339600000,63509.4,65760.0,63509.39,65714.96,6085.05108,1770343199999
1770343200000,65714.96,66010.0,64201.28,64990.1,4172.0595,1770346799999
1770346800000,64990.11,65172.13,63770.17,64168.33,2757.61679,1770350399999
1770350400000,64168.33,65000.0,63914.62,64905.84,2678.77331,1770353999999
1770354000000,64905.54,66826.5,64800.01,66408.11,3077.34633,1770357599999
1770357600000,66408.11,66800.0,64856.88,64988.26,3562.00258,1770361199999
1770361200000,64988.26,65543.79,64654.11,64856.0,3886.24107,1770364799999
1770364800000,64856.0,65206.11,64500.0,64895.05,2403.94942,1770368399999
1770368400000,64895.04,66163.0,64764.7,65799.55,2736.04998,1770371999999
1770372000000,65799.55,66220.0,65550.0,65967.51,2067.37547,1770375599999
1770375600000,65967.51,66755.13,65772.17,66631.32,2445.47098,1770379199999
1770379200000,66631.32,66631.32,66114.49,66557.93,1895.66919,1770382799999
1770382800000,66557.93,67690.7,66480.82,67316.82,4063.76595,1770386399999
1770386400000,67316.82,68647.45,66629.36,68194.89,5594.57909,1770389999999
1770390000000,68194.9,69192.0,67772.0,68626.0,6052.81042,1770393599999
1770393600000,68625.99,70224.62,68428.19,69954.01,6892.60997,1770397199999
1770397200000,69954.01,71500.0,69593.43,70753.53,5224.54006,1770400799999
1770400800000,70753.53,70816.0,69340.91,69776.68,3217.47319,1770404399999
