open_ms,open,high,low,close,volume,close_ms
1766808000000,2933.39,2934.0,2928.23,2930.6,2191.8644,1766811599999
1766811600000,2930.6,2931.88,2928.71,2931.31,1886.7576,1766815199999
1766815200000,2931.31,2931.32,2928.11,2929.99,1427.9543,1766818799999
1766818800000,2930.0,2938.0,2929.99,2933.27,4073.0459,1766822399999
1766822400000,2933.27,2937.13,2933.27,2934.46,2780.0083,1766825999999
1766826000000,2934.46,2940.79,2931.96,2934.9,6323.4524,1766829599999
1766829600000,2934.9,2935.08,2917.25,2926.85,9424.8422,1766833199999
1766833200000,2926.85,2933.5,2923.24,2930.88,4463.7836,1766836799999
1766836800000,2930.88,2933.85,2929.02,2931.96,3313.4376,1766840399999
1766840400000,2931.96,2932.67,2925.25,2929.79,2162.9262,1766843999999
1766844000000,2929.79,2931.09,2925.91,2929.79,2500.0472,1766847599999
1766847600000,2929.79,2930.62,2926.28,2926.5,3683.1617,1766851199999
1766851200000,2926.5,2928.88,2917.13,2920.56,5650.2996,1766854799999
1766854800000,2920.55,2928.89,2919.88,2928.33,2657.4275,1766858399999
1766858400000,2928.32,2928.33,2925.0,2926.23,1354.2637,1766861999999
1766862000000,2926.23,2930.82,2925.99,2930.82,2730.4653,1766865599999
1766865600000,2930.81,2934.91,2929.36,2929.48,3928.1103,1766869199999
1766869200000,2929.48,2935.12,2928.89,2935.11,2544.2052,1766872799999
1766872800000,2935.11,2953.86,2930.05,2933.27,10501.1721,1766876399999
1766876400000,2933.26,2960.89,2933.0,2949.05,8938.7643,1766879999999
1766880000000,2949.05,2951.86,2943.23,2945.5,7261.4463,1766883599999
1766883600000,2945.51,2950.15,2941.14,2944.32,2572.7033,1766887199999
1766887200000,2944.32,2950.0,2943.06,2947.3,1777.424,1766890799999
1766890800000,2947.29,2948.4,2941.79,2943.58,2262.6501,1766894399999
1766894400000,2943.57,2947.07,2938.43,2938.98,2474.6649,1766897999999
1766898000000,2938.98,2941.01,2929.5,2935.05,5414.5624,1766901599999
1766901600000,2935.04,2944.02,2934.87,2942.68,2538.3541,1766905199999
1766905200000,2942.69,2942.99,2936.89,2939.0,1872.5759,1766908799999
1766908800000,2938.99,2947.34,2938.26,2939.7,2467.7676,1766912399999
1766912400000,2939.7,2944.02,2931.56,2937.82,3724.421,1766915999999
1766916000000,2937.82,2944.89,2936.87,2943.34,4826.6051,1766919599999
1766919600000,2943.35,2947.19,2939.99,2944.09,7683.7859,1766923199999
1766923200000,2944.09,2945.2,2937.78,2939.44,6029.203,1766926799999
1766926800000,2939.45,2945.12,2938.99,2940.42,7406.9172,1766930399999
1766930400000,2940.42,2955.64,2939.75,2945.69,11666.4344,1766933999999
1766934000000,2945.7,2961.23,2945.67,2949.46,8567.1165,1766937599999
1766937600000,2949.47,2954.72,2940.2,2942.72,5705.1243,1766941199999
1766941200000,2942.72,2951.0,2942.65,2945.89,4282.2861,1766944799999
1766944800000,2945.88,2946.32,2924.54,2931.31,13747.0116,1766948399999
1766948400000,2931.31,2940.0,2926.49,2933.61,5795.8466,1766951999999
1766952000000,2933.6,2937.76,2930.34,2932.37,4036.4103,1766955599999
1766955600000,2932.36,2939.34,2928.89,2938.28,4229.7442,1766959199999
1766959200000,2938.29,2955.5,2935.21,2950.2,5193.5936,1766962799999
1766962800000,2950.19,2954.42,2940.36,2950.91,7297.4906,1766966399999
1766966400000,2950.91,2977.51,2944.54,2966.77,18122.1578,1766969999999
1766970000000,2966.77,2986.67,2952.9,2980.95,19759.3808,1766973599999
1766973600000,2980.96,3018.3,2980.96,3003.9,32409.2906,1766977199999
1766977200000,3003.9,3048.45,3002.87,3043.75,31704.535,1766980799999
1766980800000,3043.75,3057.78,3039.4,3040.06,37182.0178,1766984399999
1766984400000,3040.06,3045.43,3032.47,3037.54,24923.9249,1766987999999
1766988000000,3037.55,3045.01,3032.15,3036.36,19268.5354,1766991599999
1766991600000,3036.36,3039.01,3010.74,3019.51,21656.4681,1766995199999
1766995200000,3019.51,3026.51,3011.68,3014.38,8292.8625,1766998799999
1766998800000,3014.39,3016.08,2956.89,2976.65,43836.2996,1767002399999
1767002400000,2976.66,2983.82,2960.99,2966.33,16734.8001,1767005999999
1767006000000,2966.32,2967.52,2958.14,2959.91,15965.2043,1767009599999
1767009600000,2959.9,2959.9,2910.25,2930.95,54546.9074,1767013199999
1767013200000,2930.95,2938.17,2920.0,2927.41,14345.6964,1767016799999
1767016800000,2927.4,2965.85,2917.08,2928.5,32189.6025,1767020399999
1767020400000,2928.5,2950.84,2920.0,2935.75,18780.3834,1767023999999
1767024000000,2935.75,2943.07,2925.17,2936.5,11132.4401,1767027599999
1767027600000,2936.5,2943.68,2926.65,2943.68,8765.493,1767031199999
1767031200000,2943.68,2946.0,2914.03,2919.81,18897.6285,1767034799999
1767034800000,2919.81,2942.0,2918.13,2932.48,13112.8602,1767038399999
1767038400000,2932.47,2942.66,2926.04,2929.77,10968.729,1767041999999
1767042000000,2929.76,2939.32,2929.12,2937.33,3820.8694,1767045599999
1767045600000,2937.32,2944.23,2930.91,2938.16,5223.7456,1767049199999
1767049200000,2938.16,2944.24,2932.71,2937.9,4319.35,1767052799999
1767052800000,2937.91,2942.0,2931.84,2937.99,4647.8678,1767056399999
1767056400000,2937.99,2939.34,2925.02,2936.65,4356.2399,1767059999999
1767060000000,2936.65,2939.72,2923.48,2928.08,6139.8033,1767063599999
1767063600000,2928.08,2956.0,2919.44,2951.91,14932.6453,1767067199999
1767067200000,2951.92,2959.0,2945.75,2946.19,11759.2978,1767070799999
1767070800000,2946.19,2948.44,2937.39,2941.74,5485.9364,1767074399999
1767074400000,2941.74,2951.61,2940.5,2945.84,4456.8462,1767077999999
1767078000000,2945.84,2955.78,2945.47,2950.79,4812.233,1767081599999
1767081600000,2950.79,3003.66,2950.2,2977.6,31575.8493,1767085199999
1767085200000,2977.61,2988.53,2971.15,2985.45,10060.0404,1767088799999
1767088800000,2985.45,2988.57,2973.35,2977.19,9773.5289,1767092399999
1767092400000,2977.2,2984.36,2973.58,2978.88,7643.9378,1767095999999
1767096000000,2978.88,2986.0,2976.57,2980.88,7248.6461,1767099599999
1767099600000,2980.89,2991.84,2978.85,2986.69,12712.8013,1767103199999
1767103200000,2986.69,3009.8,2958.88,2996.22,46773.5786,1767106799999
1767106800000,2996.21,3002.48,2970.01,2989.77,27007.7472,1767110399999
1767110400000,2989.78,2995.28,2974.5,2982.76,14503.6063,1767113999999
1767114000000,2982.76,2987.0,2965.92,2976.82,11896.0894,1767117599999
1767117600000,2976.82,2979.0,2960.28,2971.63,10561.5337,1767121199999
1767121200000,2971.63,2974.6,2944.76,2971.56,17784.429,1767124799999
1767124800000,2971.56,2973.89,2956.49,2958.84,6004.6181,1767128399999
1767128400000,2958.84,2969.44,2954.28,2968.63,5039.141,1767131999999
1767132000000,2968.69,2972.11,2965.55,2969.54,6111.9285,1767135599999
1767135600000,2969.53,2975.96,2967.59,2973.69,5294.9426,1767139199999
1767139200000,2973.69,2973.69,2962.49,2966.4,4597.2409,1767142799999
1767142800000,2966.4,2984.86,2961.89,2980.13,6775.6955,1767146399999
1767146400000,2980.13,2983.6,2974.41,2981.5,4156.1248,1767149999999
1767150000000,2981.5,2984.0,2966.15,2970.69,4792.7895,1767153599999
1767153600000,2970.68,2975.29,2968.92,2969.45,4353.9282,1767157199999
1767157200000,2969.45,2980.0,2969.45,2975.21,4799.2423,1767160799999
1767160800000,2975.21,2978.76,2974.68,2975.63,3810.2813,1767164399999
1767164400000,2975.64,2977.36,2970.15,2976.98,4705.7492,1767167999999
1767168000000,2976.97,2980.01,2963.91,2969.4,10400.8221,1767171599999
1767171600000,2969.39,2977.95,2969.17,2976.89,6013.8396,1767175199999
1767175200000,2976.88,2983.01,2975.55,2981.34,6350.3508,1767178799999
1767178800000,2981.34,3003.64,2980.2,3002.2,31395.4793,1767182399999
1767182400000,3002.2,3003.1,2984.34,2987.25,15688.9092,1767185999999
1767186000000,2987.25,3000.06,2986.44,2997.16,7657.2697,1767189599999
1767189600000,2997.17,3028.08,2981.44,2993.75,32704.6551,1767193199999
1767193200000,2993.74,2994.23,2968.0,2985.76,21315.0984,1767196799999
1767196800000,2985.76,2997.4,2958.91,2976.03,19994.2587,1767200399999
1767200400000,2976.03,2980.42,2968.0,2975.77,7371.8618,1767203999999
1767204000000,2975.77,2985.69,2971.42,2974.33,6565.3999,1767207599999
1767207600000,2974.32,2981.44,2970.27,2971.15,4903.9952,1767211199999
1767211200000,2971.16,2979.89,2963.43,2975.67,12799.9571,1767214799999
1767214800000,2975.67,2984.86,2973.84,2982.25,4307.8441,1767218399999
1767218400000,2982.25,2984.24,2974.42,2977.14,4052.9451,1767221999999
1767222000000,2977.14,2977.14,2970.19,2971.64,4215.8509,1767225599999
1767225600000,2971.65,2982.83,2971.15,2979.81,4485.249,1767229199999
1767229200000,2979.81,2988.96,2979.18,2984.32,5567.1123,1767232799999
1767232800000,2984.33,2987.82,2980.9,2982.49,2432.7484,1767236399999
1767236400000,2982.5,2986.18,2979.53,2980.0,1792.594,1767239999999
1767240000000,2979.99,2980.97,2972.99,2975.35,9657.7273,1767243599999
1767243600000,2975.36,2983.79,2975.36,2981.49,3930.8339,1767247199999
1767247200000,2981.49,2981.49,2975.89,2975.89,5734.3199,1767250799999
1767250800000,2975.9,2980.89,2975.89,2978.53,4796.4934,1767254399999
1767254400000,2978.52,2983.0,2977.8,2982.59,4031.4569,1767257999999
1767258000000,2982.59,2987.41,2982.15,2984.0,4401.4657,1767261599999
1767261600000,2984.0,2985.77,2982.14,2985.0,3019.3844,1767265199999
1767265200000,2984.99,2993.2,2984.99,2989.69,7206.3942,1767268799999
1767268800000,2989.7,2990.45,2983.36,2987.69,5019.2102,1767272399999
1767272400000,2987.7,2990.09,2982.02,2982.96,5342.5982,1767275999999
1767276000000,2982.96,2986.45,2977.74,2985.15,7710.2233,1767279599999
1767279600000,2985.16,2994.87,2980.75,2989.87,6148.7542,1767283199999
1767283200000,2989.87,2990.84,2980.75,2982.29,6839.019,1767286799999
1767286800000,2982.28,3005.98,2980.89,2990.44,12755.5547,1767290399999
1767290400000,2990.44,2992.74,2985.15,2990.41,5776.0082,1767293999999
1767294000000,2990.4,2998.04,2987.23,2995.42,3186.6777,1767297599999
1767297600000,2995.42,2997.15,2987.54,2989.08,3766.7199,1767301199999
1767301200000,2989.09,2993.06,2987.66,2989.66,1999.5442,1767304799999
1767304800000,2989.66,3000.26,2987.57,2999.3,5488.851,1767308399999
1767308400000,2999.29,3010.0,2990.98,3004.19,14999.5807,1767311999999
1767312000000,3004.19,3008.48,2995.38,3006.14,6882.9784,1767315599999
1767315600000,3006.15,3008.08,2998.46,3002.98,3264.9972,1767319199999
1767319200000,3002.99,3003.65,2992.49,3002.29,5269.2052,1767322799999
1767322800000,3002.29,3035.0,3000.0,3022.53,24828.426,1767326399999
1767326400000,3022.53,3024.61,3010.5,3011.84,5497.591,1767329999999
1767330000000,3011.83,3018.63,3009.02,3016.56,4120.9885,1767333599999
1767333600000,3016.55,3039.54,3014.49,3026.9,9842.6599,1767337199999
1767337200000,3026.91,3032.41,3016.89,3018.33,6120.3486,1767340799999
1767340800000,3018.32,3033.88,3015.95,3032.28,7279.3968,1767344399999
1767344400000,3032.27,3055.0,3030.15,3048.15,19823.6005,1767347999999
1767348000000,3048.16,3069.71,3045.71,3057.25,28308.3236,1767351599999
1767351600000,3057.25,3057.91,3040.89,3047.82,11735.5628,1767355199999
1767355200000,3047.81,3057.97,3043.2,3048.67,7848.8446,1767358799999
1767358800000,3048.66,3058.42,3046.35,3050.27,7997.0742,1767362399999
1767362400000,3050.28,3109.0,3020.79,3082.85,57032.8876,1767365999999
1767366000000,3082.84,3097.65,3055.13,3086.64,30900.8484,1767369599999
1767369600000,3086.64,3146.97,3079.23,3132.22,50753.0693,1767373199999
1767373200000,3132.21,3150.01,3110.83,3123.0,24779.0727,1767376799999
1767376800000,3122.99,3132.2,3097.13,3110.56,18137.1942,1767380399999
1767380400000,3110.56,3127.87,3107.62,3123.62,9841.9038,1767383999999
1767384000000,3123.63,3129.75,3111.52,3117.99,9535.6153,1767387599999
1767387600000,3117.99,3134.0,3116.31,3130.96,6009.9315,1767391199999
1767391200000,3130.96,3146.0,3128.09,3133.81,9193.264,1767394799999
1767394800000,3133.82,3135.66,3120.3,3125.45,4887.4608,1767398399999
1767398400000,3125.46,3136.71,3122.26,3131.0,5738.4981,1767401999999
1767402000000,3130.99,3131.85,3123.43,3130.81,3732.5659,1767405599999
1767405600000,3130.81,3130.81,3120.17,3126.27,7958.8383,1767409199999
1767409200000,3126.26,3127.35,3119.26,3125.56,4210.0328,1767412799999
1767412800000,3125.56,3127.79,3115.01,3116.61,4789.1019,1767416399999
1767416400000,3116.61,3119.09,3104.89,3112.12,6080.2688,1767419999999
1767420000000,3112.12,3117.76,3098.34,3098.34,7739.6551,1767423599999
1767423600000,3098.33,3105.31,3076.0,3090.5,19239.551,1767427199999
1767427200000,3090.49,3105.72,3083.86,3095.48,8553.1231,1767430799999
1767430800000,3095.48,3110.56,3091.96,3100.9,6393.7838,1767434399999
1767434400000,3100.9,3105.53,3097.05,3097.31,4433.0978,1767437999999
1767438000000,3097.31,3100.22,3091.99,3098.49,4806.4362,1767441599999
1767441600000,3098.5,3105.58,3093.47,3105.04,5980.5075,1767445199999
1767445200000,3105.04,3107.99,3100.89,3103.03,4362.3509,1767448799999
1767448800000,3103.03,3114.61,3101.5,3106.0,7292.9936,1767452399999
1767452400000,3106.0,3107.5,3100.28,3101.31,3961.679,1767455999999
1767456000000,3101.32,3112.17,3098.33,3107.03,4462.8959,1767459599999
1767459600000,3107.04,3110.42,3105.62,3108.46,2523.7452,1767463199999
1767463200000,3108.47,3118.55,3105.08,3116.46,4373.4844,1767466799999
1767466800000,3116.46,3116.46,3110.5,3113.13,2598.1643,1767470399999
1767470400000,3113.13,3116.89,3107.49,3115.65,2462.8997,1767473999999
1767474000000,3115.65,3129.22,3113.04,3120.87,5840.3585,1767477599999
1767477600000,3120.87,3126.2,3113.92,3122.78,3011.8275,1767481199999
1767481200000,3122.78,3131.0,3120.89,3127.11,3859.3665,1767484799999
1767484800000,3127.11,3167.22,3126.35,3157.75,28748.8277,1767488399999
1767488400000,3157.75,3162.33,3141.5,3150.17,8005.1414,1767491999999
1767492000000,3150.17,3151.02,3137.6,3141.12,5606.2176,1767495599999
1767495600000,3141.12,3150.86,3140.01,3147.36,5954.5189,1767499199999
1767499200000,3147.36,3156.0,3144.89,3148.25,5268.2882,1767502799999
1767502800000,3148.26,3152.3,3144.48,3151.36,3956.3575,1767506399999
1767506400000,3151.36,3163.19,3139.37,3140.0,13249.419,1767509999999
1767510000000,3140.0,3145.92,3133.57,3141.29,16690.5703,1767513599999
1767513600000,3141.29,3141.98,3126.0,3138.61,8448.0071,1767517199999
1767517200000,3138.62,3148.0,3134.9,3143.78,8277.8782,1767520799999
1767520800000,3143.79,3148.3,3142.66,3146.34,3424.696,1767524399999
1767524400000,3146.34,3146.34,3135.32,3139.54,5174.8602,1767527999999
1767528000000,3139.55,3147.26,3133.59,3136.8,6044.623,1767531599999
1767531600000,3136.81,3141.51,3131.8,3140.76,4598.3954,1767535199999
1767535200000,3140.75,3143.3,3132.0,3137.26,6524.909,1767538799999
1767538800000,3137.25,3139.6,3118.75,3135.55,8403.1262,1767542399999
1767542400000,3135.55,3139.97,3131.03,3139.11,4753.0312,1767545999999
1767546000000,3139.12,3143.6,3135.68,3137.5,3540.0791,1767549599999
1767549600000,3137.49,3137.88,3123.01,3135.03,5161.1758,1767553199999
1767553200000,3135.04,3135.14,3118.98,3132.72,8602.0733,1767556799999
1767556800000,3132.72,3143.0,3130.85,3142.09,2949.6664,1767560399999
1767560400000,3142.09,3155.85,3137.75,3145.44,7761.9405,1767563999999
1767564000000,3145.44,3150.36,3136.44,3139.37,4235.2201,1767567599999
1767567600000,3139.37,3153.7,3134.67,3144.7,6197.0465,1767571199999
1767571200000,3144.71,3175.32,3143.54,3168.19,22161.7656,1767574799999
1767574800000,3168.2,3220.82,3163.12,3197.91,38618.7853,1767578399999
1767578400000,3197.92,3204.34,3182.95,3193.07,11742.2877,1767581999999
1767582000000,3193.07,3197.51,3184.61,3185.86,6225.2237,1767585599999
1767585600000,3185.86,3188.35,3157.46,3167.11,15516.768,1767589199999
1767589200000,3167.12,3169.63,3148.0,3149.93,10573.3383,1767592799999
1767592800000,3149.93,3159.11,3135.31,3157.68,13428.5685,1767596399999
1767596400000,3157.68,3163.24,3155.31,3157.33,6874.7564,1767599999999
1767600000000,3157.24,3172.01,3155.73,3163.62,7338.4914,1767603599999
1767603600000,3163.62,3175.17,3153.12,3168.18,12375.3924,1767607199999
1767607200000,3168.17,3179.04,3162.52,3173.19,8789.6241,1767610799999
1767610800000,3173.19,3183.64,3168.21,3180.27,6514.3168,1767614399999
1767614400000,3180.28,3183.91,3166.33,3170.5,6171.7807,1767617999999
1767618000000,3170.51,3175.32,3143.67,3154.39,14946.3894,1767621599999
1767621600000,3154.39,3178.34,3135.02,3167.0,26353.8999,1767625199999
1767625200000,3167.0,3205.0,3152.4,3195.57,27985.1482,1767628799999
1767628800000,3195.58,3202.68,3172.81,3183.9,19642.9735,1767632399999
1767632400000,3183.9,3229.99,3159.48,3213.38,24099.8843,1767635999999
1767636000000,3213.39,3228.95,3186.39,3228.3,27628.9552,1767639599999
1767639600000,3228.31,3228.52,3214.82,3223.07,13328.1708,1767643199999
1767643200000,3223.07,3265.66,3220.0,3241.93,35966.4191,1767646799999
1767646800000,3241.94,3248.27,3231.76,3238.32,9184.0999,1767650399999
1767650400000,3238.32,3249.75,3229.59,3240.19,8377.3187,1767653999999
1767654000000,3240.2,3241.39,3224.86,3224.99,8602.3039,1767657599999
1767657600000,3224.99,3231.21,3203.34,3216.1,10838.6991,1767661199999
1767661200000,3216.1,3247.3,3215.83,3218.32,16456.9012,1767664799999
1767664800000,3218.33,3224.36,3208.72,3217.1,7158.9435,1767668399999
1767668400000,3217.1,3233.5,3214.12,3225.1,7205.6607,1767671999999
1767672000000,3225.1,3233.52,3222.95,3222.96,5249.2795,1767675599999
1767675600000,3222.95,3229.51,3217.12,3218.72,6391.3841,1767679199999
1767679200000,3218.71,3253.76,3218.07,3241.15,19147.6673,1767682799999
1767682800000,3241.15,3242.75,3211.37,3219.24,12636.2349,1767686399999
1767686400000,3219.24,3228.48,3214.52,3220.14,7711.9227,1767689999999
1767690000000,3220.13,3229.6,3217.5,3223.0,6495.8516,1767693599999
1767693600000,3223.0,3231.72,3221.42,3228.94,6392.747,1767697199999
1767697200000,3228.94,3242.98,3227.03,3238.08,11191.0535,1767700799999
1767700800000,3238.09,3245.87,3236.28,3238.67,7425.8366,1767704399999
1767704400000,3238.66,3239.61,3230.0,3238.3,7783.321,1767707999999
1767708000000,3238.3,3308.86,3238.3,3278.09,82526.6408,1767711599999
1767711600000,3278.1,3301.99,3261.43,3272.32,30563.934,1767715199999
1767715200000,3272.31,3279.36,3234.32,3251.97,44678.4045,1767718799999
1767718800000,3251.96,3259.62,3190.01,3196.43,36459.0337,1767722399999
1767722400000,3196.43,3232.63,3183.27,3218.91,26855.1046,1767725999999
1767726000000,3218.92,3229.8,3213.5,3223.57,6084.4112,1767729599999
1767729600000,3223.57,3250.89,3223.11,3241.71,11055.0906,1767733199999
1767733200000,3241.72,3300.35,3238.47,3276.18,22719.2336,1767736799999
1767736800000,3276.18,3290.55,3265.52,3277.63,8960.1274,1767740399999
1767740400000,3277.62,3301.6,3275.8,3296.84,10516.0235,1767743999999
1767744000000,3296.83,3296.84,3255.36,3257.99,10198.2675,1767747599999
1767747600000,3258.0,3272.34,3239.44,3245.04,16150.6343,1767751199999
1767751200000,3245.05,3274.03,3239.73,3270.08,9241.0352,1767754799999
1767754800000,3270.08,3282.14,3265.13,3266.83,6704.0573,1767758399999
1767758400000,3266.84,3271.81,3252.94,3256.21,6473.4739,1767761999999
1767762000000,3256.21,3262.57,3246.75,3248.63,6449.7983,1767765599999
1767765600000,3248.62,3259.91,3247.81,3250.97,3808.3086,1767769199999
1767769200000,3250.97,3262.61,3250.78,3255.31,5417.8108,1767772799999
1767772800000,3255.31,3263.37,3253.01,3254.45,5466.1436,1767776399999
1767776400000,3254.45,3254.58,3198.54,3200.18,31451.685,1767779999999
1767780000000,3200.17,3222.24,3196.23,3218.44,16060.3116,1767783599999
1767783600000,3218.44,3227.84,3216.84,3220.24,11949.2985,1767787199999
1767787200000,3220.25,3222.56,3211.36,3213.14,5692.8969,1767790799999
1767790800000,3213.14,3229.05,3202.24,3212.04,8939.2899,1767794399999
1767794400000,3212.05,3212.05,3166.14,3191.54,41025.9229,1767797999999
1767798000000,3191.54,3193.26,3144.37,3164.7,36027.473,1767801599999
1767801600000,3164.71,3179.69,3149.95,3157.31,14607.8169,1767805199999
1767805200000,3157.31,3171.27,3146.43,3152.06,10579.5535,1767808799999
1767808800000,3152.06,3165.36,3133.68,3146.37,16861.0597,1767812399999
1767812400000,3146.38,3155.59,3125.42,3146.02,16155.764,1767815999999
1767816000000,3146.02,3151.37,3128.13,3139.18,11298.0934,1767819599999
1767819600000,3139.14,3152.72,3138.4,3150.11,4219.4582,1767823199999
1767823200000,3150.11,3165.86,3143.96,3153.0,6823.1151,1767826799999
1767826800000,3153.01,3181.78,3143.71,3168.72,19748.8544,1767830399999
1767830400000,3168.72,3175.37,3155.21,3170.53,10391.7644,1767833999999
1767834000000,3170.54,3181.36,3168.39,3175.76,6452.3316,1767837599999
1767837600000,3175.77,3184.39,3148.5,3159.43,9935.5982,1767841199999
1767841200000,3159.43,3166.7,3133.56,3142.88,13141.1311,1767844799999
1767844800000,3142.88,3158.96,3138.8,3154.01,6811.4772,1767848399999
1767848400000,3154.02,3161.24,3142.22,3143.63,5561.9706,1767851999999
1767852000000,3143.63,3146.16,3104.37,3105.38,23571.3183,1767855599999
1767855600000,3105.39,3132.86,3090.04,3128.28,23611.5573,1767859199999
1767859200000,3128.29,3136.56,3113.88,3116.83,9163.1034,1767862799999
1767862800000,3116.83,3124.06,3105.55,3111.89,9219.4309,1767866399999
1767866400000,3111.9,3133.03,3096.68,3128.18,16524.8724,1767869999999
1767870000000,3128.19,3131.54,3112.57,3121.24,11538.5998,1767873599999
1767873600000,3121.25,3121.49,3085.16,3095.76,25343.1832,1767877199999
1767877200000,3095.76,3102.73,3090.73,3097.12,7719.3901,1767880799999
1767880800000,3097.11,3097.11,3054.65,3077.4,52718.1619,1767884399999
1767884400000,3077.39,3112.35,3067.37,3104.2,29559.0974,1767887999999
1767888000000,3104.19,3123.63,3090.2,3122.31,16727.7526,1767891599999
1767891600000,3122.31,3140.0,3110.34,3134.95,18597.0749,1767895199999
1767895200000,3134.95,3135.5,3114.9,3120.22,10513.576,1767898799999
1767898800000,3120.22,3129.07,3104.01,3111.53,7810.0314,1767902399999
1767902400000,3111.53,3111.53,3089.39,3107.29,9945.3871,1767905999999
1767906000000,3107.3,3123.24,3107.3,3118.75,5593.2314,1767909599999
1767909600000,3118.76,3130.38,3107.75,3119.12,5590.39,1767913199999
1767913200000,3119.13,3122.24,3105.87,3106.65,7575.6693,1767916799999
1767916800000,3106.66,3117.65,3104.45,3115.83,3683.6782,1767920399999
1767920400000,3115.84,3148.41,3081.34,3105.82,30533.0286,1767923999999
1767924000000,3105.83,3126.11,3103.61,3109.49,8392.8287,1767927599999
1767927600000,3109.5,3121.24,3103.01,3119.6,7348.8925,1767931199999
1767931200000,3119.6,3124.11,3112.14,3116.53,4039.6218,1767934799999
1767934800000,3116.54,3121.0,3113.75,3118.5,3207.1902,1767938399999
1767938400000,3118.51,3125.71,3117.53,3123.2,4508.5009,1767941999999
1767942000000,3123.21,3123.79,3110.39,3111.2,5538.8149,1767945599999
1767945600000,3111.21,3115.37,3067.44,3082.49,22607.9204,1767949199999
1767949200000,3082.49,3100.87,3081.93,3092.39,8770.5638,1767952799999
1767952800000,3092.39,3099.43,3088.36,3096.65,3721.2681,1767956399999
1767956400000,3096.64,3104.59,3088.49,3090.36,5327.6168,1767959999999
1767960000000,3090.36,3096.16,3082.05,3084.55,6069.5672,1767963599999
1767963600000,3084.56,3111.17,3083.44,3098.56,13591.4225,1767967199999
1767967200000,3098.56,3099.0,3062.0,3078.93,20562.1562,1767970799999
1767970800000,3078.94,3143.0,3058.69,3112.08,46451.0555,1767974399999
1767974400000,3112.08,3145.45,3111.0,3133.13,20323.3591,1767977999999
1767978000000,3133.13,3135.0,3104.66,3114.41,9986.3508,1767981599999
1767981600000,3114.4,3118.56,3073.65,3094.97,14495.0177,1767985199999
1767985200000,3094.96,3094.96,3068.94,3080.6,11358.8495,1767988799999
1767988800000,3080.6,3091.37,3071.26,3073.65,8536.0538,1767992399999
1767992400000,3073.66,3093.35,3065.23,3086.1,8500.3591,1767995999999
1767996000000,3086.1,3088.59,3074.4,3086.27,4038.8484,1767999599999
1767999600000,3086.27,3093.3,3083.8,3088.4,2994.4886,1768003199999
1768003200000,3088.4,3090.04,3081.7,3083.25,2909.2244,1768006799999
1768006800000,3083.25,3091.37,3083.24,3090.11,2570.1803,1768010399999
1768010400000,3090.12,3094.61,3083.37,3088.07,2261.4801,1768013999999
1768014000000,3088.07,3089.0,3080.1,3086.51,3062.7012,1768017599999
1768017600000,3086.51,3087.68,3077.99,3079.74,10703.5108,1768021199999
1768021200000,3079.73,3087.89,3079.73,3086.54,3337.0932,1768024799999
1768024800000,3086.54,3088.65,3083.37,3087.49,2522.8417,1768028399999
1768028400000,3087.5,3093.38,3087.49,3092.77,3716.6494,1768031999999
1768032000000,3092.77,3093.05,3087.37,3090.29,2414.7713,1768035599999
1768035600000,3090.29,3099.02,3089.39,3096.09,5162.5664,1768039199999
1768039200000,3096.1,3104.12,3094.06,3102.96,8254.382,1768042799999
1768042800000,3102.96,3104.01,3095.0,3096.99,3287.8756,1768046399999
1768046400000,3096.99,3104.01,3093.76,3099.46,4768.4808,1768049999999
1768050000000,3099.47,3099.47,3093.67,3094.94,1780.0675,1768053599999
1768053600000,3094.94,3096.55,3088.81,3091.64,3195.2986,1768057199999
1768057200000,3091.65,3096.38,3091.64,3095.64,2757.2465,1768060799999
1768060800000,3095.63,3097.53,3092.0,3095.35,1470.5409,1768064399999
1768064400000,3095.35,3099.37,3092.1,3092.95,2807.7095,1768067999999
1768068000000,3092.95,3094.03,3090.65,3092.85,1961.4325,1768071599999
1768071600000,3092.85,3093.9,3090.08,3092.12,2180.4123,1768075199999
1768075200000,3092.13,3093.3,3089.05,3089.71,2143.3278,1768078799999
1768078800000,3089.71,3090.15,3084.46,3086.09,1925.8204,1768082399999
1768082400000,3086.09,3089.51,3078.71,3080.74,4184.0796,1768085999999
1768086000000,3080.73,3089.56,3079.93,3086.72,2963.3618,1768089599999
1768089600000,3086.72,3092.71,3084.46,3091.98,1863.0968,1768093199999
1768093200000,3091.98,3095.32,3089.64,3095.31,1907.6898,1768096799999
1768096800000,3095.32,3097.29,3092.02,3092.49,1603.8399,1768100399999
1768100400000,3092.5,3097.53,3091.87,3096.78,1315.5338,1768103999999
1768104000000,3096.78,3099.01,3094.72,3098.22,3255.8361,1768107599999
1768107600000,3098.23,3102.42,3096.43,3099.32,2822.6462,1768111199999
1768111200000,3099.33,3101.15,3090.0,3097.19,3220.1679,1768114799999
1768114800000,3097.19,3098.41,3092.4,3095.32,1164.2753,1768118399999
1768118400000,3095.32,3108.23,3092.7,3103.38,4020.1734,1768121999999
1768122000000,3103.38,3109.78,3100.81,3104.42,5070.5847,1768125599999
1768125600000,3104.43,3108.33,3102.59,3107.76,4742.2879,1768129199999
1768129200000,3107.77,3107.77,3103.37,3105.22,2736.4124,1768132799999
1768132800000,3105.22,3116.74,3105.0,3114.16,5996.6592,1768136399999
1768136400000,3114.16,3116.32,3106.99,3109.46,11799.0407,1768139999999
1768140000000,3109.46,3129.19,3108.97,3125.46,7374.2237,1768143599999
1768143600000,3125.46,3131.0,3110.12,3118.22,10380.1074,1768147199999
1768147200000,3118.22,3147.27,3115.63,3129.44,22504.0604,1768150799999
1768150800000,3129.45,3133.89,3118.26,3126.89,5734.1841,1768154399999
1768154400000,3126.89,3133.89,3120.64,3129.44,4107.1571,1768157999999
1768158000000,3129.43,3133.01,3119.0,3124.36,3671.4421,1768161599999
1768161600000,3124.36,3124.37,3101.95,3115.1,11009.2663,1768165199999
1768165200000,3115.09,3126.15,3107.6,3121.11,4453.8404,1768168799999
1768168800000,3121.11,3121.11,3106.49,3109.61,8475.8575,1768172399999
1768172400000,3109.6,3125.91,3092.59,3123.45,20152.9134,1768175999999
1768176000000,3123.46,3127.46,3097.24,3119.9,12921.0183,1768179599999
1768179600000,3119.9,3137.28,3114.01,3124.9,17055.9459,1768183199999
1768183200000,3124.9,3167.95,3122.61,3157.65,24362.2028,1768186799999
1768186800000,3157.65,3171.49,3151.52,3152.55,17967.2741,1768190399999
1768190400000,3152.56,3163.9,3148.7,3159.42,5764.5995,1768193999999
1768194000000,3159.42,3166.9,3155.38,3158.89,7169.7912,1768197599999
1768197600000,3158.89,3166.05,3152.61,3154.79,4009.7508,1768201199999
1768201200000,3154.8,3161.45,3133.52,3135.34,8520.1192,1768204799999
1768204800000,3135.33,3147.62,3101.48,3115.47,20077.8931,1768208399999
1768208400000,3115.47,3124.86,3111.0,3116.31,9411.6195,1768211999999
1768212000000,3116.32,3119.88,3104.17,3106.88,5833.691,1768215599999
1768215600000,3106.87,3121.44,3106.32,3115.43,4921.8835,1768219199999
1768219200000,3115.43,3122.75,3112.62,3117.17,3697.8775,1768222799999
1768222800000,3117.17,3120.32,3105.57,3109.14,5202.9618,1768226399999
1768226400000,3109.14,3117.51,3065.55,3105.41,46677.9762,1768229999999
1768230000000,3105.37,3133.52,3092.88,3130.17,18104.92,1768233599999
1768233600000,3130.17,3146.66,3120.65,3130.88,20041.6852,1768237199999
1768237200000,3130.88,3137.02,3083.5,3104.88,20338.9454,1768240799999
1768240800000,3104.89,3119.26,3095.54,3108.28,9941.9102,1768244399999
1768244400000,3108.28,3121.96,3097.09,3121.83,6755.1383,1768247999999
1768248000000,3121.82,3127.75,3100.0,3102.57,5709.5292,1768251599999
1768251600000,3102.57,3106.8,3083.54,3092.4,10393.3777,1768255199999
1768255200000,3092.4,3107.43,3092.4,3095.42,7326.3952,1768258799999
1768258800000,3095.43,3098.96,3088.47,3095.75,5166.9625,1768262399999
1768262400000,3095.75,3109.96,3093.28,3108.59,7147.9522,1768265999999
1768266000000,3108.59,3114.39,3091.96,3097.66,5764.4479,1768269599999
1768269600000,3097.67,3108.42,3097.66,3101.44,3652.1654,1768273199999
1768273200000,3101.44,3119.01,3101.43,3116.14,5966.568,1768276799999
1768276800000,3116.14,3123.44,3112.46,3122.57,4807.9257,1768280399999
1768280400000,3122.57,3146.55,3121.6,3131.82,15633.273,1768283999999
1768284000000,3131.82,3137.76,3123.8,3134.41,9154.7729,1768287599999
1768287600000,3134.41,3135.82,3122.0,3122.01,8678.2897,1768291199999
1768291200000,3122.0,3137.95,3122.0,3135.99,12863.6171,1768294799999
1768294800000,3135.99,3148.33,3129.06,3138.57,12057.0842,1768298399999
1768298400000,3138.57,3141.84,3129.99,3134.73,5757.2827,1768301999999
1768302000000,3134.73,3139.07,3131.24,3133.95,3232.4114,1768305599999
1768305600000,3133.95,3137.99,3130.0,3135.12,4209.055,1768309199999
1768309200000,3135.13,3161.76,3130.01,3142.44,32822.4999,1768312799999
1768312800000,3142.43,3165.94,3130.05,3145.01,27900.0898,1768316399999
1768316400000,3145.01,3188.47,3133.22,3184.41,31613.5959,1768319999999
1768320000000,3184.41,3196.35,3172.0,3180.79,29418.0164,1768323599999
1768323600000,3180.8,3187.69,3172.99,3180.15,13332.5164,1768327199999
1768327200000,3180.16,3214.94,3178.25,3201.14,17881.7397,1768330799999
1768330800000,3201.15,3218.61,3191.51,3215.9,13323.6613,1768334399999
1768334400000,3215.91,3220.0,3190.56,3204.59,20538.0816,1768337999999
1768338000000,3204.6,3217.43,3201.36,3209.81,11406.1016,1768341599999
1768341600000,3209.81,3367.79,3209.81,3331.18,119773.0548,1768345199999
1768345200000,3331.19,3347.56,3314.67,3325.82,40848.079,1768348799999
1768348800000,3325.83,3336.56,3315.15,3324.57,22979.7064,1768352399999
1768352400000,3324.58,3345.0,3321.28,3336.7,27537.6018,1768355999999
1768356000000,3336.7,3357.56,3321.01,3327.11,22151.854,1768359599999
1768359600000,3327.11,3352.18,3321.0,3351.95,12874.2528,1768363199999
1768363200000,3351.94,3364.64,3335.64,3338.9,17282.4513,1768366799999
1768366800000,3338.9,3339.23,3325.6,3330.52,14908.851,1768370399999
1768370400000,3330.52,3335.49,3322.01,3334.33,15067.6317,1768373999999
1768374000000,3334.33,3342.83,3327.67,3335.78,15877.3119,1768377599999
1768377600000,3335.78,3342.64,3327.34,3327.35,8356.3069,1768381199999
1768381200000,3327.34,3335.19,3324.7,3328.32,10606.0259,1768384799999
1768384800000,3328.32,3333.19,3304.06,3312.99,19550.9854,1768388399999
1768388400000,3312.99,3313.75,3282.59,3286.22,20260.803,1768391999999
1768392000000,3286.22,3299.24,3280.48,3296.44,9507.7652,1768395599999
1768395600000,3296.43,3307.93,3289.1,3302.79,15864.151,1768399199999
1768399200000,3302.79,3358.0,3302.02,3349.21,41903.8479,1768402799999
1768402800000,3349.22,3362.17,3327.62,3345.81,40280.5619,1768406399999
1768406400000,3345.81,3402.89,3345.22,3370.26,54023.6594,1768409999999
1768410000000,3370.26,3381.32,3338.51,3342.41,28607.5029,1768413599999
1768413600000,3342.4,3354.16,3315.51,3339.41,20822.3928,1768417199999
1768417200000,3339.4,3400.01,3332.02,3367.42,32979.0721,1768420799999
1768420800000,3367.42,3392.94,3361.97,3383.68,20890.3401,1768424399999
1768424400000,3383.67,3383.67,3357.46,3372.99,11184.8055,1768427999999
1768428000000,3372.99,3374.42,3347.83,3349.09,11899.5582,1768431599999
1768431600000,3349.1,3369.5,3349.09,3354.92,8022.6368,1768435199999
1768435200000,3354.92,3355.8,3318.73,3331.35,12917.8436,1768438799999
1768438800000,3331.35,3342.85,3317.18,3325.04,9893.1101,1768442399999
1768442400000,3325.05,3332.42,3305.7,3314.27,11706.4511,1768445999999
1768446000000,3314.28,3321.66,3278.0,3286.55,23046.658,1768449599999
1768449600000,3286.56,3308.46,3284.84,3305.16,9144.4963,1768453199999
1768453200000,3305.16,3315.49,3302.58,3310.59,9819.6681,1768456799999
1768456800000,3310.6,3323.65,3309.64,3315.99,8891.6743,1768460399999
1768460400000,3316.0,3335.15,3314.4,3330.0,9082.2601,1768463999999
1768464000000,3329.99,3338.97,3320.17,3336.45,8650.1989,1768467599999
1768467600000,3336.44,3375.0,3330.05,3365.99,22634.9211,1768471199999
1768471200000,3365.99,3378.75,3357.18,3364.11,14070.9742,1768474799999
1768474800000,3364.1,3365.88,3347.38,3349.96,11073.4174,1768478399999
1768478400000,3349.96,3370.96,3344.07,3369.42,12251.9338,1768481999999
1768482000000,3369.41,3384.19,3356.93,3371.3,18455.1503,1768485599999
1768485600000,3371.29,3382.83,3322.57,3342.31,34277.1554,1768489199999
1768489200000,3342.3,3358.21,3285.79,3330.65,44402.7651,1768492799999
1768492800000,3330.66,3335.53,3310.0,3330.71,20592.5643,1768496399999
1768496400000,3330.71,3337.56,3296.49,3301.46,30647.6398,1768499999999
1768500000000,3301.46,3307.51,3273.72,3288.39,31969.8087,1768503599999
1768503600000,3288.38,3301.95,3276.96,3295.48,12453.6686,1768507199999
1768507200000,3295.47,3306.91,3276.7,3288.23,15230.2979,1768510799999
1768510800000,3288.23,3305.82,3284.28,3299.14,5345.3704,1768514399999
1768514400000,3299.13,3319.24,3296.33,3309.11,8186.8149,1768517999999
1768518000000,3309.11,3323.32,3302.24,3318.69,5248.9936,1768521599999
1768521600000,3318.7,3326.79,3315.98,3317.2,4153.4616,1768525199999
1768525200000,3317.21,3321.51,3301.99,3313.84,5888.1764,1768528799999
1768528800000,3313.85,3313.85,3291.89,3303.63,10480.2459,1768532399999
1768532400000,3303.63,3307.96,3294.64,3295.21,5710.8056,1768535999999
1768536000000,3295.22,3305.0,3277.04,3287.97,11605.6175,1768539599999
1768539600000,3287.97,3316.0,3284.22,3309.23,13335.0081,1768543199999
1768543200000,3309.23,3316.99,3302.7,3313.99,8022.1895,1768546799999
1768546800000,3314.0,3316.0,3302.21,3309.41,6192.9783,1768550399999
1768550400000,3309.42,3319.97,3308.53,3313.35,6873.6512,1768553999999
1768554000000,3313.36,3316.52,3307.09,3307.44,5533.2119,1768557599999
1768557600000,3307.44,3308.72,3294.49,3297.75,7600.9951,1768561199999
1768561200000,3297.75,3306.62,3293.33,3301.94,4979.9205,1768564799999
1768564800000,3301.94,3314.26,3300.49,3308.87,4977.0681,1768568399999
1768568400000,3308.88,3310.54,3295.52,3307.65,5606.5473,1768571999999
1768572000000,3307.65,3318.61,3290.64,3294.12,15123.591,1768575599999
1768575600000,3294.12,3311.36,3253.01,3264.18,40098.9859,1768579199999
1768579200000,3264.17,3288.0,3259.83,3279.03,22852.5254,1768582799999
1768582800000,3279.03,3286.54,3266.52,3284.22,8300.7118,1768586399999
1768586400000,3284.21,3288.42,3278.08,3279.11,5016.3624,1768589999999
1768590000000,3279.11,3279.51,3269.17,3276.94,4549.2864,1768593599999
1768593600000,3276.94,3294.0,3264.42,3292.82,10154.9748,1768597199999
1768597200000,3292.82,3299.04,3288.62,3293.97,7202.0045,1768600799999
1768600800000,3293.97,3295.43,3283.0,3294.1,5641.7139,1768604399999
1768604400000,3294.1,3299.89,3292.45,3296.28,4021.7545,1768607999999
1768608000000,3296.28,3297.34,3289.96,3292.91,2649.9411,1768611599999
1768611600000,3292.91,3295.72,3287.87,3290.68,4326.3601,1768615199999
1768615200000,3290.68,3292.64,3283.96,3292.24,2679.0403,1768618799999
1768618800000,3292.25,3292.3,3287.6,3289.32,1647.2092,1768622399999
1768622400000,3289.33,3292.62,3285.99,3292.14,2251.8024,1768625999999
1768626000000,3292.14,3294.12,3289.75,3291.56,1894.8083,1768629599999
1768629600000,3291.55,3293.32,3286.99,3291.4,2203.0806,1768633199999
1768633200000,3291.41,3292.57,3287.38,3291.57,1675.7653,1768636799999
1768636800000,3291.56,3296.6,3289.01,3296.48,4000.7882,1768640399999
1768640400000,3296.48,3303.77,3293.47,3298.75,4571.83,1768643999999
1768644000000,3298.76,3301.05,3295.28,3296.64,2415.7521,1768647599999
1768647600000,3296.64,3305.32,3292.45,3302.72,8477.7113,1768651199999
1768651200000,3302.72,3306.39,3300.4,3302.89,2898.3147,1768654799999
1768654800000,3302.89,3304.78,3299.77,3303.88,2575.8594,1768658399999
1768658400000,3303.88,3312.0,3301.62,3310.45,6027.8908,1768661999999
1768662000000,3310.45,3330.07,3308.2,3329.95,31019.5454,1768665599999
1768665600000,3329.95,3330.26,3312.22,3319.29,18273.8571,1768669199999
1768669200000,3319.28,3327.82,3317.38,3319.43,3642.4915,1768672799999
1768672800000,3319.43,3320.88,3315.0,3317.82,3504.6869,1768676399999
1768676400000,3317.83,3321.08,3314.88,3316.36,1865.9094,1768679999999
1768680000000,3316.36,3320.33,3315.11,3317.34,2849.9069,1768683599999
1768683600000,3317.34,3317.34,3307.36,3312.84,3869.3519,1768687199999
1768687200000,3312.84,3312.84,3297.44,3302.0,6118.5338,1768690799999
1768690800000,3302.01,3310.56,3301.3,3310.56,2884.5936,1768694399999
1768694400000,3310.56,3314.43,3303.09,3304.53,3095.0505,1768697999999
1768698000000,3304.52,3306.9,3296.34,3301.15,4751.1327,1768701599999
1768701600000,3301.15,3305.8,3296.69,3303.45,2738.6713,1768705199999
1768705200000,3303.45,3319.5,3303.45,3316.16,4370.1528,1768708799999
1768708800000,3316.15,3317.9,3309.65,3312.0,3157.412,1768712399999
1768712400000,3311.99,3318.36,3310.97,3316.33,4672.4656,1768715999999
1768716000000,3316.32,3318.18,3312.16,3315.85,4828.9957,1768719599999
1768719600000,3315.84,3316.11,3306.4,3307.3,6782.8935,1768723199999
1768723200000,3307.3,3316.79,3303.52,3315.47,6547.0089,1768726799999
1768726800000,3315.46,3325.14,3314.46,3323.2,9577.9692,1768730399999
1768730400000,3323.21,3326.2,3318.47,3325.83,7048.8883,1768733999999
1768734000000,3325.82,3325.83,3319.08,3322.0,3251.9227,1768737599999
1768737600000,3322.0,3327.13,3318.74,3322.69,2361.0297,1768741199999
1768741200000,3322.68,3330.57,3314.64,3325.92,8141.7375,1768744799999
1768744800000,3325.93,3347.75,3322.69,3324.99,17154.142,1768748399999
1768748400000,3324.98,3335.5,3319.02,3333.99,4837.9816,1768751999999
1768752000000,3334.0,3337.95,3330.05,3333.74,4301.3605,1768755599999
1768755600000,3333.74,3346.0,3332.11,3345.07,3382.7592,1768759199999
1768759200000,3345.07,3368.82,3337.15,3361.85,14195.6452,1768762799999
1768762800000,3361.86,3365.96,3344.57,3346.56,7097.9903,1768766399999
1768766400000,3346.56,3352.64,3338.13,3341.1,3888.8403,1768769999999
1768770000000,3341.11,3345.56,3336.92,3341.82,2802.4732,1768773599999
1768773600000,3341.82,3356.26,3340.04,3350.77,4621.3565,1768777199999
1768777200000,3350.77,3350.78,3278.86,3284.03,39746.4234,1768780799999
1768780800000,3284.04,3284.58,3177.68,3212.13,124613.0182,1768784399999
1768784400000,3212.13,3221.48,3194.47,3206.86,31822.1553,1768787999999
1768788000000,3206.87,3216.48,3193.96,3204.46,17141.4507,1768791599999
1768791600000,3204.46,3213.05,3195.19,3212.29,16094.5119,1768795199999
1768795200000,3212.28,3218.02,3205.45,3212.97,24789.5133,1768798799999
1768798800000,3212.96,3215.67,3196.39,3203.05,33144.2543,1768802399999
1768802400000,3203.06,3204.57,3187.88,3195.58,18341.0265,1768805999999
1768806000000,3195.58,3209.42,3195.58,3207.47,9992.5605,1768809599999
1768809600000,3207.47,3221.99,3197.3,3213.87,16942.2718,1768813199999
1768813200000,3213.87,3214.87,3205.54,3209.46,5601.1018,1768816799999
1768816800000,3209.46,3216.58,3205.52,3215.47,11163.0134,1768820399999
1768820400000,3215.48,3231.27,3213.36,3223.91,28599.4564,1768823999999
1768824000000,3223.91,3236.26,3219.48,3225.1,17269.5153,1768827599999
1768827600000,3225.11,3225.12,3213.09,3218.27,5767.7086,1768831199999
1768831200000,3218.27,3219.72,3202.85,3213.0,10163.4651,1768834799999
1768834800000,3213.0,3220.97,3210.33,3216.21,6477.4171,1768838399999
1768838400000,3216.2,3227.17,3212.72,3223.16,7947.476,1768841999999
1768842000000,3223.16,3226.0,3217.12,3220.0,4280.4405,1768845599999
1768845600000,3220.0,3221.08,3208.5,3214.9,4601.5665,1768849199999
1768849200000,3214.9,3224.58,3214.9,3219.95,3617.4817,1768852799999
1768852800000,3219.95,3225.43,3212.08,3214.31,6035.3193,1768856399999
1768856400000,3214.32,3221.49,3210.23,3212.78,3662.3617,1768859999999
1768860000000,3212.77,3214.49,3186.82,3189.0,12147.2767,1768863599999
1768863600000,3189.01,3197.91,3165.38,3189.55,22326.197,1768867199999
1768867200000,3189.56,3200.5,3176.83,3184.12,9601.2838,1768870799999
1768870800000,3184.12,3199.6,3175.53,3193.28,7419.1627,1768874399999
1768874400000,3193.28,3200.1,3179.24,3192.96,8796.6457,1768877999999
1768878000000,3192.97,3194.91,3184.05,3188.67,5432.0602,1768881599999
1768881600000,3188.68,3189.23,3168.77,3172.76,7734.3455,1768885199999
1768885200000,3172.76,3174.89,3152.44,3171.35,24441.4708,1768888799999
1768888800000,3171.36,3172.27,3109.37,3116.91,42669.4242,1768892399999
1768892400000,3116.91,3131.34,3112.0,3123.37,18041.7187,1768895999999
1768896000000,3123.37,3123.84,3085.17,3106.84,42275.7364,1768899599999
1768899600000,3106.84,3108.8,3088.41,3094.1,11484.0512,1768903199999
1768903200000,3094.1,3108.52,3091.18,3103.01,15142.1648,1768906799999
1768906800000,3103.01,3113.1,3103.0,3109.88,11514.5753,1768910399999
1768910400000,3109.88,3115.0,3102.27,3111.3,13552.4661,1768913999999
1768914000000,3111.31,3113.27,3074.5,3078.99,18796.1387,1768917599999
1768917600000,3078.99,3089.01,3034.22,3047.49,55486.5486,1768921199999
1768921200000,3047.49,3049.91,2995.33,3032.99,63693.7372,1768924799999
1768924800000,3033.0,3042.92,2998.71,3009.32,24027.0356,1768928399999
1768928400000,3009.31,3023.64,2984.26,2999.62,25515.9493,1768931999999
1768932000000,2999.62,3009.0,2987.91,2991.81,15018.3357,1768935599999
1768935600000,2991.81,3003.31,2980.11,2996.49,15884.6582,1768939199999
1768939200000,2996.49,3007.15,2986.31,3006.66,12226.3577,1768942799999
1768942800000,3006.66,3007.22,2990.0,2993.53,12764.7295,1768946399999
1768946400000,2993.53,2999.08,2920.0,2951.54,37596.9297,1768949999999
1768950000000,2951.53,2952.42,2930.64,2939.88,19050.9531,1768953599999
1768953600000,2939.88,2969.51,2921.89,2960.0,24100.4816,1768957199999
1768957200000,2960.01,2974.2,2955.24,2965.15,10659.339,1768960799999
1768960800000,2965.14,2975.41,2958.0,2961.52,9378.8659,1768964399999
1768964400000,2961.52,2984.64,2960.87,2981.76,8605.1952,1768967999999
1768968000000,2981.75,2985.61,2974.85,2979.51,5848.5744,1768971599999
1768971600000,2979.5,3002.0,2977.53,2993.03,13125.9514,1768975199999
1768975200000,2993.03,2993.58,2975.33,2980.3,6624.2495,1768978799999
1768978800000,2980.31,2985.67,2966.0,2970.6,18355.0756,1768982399999
1768982400000,2970.6,2974.59,2956.0,2965.49,15077.8309,1768985999999
1768986000000,2965.49,2974.87,2950.34,2954.09,9638.3813,1768989599999
1768989600000,2954.08,2970.12,2952.42,2963.92,6687.776,1768993199999
1768993200000,2963.92,2971.66,2938.0,2943.0,16453.5334,1768996799999
1768996800000,2943.0,2946.47,2902.0,2931.48,39943.8258,1769000399999
1769000400000,2931.48,2945.64,2920.51,2928.13,15478.8032,1769003999999
1769004000000,2928.13,2995.83,2924.56,2981.09,51363.2491,1769007599999
1769007600000,2981.09,3026.83,2975.17,3002.69,45958.4767,1769011199999
1769011200000,3002.69,3005.22,2886.0,2891.58,63238.7042,1769014799999
1769014800000,2891.59,2914.19,2866.11,2903.91,52720.4294,1769018399999
1769018400000,2903.91,2933.8,2887.88,2927.4,17887.3425,1769021999999
1769022000000,2927.39,3069.07,2916.6,3055.56,75387.9538,1769025599999
1769025600000,3055.55,3057.72,3003.45,3031.84,33543.4474,1769029199999
1769029200000,3031.84,3044.16,3021.3,3031.47,11046.1957,1769032799999
1769032800000,3031.47,3045.01,3009.1,3010.52,10684.0157,1769036399999
1769036400000,3010.51,3025.35,2972.69,2982.27,15992.5504,1769039999999
1769040000000,2982.28,3011.51,2980.73,3005.39,11865.4604,1769043599999
1769043600000,3005.4,3033.95,3002.73,3028.52,10091.251,1769047199999
1769047200000,3028.52,3038.33,3015.15,3017.72,9545.4884,1769050799999
1769050800000,3017.72,3030.82,2999.77,3013.41,9405.7311,1769054399999
1769054400000,3013.41,3025.43,3011.5,3023.04,5226.8296,1769057999999
1769058000000,3023.03,3027.9,3014.78,3019.8,5095.4171,1769061599999
1769061600000,3019.8,3027.61,3008.83,3019.13,10859.0486,1769065199999
1769065200000,3019.14,3022.39,3000.4,3000.94,9422.4078,1769068799999
1769068800000,3000.94,3008.15,2992.5,3005.75,9275.3961,1769072399999
1769072400000,3005.75,3016.4,3003.19,3013.63,6819.533,1769075999999
1769076000000,3013.63,3014.63,3000.0,3002.64,7328.6677,1769079599999
1769079600000,3002.63,3006.82,2977.22,2986.8,13087.3376,1769083199999
1769083200000,2986.8,2998.48,2978.45,2990.86,7449.8362,1769086799999
1769086800000,2990.86,3010.18,2962.33,2972.76,18870.8896,1769090399999
1769090400000,2972.76,2982.13,2935.22,2941.33,34628.086,1769093999999
1769094000000,2941.32,2968.39,2906.02,2942.01,45630.1979,1769097599999
1769097600000,2942.02,2958.53,2923.99,2946.24,17646.4965,1769101199999
1769101200000,2946.24,2963.83,2934.97,2961.77,10980.2225,1769104799999
1769104800000,2961.76,2972.76,2938.46,2939.53,11212.245,1769108399999
1769108400000,2939.54,2963.49,2928.33,2953.94,8618.6074,1769111999999
1769112000000,2953.94,2957.86,2930.15,2939.02,9826.5634,1769115599999
1769115600000,2939.02,2951.45,2933.75,2946.4,6588.3296,1769119199999
1769119200000,2946.31,2959.16,2943.33,2951.9,6729.5611,1769122799999
1769122800000,2951.9,2955.89,2940.82,2952.69,5457.1313,1769126399999
1769126400000,2952.7,2957.13,2946.22,2953.61,5040.1625,1769129999999
1769130000000,2953.62,2970.0,2953.08,2968.88,7415.3464,1769133599999
1769133600000,2968.89,2972.08,2952.83,2952.83,5463.6639,1769137199999
1769137200000,2952.83,2965.45,2951.92,2964.42,4150.2135,1769140799999
1769140800000,2964.42,2984.71,2963.0,2977.99,10015.3261,1769144399999
1769144400000,2977.99,2978.41,2963.83,2968.56,7833.1727,1769147999999
1769148000000,2968.57,2975.39,2937.85,2939.88,16426.048,1769151599999
1769151600000,2939.88,2951.42,2935.31,2948.49,12271.1076,1769155199999
1769155200000,2948.58,2951.34,2921.2,2927.64,16274.5508,1769158799999
1769158800000,2927.64,2935.02,2915.19,2921.17,15019.2137,1769162399999
1769162400000,2921.16,2935.0,2914.93,2930.95,13413.5463,1769165999999
1769166000000,2930.95,2946.66,2928.44,2940.68,12030.9394,1769169599999
1769169600000,2940.68,2940.69,2929.0,2934.86,8042.3332,1769173199999
1769173200000,2934.85,2943.92,2927.09,2930.79,7776.2841,1769176799999
1769176800000,2930.78,2942.39,2892.4,2916.07,31603.727,1769180399999
1769180400000,2916.07,2965.06,2899.77,2952.75,26850.2304,1769183999999
1769184000000,2952.66,2980.0,2938.46,2967.99,25013.5039,1769187599999
1769187600000,2968.0,3019.26,2959.8,2987.51,33119.1072,1769191199999
1769191200000,2987.51,3007.55,2978.45,2988.6,15956.1797,1769194799999
1769194800000,2988.6,2988.6,2946.73,2959.8,20079.1145,1769198399999
1769198400000,2959.79,2963.69,2930.42,2940.16,13098.679,1769201999999
1769202000000,2940.15,2953.07,2938.26,2943.98,3646.0107,1769205599999
1769205600000,2943.98,2961.92,2943.47,2960.02,5647.058,1769209199999
1769209200000,2960.02,2960.02,2951.0,2956.41,2229.8131,1769212799999
1769212800000,2956.41,2958.99,2949.27,2950.99,4133.8814,1769216399999
1769216400000,2951.0,2959.45,2950.0,2956.12,2183.2688,1769219999999
1769220000000,2956.12,2962.32,2954.69,2959.59,3290.6754,1769223599999
1769223600000,2959.59,2970.41,2957.25,2962.72,9572.3536,1769227199999
1769227200000,2962.72,2966.86,2959.49,2963.41,3230.1982,1769230799999
1769230800000,2963.41,2965.63,2957.39,2961.32,3560.5846,1769234399999
1769234400000,2961.32,2964.16,2959.13,2961.79,2039.1799,1769237999999
1769238000000,2961.79,2962.4,2953.99,2957.34,7722.5107,1769241599999
1769241600000,2957.34,2963.18,2954.77,2963.12,2867.9166,1769245199999
1769245200000,2963.13,2964.98,2960.1,2960.55,1548.1336,1769248799999
1769248800000,2960.55,2962.2,2958.75,2961.66,1666.157,1769252399999
1769252400000,2961.66,2964.48,2960.47,2961.18,1562.9538,1769255999999
1769256000000,2961.17,2965.01,2959.49,2962.64,3850.6809,1769259599999
1769259600000,2962.65,2963.5,2948.4,2948.92,3715.0482,1769263199999
1769263200000,2948.92,2959.55,2943.84,2959.48,6294.0764,1769266799999
1769266800000,2959.49,2968.08,2955.57,2957.25,7226.6559,1769270399999
1769270400000,2957.25,2961.62,2952.23,2958.9,3048.4388,1769273999999
1769274000000,2958.91,2966.1,2957.96,2964.3,3149.78,1769277599999
1769277600000,2964.31,2968.49,2961.99,2963.82,4188.8084,1769281199999
1769281200000,2963.82,2964.21,2952.44,2953.93,3763.0544,1769284799999
1769284800000,2953.94,2958.8,2953.76,2956.25,2357.1118,1769288399999
1769288400000,2956.26,2957.95,2949.23,2957.95,3613.1329,1769291999999
1769292000000,2957.95,2964.55,2957.94,2963.0,2303.2091,1769295599999
1769295600000,2963.0,2964.4,2952.54,2953.22,5195.0935,1769299199999
1769299200000,2953.23,2958.87,2952.54,2958.87,1835.3665,1769302799999
1769302800000,2958.86,2960.29,2950.0,2955.15,3953.2757,1769306399999
1769306400000,2955.16,2957.8,2953.1,2953.37,1632.8242,1769309999999
1769310000000,2953.38,2954.1,2937.5,2942.6,7212.5023,1769313599999
1769313600000,2942.59,2949.36,2940.45,2945.29,5221.9103,1769317199999
1769317200000,2945.29,2948.64,2942.17,2947.38,1735.8472,1769320799999
1769320800000,2947.39,2947.77,2935.01,2944.24,5987.1847,1769324399999
1769324400000,2944.24,2944.24,2938.05,2939.57,2182.5704,1769327999999
1769328000000,2939.58,2944.8,2921.0,2929.08,10209.794,1769331599999
1769331600000,2929.08,2939.16,2926.66,2935.75,6039.7226,1769335199999
1769335200000,2935.75,2948.11,2935.74,2945.08,5745.8939,1769338799999
1769338800000,2945.09,2946.49,2932.36,2937.54,4619.4614,1769342399999
1769342400000,2937.54,2944.95,2932.63,2942.38,6754.5443,1769345999999
1769346000000,2942.39,2945.37,2935.47,2941.68,4572.2923,1769349599999
1769349600000,2941.69,2942.69,2924.76,2932.54,9012.2128,1769353199999
1769353200000,2932.53,2936.12,2922.08,2926.81,4623.5708,1769356799999
1769356800000,2926.82,2927.78,2876.36,2896.98,58280.185,1769360399999
1769360400000,2896.99,2898.61,2879.05,2884.41,10051.0689,1769363999999
1769364000000,2884.41,2888.71,2828.05,2848.19,70206.1269,1769367599999
1769367600000,2848.2,2857.77,2797.2,2812.96,55358.0255,1769371199999
1769371200000,2812.96,2824.0,2787.0,2809.72,38916.2688,1769374799999
1769374800000,2809.72,2825.72,2802.57,2818.72,22999.7762,1769378399999
1769378400000,2818.73,2819.32,2790.0,2807.14,21128.4243,1769381999999
1769382000000,2807.14,2821.14,2787.0,2816.89,21907.6836,1769385599999
1769385600000,2816.9,2847.26,2812.37,2841.65,31383.74,1769389199999
1769389200000,2841.66,2898.76,2838.62,2882.69,35818.2489,1769392799999
1769392800000,2882.7,2885.39,2863.33,2865.98,18026.5386,1769396399999
1769396400000,2865.98,2872.49,2840.89,2850.68,18228.1752,1769399999999
1769400000000,2850.69,2875.77,2849.91,2865.98,16354.4759,1769403599999
1769403600000,2865.97,2873.32,2859.92,2869.65,14879.2022,1769407199999
1769407200000,2869.66,2891.83,2866.06,2891.64,19629.3441,1769410799999
1769410800000,2891.64,2911.61,2886.08,2904.32,19586.5075,1769414399999
1769414400000,2904.32,2934.4,2897.14,2912.29,26086.0016,1769417999999
1769418000000,2912.29,2913.56,2880.5,2885.87,13808.9506,1769421599999
1769421600000,2885.87,2901.74,2884.84,2896.28,9764.3821,1769425199999
1769425200000,2896.27,2900.66,2888.08,2892.15,9041.6185,1769428799999
1769428800000,2892.15,2915.1,2892.15,2902.69,8344.7501,1769432399999
1769432400000,2902.69,2911.3,2897.04,2909.67,7171.4715,1769435999999
1769436000000,2909.66,2934.7,2875.77,2922.74,59545.1399,1769439599999
1769439600000,2922.75,2951.21,2887.69,2899.32,40140.1945,1769443199999
1769443200000,2899.32,2918.0,2891.64,2901.5,20494.4224,1769446799999
1769446800000,2901.51,2915.89,2885.97,2909.42,15668.7681,1769450399999
1769450400000,2909.43,2932.68,2908.01,2932.01,17587.109,1769453999999
1769454000000,2932.0,2936.06,2918.42,2923.12,12566.3805,1769457599999
1769457600000,2923.11,2929.47,2898.88,2901.82,21876.3407,1769461199999
1769461200000,2901.82,2944.18,2895.82,2928.97,24260.468,1769464799999
1769464800000,2928.98,2936.88,2919.79,2927.22,10070.1796,1769468399999
1769468400000,2927.21,2945.32,2918.3,2930.35,14836.9277,1769471999999
1769472000000,2930.35,2931.27,2918.0,2921.06,10769.4464,1769475599999
1769475600000,2921.05,2939.95,2912.44,2932.65,11889.3556,1769479199999
1769479200000,2932.65,2947.42,2932.65,2945.25,19317.0803,1769482799999
1769482800000,2945.25,2948.88,2936.5,2941.18,16777.9882,1769486399999
1769486400000,2941.17,2957.04,2936.59,2940.7,20559.8451,1769489999999
1769490000000,2940.7,2942.08,2933.58,2939.28,12073.6646,1769493599999
1769493600000,2939.29,2942.53,2924.35,2929.0,13485.2139,1769497199999
1769497200000,2929.0,2937.52,2927.5,2929.11,6762.7827,1769500799999
1769500800000,2929.11,2932.65,2920.0,2923.41,9925.1233,1769504399999
1769504400000,2923.41,2923.41,2906.93,2907.69,17491.1512,1769507999999
1769508000000,2907.69,2915.7,2901.68,2903.23,16328.0809,1769511599999
1769511600000,2903.24,2922.1,2899.77,2917.02,11564.7888,1769515199999
1769515200000,2917.03,2927.94,2915.68,2918.28,8710.6261,1769518799999
1769518800000,2918.28,2919.38,2905.93,2912.61,6205.0358,1769522399999
1769522400000,2912.61,2943.63,2907.22,2918.65,29037.7268,1769525999999
1769526000000,2918.65,2941.71,2913.03,2937.45,23478.2224,1769529599999
1769529600000,2937.46,2998.52,2934.85,2990.81,55579.6578,1769533199999
1769533200000,2990.81,2994.5,2918.09,2930.3,38519.0303,1769536799999
1769536800000,2930.29,2989.77,2925.92,2978.21,23281.691,1769540399999
1769540400000,2978.22,2992.27,2965.61,2980.48,13249.5643,1769543999999
1769544000000,2980.48,3027.99,2978.92,3020.77,35359.6954,1769547599999
1769547600000,3020.78,3030.3,3005.43,3015.82,24179.6599,1769551199999
1769551200000,3015.82,3023.87,3004.69,3020.0,24001.5264,1769554799999
1769554800000,3020.0,3035.08,3011.22,3026.77,30245.4416,1769558399999
1769558400000,3026.77,3029.79,3015.74,3024.26,7944.3433,1769561999999
1769562000000,3024.26,3026.83,3007.5,3018.22,5944.6043,1769565599999
1769565600000,3018.21,3018.25,3005.49,3010.82,4589.7907,1769569199999
1769569200000,3010.82,3012.27,2996.55,3005.18,8513.9202,1769572799999
1769572800000,3005.18,3006.89,2992.89,2999.64,7746.2299,1769576399999
1769576400000,2999.65,3008.83,2996.5,3004.47,8328.537,1769579999999
1769580000000,3004.48,3018.33,3003.01,3014.47,11630.243,1769583599999
1769583600000,3014.47,3015.45,3002.29,3005.07,7189.0754,1769587199999
1769587200000,3005.07,3006.55,2988.7,2990.69,8832.5764,1769590799999
1769590800000,2990.68,3017.45,2986.59,3017.44,13870.6946,1769594399999
1769594400000,3017.45,3039.78,3013.11,3025.86,18858.1508,1769597999999
1769598000000,3025.86,3045.36,3014.92,3039.72,16338.2894,1769601599999
1769601600000,3039.71,3040.31,3023.78,3031.13,13341.1615,1769605199999
1769605200000,3031.14,3045.78,3029.55,3034.67,15084.4603,1769608799999
1769608800000,3034.68,3034.68,3007.64,3013.09,19228.2114,1769612399999
1769612400000,3013.09,3021.23,2983.67,3008.25,31672.6289,1769615999999
1769616000000,3008.25,3017.94,2996.08,2999.72,8458.6532,1769619599999
1769619600000,2999.72,3031.68,2989.41,3014.89,15003.7291,1769623199999
1769623200000,3014.89,3024.28,3000.11,3015.51,16085.9316,1769626799999
1769626800000,3015.51,3024.19,2996.85,3016.6,25074.3802,1769630399999
1769630400000,3016.6,3038.45,3008.25,3012.21,13430.9508,1769633999999
1769634000000,3012.21,3023.53,2996.66,3021.51,9777.4609,1769637599999
1769637600000,3021.51,3027.37,3008.83,3018.92,4968.0787,1769641199999
1769641200000,3018.92,3022.98,3008.3,3010.78,4695.5533,1769644799999
1769644800000,3010.78,3013.5,2995.94,3009.49,7396.7959,1769648399999
1769648400000,3009.48,3011.55,2987.18,2992.71,8718.9806,1769651999999
1769652000000,2992.71,2999.21,2944.48,2959.23,25130.6276,1769655599999
1769655600000,2959.24,2972.73,2947.83,2952.52,12996.3442,1769659199999
1769659200000,2952.52,2960.62,2937.55,2959.45,11696.74,1769662799999
1769662800000,2959.46,2965.69,2947.95,2951.61,6625.4673,1769666399999
1769666400000,2951.6,2959.5,2950.16,2955.97,5890.8201,1769669999999
1769670000000,2955.97,2964.93,2955.44,2961.54,6729.7559,1769673599999
1769673600000,2961.54,2969.79,2943.56,2952.6,15330.1663,1769677199999
1769677200000,2952.59,2955.2,2942.37,2942.38,9586.7934,1769680799999
1769680800000,2942.38,2948.95,2941.36,2944.29,6855.7262,1769684399999
1769684400000,2944.3,2945.42,2923.77,2929.29,14851.0774,1769687999999
1769688000000,2929.29,2938.67,2925.89,2936.34,5631.1151,1769691599999
1769691600000,2936.34,2939.0,2931.62,2936.14,3389.0588,1769695199999
1769695200000,2936.15,2937.02,2875.7,2876.28,28733.6143,1769698799999
1769698800000,2876.29,2877.49,2797.01,2824.32,102468.461,1769702399999
1769702400000,2824.31,2836.45,2801.58,2835.03,81033.8684,1769705999999
1769706000000,2835.03,2860.05,2818.76,2824.34,36994.3645,1769709599999
1769709600000,2824.34,2834.44,2754.53,2763.98,84813.1229,1769713199999
1769713200000,2763.98,2811.34,2758.18,2797.53,39427.9706,1769716799999
1769716800000,2797.53,2812.32,2789.39,2805.85,17205.7118,1769720399999
1769720400000,2805.85,2825.1,2805.36,2819.83,14512.8165,1769723999999
1769724000000,2819.83,2825.23,2810.55,2819.95,6498.4327,1769727599999
1769727600000,2819.96,2827.59,2812.77,2822.59,8770.7664,1769731199999
1769731200000,2822.6,2828.65,2802.58,2805.0,11904.1786,1769734799999
1769734800000,2805.0,2813.31,2689.0,2747.15,100722.8664,1769738399999
1769738400000,2747.16,2751.29,2699.16,2736.56,52452.4905,1769741999999
1769742000000,2736.56,2748.34,2734.3,2741.11,17234.9452,1769745599999
1769745600000,2741.12,2774.83,2738.11,2752.99,23751.0564,1769749199999
1769749200000,2753.0,2760.61,2747.01,2747.02,11869.7987,1769752799999
1769752800000,2747.02,2748.54,2696.82,2718.56,31051.1263,1769756399999
1769756400000,2718.57,2750.93,2718.14,2740.16,36461.563,1769759999999
1769760000000,2740.17,2748.41,2722.85,2737.43,17392.8059,1769763599999
1769763600000,2737.43,2743.91,2710.0,2721.93,20444.465,1769767199999
1769767200000,2721.93,2736.92,2711.37,2736.19,12466.4061,1769770799999
1769770800000,2736.19,2768.78,2734.57,2759.88,14974.5409,1769774399999
1769774400000,2759.87,2766.53,2738.07,2740.49,14051.82,1769777999999
1769778000000,2740.49,2751.24,2719.54,2730.0,22328.5989,1769781599999
1769781600000,2730.0,2764.82,2723.55,2737.42,35122.1108,1769785199999
1769785200000,2737.43,2752.84,2693.42,2729.47,51736.8733,1769788799999
1769788800000,2729.46,2744.55,2706.22,2726.96,30038.929,1769792399999
1769792400000,2726.96,2740.99,2706.66,2712.53,33260.1452,1769795999999
1769796000000,2712.52,2750.11,2636.01,2740.27,104151.6581,1769799599999
1769799600000,2740.27,2761.46,2734.66,2742.4,37551.6865,1769803199999
1769803200000,2742.39,2742.87,2664.82,2680.72,66480.1275,1769806799999
1769806800000,2680.72,2715.09,2677.6,2704.93,27224.9129,1769810399999
1769810400000,2704.94,2709.92,2693.21,2709.92,12130.3423,1769813999999
1769814000000,2709.91,2711.86,2694.59,2707.38,8476.1777,1769817599999
1769817600000,2707.37,2714.64,2703.27,2706.48,7010.5456,1769821199999
1769821200000,2706.47,2714.53,2699.13,2700.0,8314.5512,1769824799999
1769824800000,2700.0,2708.64,2684.67,2702.05,11096.2378,1769828399999
1769828400000,2702.04,2706.47,2694.72,2695.86,5186.1379,1769831999999
1769832000000,2695.86,2704.82,2693.0,2695.66,5813.7768,1769835599999
1769835600000,2695.66,2703.47,2690.8,2698.05,7984.3101,1769839199999
1769839200000,2698.05,2701.0,2684.14,2692.9,11530.8432,1769842799999
1769842800000,2692.91,2693.81,2668.2,2680.06,11148.3585,1769846399999
1769846400000,2680.06,2683.49,2609.85,2644.03,65964.1615,1769849999999
1769850000000,2644.02,2659.8,2633.71,2648.35,17355.9275,1769853599999
1769853600000,2648.35,2655.7,2636.54,2651.67,8989.4318,1769857199999
1769857200000,2651.66,2651.67,2634.69,2640.72,9642.074,1769860799999
1769860800000,2640.72,2644.43,2628.63,2633.55,15841.5884,1769864399999
1769864400000,2633.55,2636.97,2618.0,2629.14,19347.5696,1769867999999
1769868000000,2629.14,2636.16,2510.01,2538.69,151198.8755,1769871599999
1769871600000,2538.69,2554.89,2526.38,2534.2,39821.6242,1769875199999
1769875200000,2534.2,2551.26,2468.06,2482.71,88576.4258,1769878799999
1769878800000,2482.71,2495.43,2370.0,2403.39,180516.4972,1769882399999
1769882400000,2403.39,2417.42,2250.0,2381.08,204390.8215,1769885999999
1769886000000,2381.07,2433.66,2372.37,2382.82,89128.6363,1769889599999
1769889600000,2382.83,2407.24,2355.24,2382.61,42997.5482,1769893199999
1769893200000,2382.6,2423.92,2373.21,2419.6,42879.7871,1769896799999
1769896800000,2419.6,2424.98,2406.34,2419.59,15968.4957,1769900399999
1769900400000,2419.58,2473.77,2416.94,2451.95,52393.4878,1769903999999
1769904000000,2451.96,2475.98,2446.12,2452.18,31996.0758,1769907599999
1769907600000,2452.18,2455.61,2429.15,2444.7,25046.808,1769911199999
1769911200000,2444.7,2461.81,2440.24,2452.61,18593.7778,1769914799999
1769914800000,2452.61,2456.62,2438.13,2445.46,17349.576,1769918399999
1769918400000,2445.46,2454.66,2441.52,2448.23,14512.1428,1769921999999
1769922000000,2448.23,2449.44,2424.56,2430.51,27364.6736,1769925599999
1769925600000,2430.52,2440.0,2408.17,2418.65,39396.8089,1769929199999
1769929200000,2418.66,2438.79,2393.46,2411.22,41360.5907,1769932799999
1769932800000,2411.22,2428.37,2396.57,2412.95,26787.2595,1769936399999
1769936400000,2412.95,2438.22,2406.63,2432.23,13076.8797,1769939999999
1769940000000,2432.23,2438.98,2376.1,2381.03,35950.3688,1769943599999
1769943600000,2381.04,2423.9,2381.03,2411.86,24016.0062,1769947199999
1769947200000,2411.86,2412.47,2365.0,2396.02,35212.3148,1769950799999
1769950800000,2396.01,2410.53,2370.1,2381.13,16675.0461,1769954399999
1769954400000,2381.13,2389.57,2326.96,2373.07,58996.7022,1769957999999
1769958000000,2373.07,2373.07,2285.4,2315.39,104485.0708,1769961599999
1769961600000,2315.47,2333.15,2284.17,2304.06,65276.3945,1769965199999
1769965200000,2304.07,2321.94,2296.92,2313.96,66387.2351,1769968799999
1769968800000,2313.96,2377.99,2313.33,2350.97,62483.8957,1769972399999
1769972400000,2350.96,2356.0,2306.29,2320.35,42306.8961,1769975999999
1769976000000,2320.35,2349.24,2298.56,2316.36,49601.9957,1769979599999
1769979600000,2316.35,2319.57,2279.16,2290.58,42305.8418,1769983199999
1769983200000,2290.59,2334.9,2287.18,2319.33,30333.6734,1769986799999
1769986800000,2319.33,2321.69,2222.0,2270.15,137057.9126,1769990399999
1769990400000,2270.16,2324.17,2242.33,2293.2,60689.7837,1769993999999
1769994000000,2293.21,2318.66,2250.13,2291.29,43004.2794,1769997599999
1769997600000,2291.3,2300.51,2259.48,2262.27,39005.3798,1770001199999
1770001200000,2262.27,2267.67,2166.14,2239.02,155660.4702,1770004799999
1770004800000,2239.01,2268.0,2207.55,2240.54,41154.0244,1770008399999
1770008400000,2240.54,2243.11,2184.95,2198.02,61147.3626,1770011999999
1770012000000,2198.02,2240.5,2157.14,2227.44,141581.6742,1770015599999
1770015600000,2227.43,2253.16,2217.57,2228.93,57911.8795,1770019199999
1770019200000,2228.93,2258.62,2228.93,2249.33,37267.1747,1770022799999
1770022800000,2249.33,2319.0,2237.57,2291.57,56425.2896,1770026399999
1770026400000,2291.58,2299.67,2273.52,2277.8,41471.2155,1770029999999
1770030000000,2277.8,2298.01,2273.5,2282.32,67266.3649,1770033599999
1770033600000,2282.32,2318.13,2282.01,2311.66,36325.7143,1770037199999
1770037200000,2311.65,2335.9,2302.45,2327.93,29550.5716,1770040799999
1770040800000,2327.93,2367.68,2274.19,2328.94,115148.8907,1770044399999
1770044400000,2328.93,2396.62,2320.0,2372.71,79805.834,1770047999999
1770048000000,2372.71,2387.31,2349.9,2358.71,40086.108,1770051599999
1770051600000,2358.71,2381.59,2345.74,2356.54,34835.4371,1770055199999
1770055200000,2356.53,2359.78,2332.74,2345.22,29357.1037,1770058799999
1770058800000,2345.22,2351.17,2327.68,2331.54,19470.9225,1770062399999
1770062400000,2331.52,2340.78,2313.33,2322.07,25644.5405,1770065999999
1770066000000,2322.07,2345.2,2319.21,2342.04,14736.4581,1770069599999
1770069600000,2342.04,2354.99,2336.0,2351.29,10355.6396,1770073199999
1770073200000,2351.3,2355.55,2340.0,2347.02,10633.0928,1770076799999
1770076800000,2347.01,2355.77,2325.23,2353.98,20152.9167,1770080399999
1770080400000,2353.98,2359.88,2337.87,2354.68,18244.219,1770083999999
1770084000000,2354.69,2354.87,2297.13,2298.72,25890.3164,1770087599999
1770087600000,2298.72,2345.15,2284.48,2344.03,28192.8775,1770091199999
1770091200000,2343.99,2354.99,2333.31,2345.57,58243.0576,1770094799999
1770094800000,2345.57,2345.79,2315.0,2316.12,36438.2864,1770098399999
1770098400000,2316.13,2328.49,2298.44,2320.48,22606.6425,1770101999999
1770102000000,2320.48,2333.61,2312.8,2323.12,25649.6096,1770105599999
1770105600000,2323.13,2332.57,2309.2,2315.77,20330.0489,1770109199999
1770109200000,2315.77,2318.9,2262.15,2292.06,48287.7233,1770112799999
1770112800000,2292.06,2299.94,2276.7,2281.79,16482.4883,1770116399999
1770116400000,2281.79,2288.49,2270.39,2276.68,40694.3986,1770119999999
1770120000000,2276.68,2306.01,2272.21,2301.32,27004.257,1770123599999
1770123600000,2301.31,2317.65,2296.44,2312.21,22529.4225,1770127199999
1770127200000,2312.22,2316.96,2255.02,2257.2,50376.2654,1770130799999
1770130800000,2257.19,2313.43,2251.94,2303.2,65777.0774,1770134399999
1770134400000,2303.21,2303.4,2235.19,2240.6,107134.5482,1770137999999
1770138000000,2240.6,2244.58,2193.5,2195.11,111725.7898,1770141599999
1770141600000,2195.11,2206.98,2110.0,2120.65,171392.473,1770145199999
1770145200000,2120.65,2218.4,2112.08,2205.28,109307.3092,1770148799999
1770148800000,2205.27,2343.82,2188.25,2299.46,150442.909,1770152399999
1770152400000,2299.46,2337.58,2279.76,2283.92,58783.3246,1770155999999
1770156000000,2283.93,2286.17,2229.01,2236.38,41969.2271,1770159599999
1770159600000,2236.38,2248.62,2212.84,2233.72,43444.1987,1770163199999
1770163200000,2233.72,2256.62,2223.88,2241.02,25337.5357,1770166799999
1770166800000,2241.03,2281.82,2241.03,2268.64,24417.1184,1770170399999
1770170400000,2268.65,2276.61,2242.55,2251.82,19657.235,1770173999999
1770174000000,2251.82,2295.74,2249.14,2283.37,24748.6839,1770177599999
1770177600000,2283.37,2290.09,2270.21,2273.78,13646.1597,1770181199999
1770181200000,2273.78,2280.54,2256.0,2265.4,16200.6492,1770184799999
1770184800000,2265.39,2284.3,2258.17,2277.54,16454.6598,1770188399999
1770188400000,2277.54,2293.99,2263.74,2283.85,31850.2964,1770191999999
1770192000000,2283.84,2285.9,2266.49,2279.73,17098.8024,1770195599999
1770195600000,2279.73,2279.91,2251.46,2260.65,18247.5106,1770199199999
1770199200000,2260.65,2264.44,2250.58,2260.74,11981.4312,1770202799999
1770202800000,2260.74,2267.32,2221.47,2254.86,85075.0719,1770206399999
1770206400000,2254.86,2263.3,2226.43,2243.92,53056.3496,1770209999999
1770210000000,2243.91,2246.09,2197.47,2198.63,57203.3888,1770213599999
1770213600000,2198.63,2226.28,2168.82,2171.87,87588.5577,1770217199999
1770217200000,2171.87,2197.26,2136.6,2151.83,124679.7803,1770220799999
1770220800000,2151.84,2161.14,2106.0,2135.05,129090.864,1770224399999
1770224400000,2135.04,2154.59,2093.5,2126.07,137960.4338,1770227999999
1770228000000,2126.07,2185.63,2076.68,2147.97,139137.5754,1770231599999
1770231600000,2147.97,2194.71,2133.31,2188.27,69042.1496,1770235199999
1770235200000,2188.26,2192.7,2161.79,2172.02,32577.3889,1770238799999
1770238800000,2172.03,2180.9,2108.56,2129.8,41761.8834,1770242399999
1770242400000,2129.8,2168.46,2088.01,2120.16,55357.069,1770245999999
1770246000000,2120.16,2165.65,2115.47,2148.26,32572.8353,1770249599999
1770249600000,2148.25,2164.15,2136.81,2149.78,18420.2987,1770253199999
1770253200000,2149.78,2173.77,2123.04,2148.55,37524.4443,1770256799999
1770256800000,2148.54,2163.67,2113.32,2124.31,46882.7278,1770260399999
1770260400000,2124.3,2136.68,2097.94,2110.0,70425.8791,1770263999999
1770264000000,2110.0,2125.26,2078.32,2104.03,67759.9965,1770267599999
1770267600000,2104.03,2124.55,2077.7,2101.42,54676.8449,1770271199999
1770271200000,2101.42,2107.72,2068.2,2087.57,60204.5995,1770274799999
1770274800000,2087.57,2124.32,2085.72,2091.4,49914.712,1770278399999
1770278400000,2091.5,2121.27,2091.32,2111.76,34195.5265,1770281999999
1770282000000,2111.8,2149.75,2111.16,2133.45,34085.5656,1770285599999
1770285600000,2133.46,2140.5,2086.54,2097.72,42052.9122,1770289199999
1770289200000,2097.72,2105.3,2061.96,2079.98,61549.2051,1770292799999
1770292800000,2079.98,2092.71,2043.16,2063.99,91567.2333,1770296399999
1770296400000,2063.98,2080.76,2048.38,2058.64,43161.8274,1770299999999
1770300000000,2058.64,2106.51,2042.42,2046.6,97110.5209,1770303599999
1770303600000,2046.59,2054.16,1927.33,1961.12,255705.748,1770307199999
1770307200000,1961.12,2018.33,1944.94,1998.68,116393.9324,1770310799999
1770310800000,1998.68,2001.77,1943.57,1955.09,79113.8792,1770314399999
1770314400000,1955.09,1968.73,1913.76,1950.3,102822.6992,1770317999999
1770318000000,1950.35,1953.81,1918.14,1928.76,79191.6388,1770321599999
1770321600000,1928.78,1943.06,1825.06,1869.59,221025.504,1770325199999
1770325200000,1869.6,1912.35,1840.04,1850.48,133385.2568,1770328799999
1770328800000,1850.42,1890.17,1818.18,1870.79,80415.387,1770332399999
1770332400000,1870.78,1907.66,1820.46,1826.83,74700.3559,1770335999999
1770336000000,1826.83,1892.65,1747.8,1870.61,251543.0577,1770339599999
1770339600000,1870.63,1940.16,1870.37,1932.17,113407.9511,1770343199999
1770343200000,1932.17,1947.84,1891.46,1907.49,48456.3513,1770346799999
1770346800000,1907.5,1917.88,1879.24,1891.82,54548.0956,1770350399999
1770350400000,1891.81,1917.8,1885.95,1909.03,34232.0514,1770353999999
1770354000000,1909.02,1975.75,1906.6,1958.69,53356.4351,1770357599999
1770357600000,1958.69,1967.27,1906.89,1908.32,77948.1055,1770361199999
1770361200000,1908.32,1915.15,1887.29,1899.42,102231.864,1770364799999
1770364800000,1899.41,1907.01,1866.13,1874.46,115044.0677,1770368399999
1770368400000,1874.46,1929.18,1871.1,1919.0,99856.6883,1770371999999
1770372000000,1919.08,1934.98,1909.69,1926.94,102748.7425,1770375599999
1770375600000,1926.93,1939.35,1919.96,1932.68,54954.1328,1770379199999
1770379200000,1932.67,1932.67,1914.88,1920.91,41598.4067,1770382799999
1770382800000,1920.91,1962.39,1919.29,1950.31,75652.1242,1770386399999
1770386400000,1950.31,2002.18,1933.33,1978.88,143645.8925,1770389999999
1770390000000,1978.89,1997.68,1961.24,1980.81,86980.506,1770393599999
1770393600000,1980.8,2046.6,1970.17,2036.17,123293.1654,1770397199999
1770397200000,2036.17,2090.13,2027.73,2067.01,130842.5306,1770400799999
1770400800000,2067.01,2070.19,2030.59,2044.61,90216.463,1770404399999
