open_ms,open,high,low,close,volume,close_ms
1613347200000,1800.03,2042.34,1655.67,1933.53,6415195.21066,1613951999999
1613952000000,1933.54,1936.29,1293.18,1419.18,10465746.31715,1614556799999
1614556800000,1418.67,1734.16,1409.91,1726.16,6929607.56181,1615161599999
1615161600000,1726.46,1944.3,1664.96,1848.1,6286994.50162,1615766399999
1615766400000,1848.1,1891.76,1711.68,1782.98,4470159.77967,1616371199999
1616371200000,1783.23,1807.51,1536.92,1687.01,3923684.95499,1616975999999
1616976000000,1687.16,2146.0,1677.85,2075.69,4835867.4205,1617580799999
1617580800000,2075.7,2200.0,1930.01,2151.36,4226761.72748,1618185599999
1618185600000,2151.42,2548.29,1946.8,2235.64,6115364.25272,1618790399999
1618790400000,2235.65,2644.47,2055.0,2320.49,9598920.80397,1619395199999
1619395200000,2320.44,2985.0,2303.64,2949.56,5669052.5008,1619999999999
1620000000000,2949.33,3983.65,2949.32,3923.95,8141949.96585,1620604799999
1620604800000,3923.95,4372.72,3343.06,3582.1,9789006.91047,1621209599999
1621209600000,3581.81,3587.06,1728.74,2096.39,17769636.20886,1621814399999
1621814400000,2096.63,2910.0,2079.94,2385.98,11069936.93243,1622419199999
1622419200000,2385.82,2891.95,2271.44,2711.92,7305827.50833,1623023999999
1623024000000,2711.92,2847.55,2256.22,2509.33,6934583.77736,1623628799999
1623628800000,2509.33,2640.0,2040.68,2243.47,4489080.67414,1624233599999
1624233600000,2243.49,2260.16,1700.48,1982.28,7332181.21578,1624838399999
1624838400000,1982.27,2389.93,1960.52,2322.69,5406154.19687,1625443199999
1625443200000,2322.69,2409.0,2046.51,2140.45,4693880.50963,1626047999999
1626048000000,2140.54,2167.83,1844.45,1891.64,4066002.34167,1626652799999
1626652800000,1891.65,2199.5,1706.0,2189.79,5095347.76508,1627257599999
1627257600000,2189.82,2697.61,2150.5,2555.69,5641339.08902,1627862399999
1627862400000,2555.5,3189.99,2442.32,3011.85,6778999.94652,1628467199999
1628467200000,3011.84,3330.98,2893.23,3307.09,5111451.04173,1629071999999
1629072000000,3307.35,3335.0,2950.0,3238.0,4086298.92413,1629676799999
1629676800000,3238.0,3377.89,3053.3,3223.47,3117774.63185,1630281599999
1630281600000,3223.47,4027.88,3143.0,3950.29,4245485.901,1630886399999
1630886400000,3950.28,3970.0,3005.0,3404.21,4465879.63069,1631491199999
1631491200000,3404.3,3676.28,3108.49,3328.62,2944982.7767,1632095999999
1632096000000,3328.57,3347.82,2652.0,3059.37,5153870.38815,1632700799999
1632700800000,3059.36,3488.0,2782.0,3417.73,3371510.7334,1633305599999
1633305600000,3417.73,3695.0,3270.0,3414.22,3329200.9484,1633910399999
1633910400000,3414.22,3971.0,3371.0,3846.85,3025204.9133,1634515199999
1634515200000,3847.0,4375.0,3676.0,4082.33,3218953.34257,1635119999999
1635120000000,4082.33,4460.47,3890.17,4287.21,3405230.00401,1635724799999
1635724800000,4287.48,4665.87,4146.3,4612.59,2574084.52541,1636329599999
1636329600000,4612.59,4868.0,4461.93,4626.5,2487265.63617,1636934399999
1636934400000,4626.5,4772.01,3956.44,4258.31,3286912.079,1637539199999
1637539200000,4259.7,4551.0,3913.0,4294.78,3257951.4345,1638143999999
1638144000000,4294.77,4778.75,3503.68,4196.44,4436039.4119,1638748799999
1638748800000,4196.44,4488.0,3828.22,4130.0,3290695.878,1639353599999
1639353600000,4130.0,4142.75,3643.73,3924.14,2948431.565,1639958399999
1639958400000,3924.14,4150.0,3753.0,4063.56,2019411.7582,1640563199999
1640563200000,4063.57,4127.46,3585.0,3828.27,1709257.0777,1641167999999
1641168000000,3828.11,3900.73,3000.0,3151.97,2765390.1877,1641772799999
1641772800000,3151.97,3411.43,2928.83,3346.88,2298174.7327,1642377599999
1642377600000,3346.89,3357.57,2300.0,2539.01,3957668.21457,1642982399999
1642982400000,2539.0,2722.0,2159.0,2601.68,4191797.71368,1643587199999
1643587200000,2601.67,3074.56,2476.07,3054.99,2957715.47702,1644191999999
1644192000000,3055.0,3283.66,2836.7,2871.13,2959352.1091,1644796799999
1644796800000,2871.14,3196.19,2576.0,2621.99,2822641.1922,1645401599999
1645401600000,2621.99,2878.0,2300.0,2616.79,5102759.6041,1646006399999
1646006400000,2616.79,3043.91,2535.0,2551.29,3629909.1001,1646611199999
1646611200000,2551.3,2775.85,2445.0,2515.65,3334395.4868,1647215999999
1647216000000,2515.66,2987.7,2498.67,2861.38,3153485.9131,1647820799999
1647820800000,2861.39,3299.37,2829.81,3295.65,3077928.9636,1648425599999
1648425600000,3295.65,3580.34,3210.68,3521.91,3217954.996,1649030399999
1649030400000,3521.9,3555.0,3143.15,3203.04,2989389.3282,1649635199999
1649635200000,3203.04,3213.63,2950.0,2988.06,2770152.0815,1650239999999
1650240000000,2988.07,3180.0,2883.22,2921.0,2706293.2595,1650844799999
1650844800000,2920.99,3039.54,2709.26,2824.81,3513007.2245,1651449599999
1651449600000,2824.81,2965.85,2484.0,2519.71,4016957.5406,1652054399999
1652054400000,2519.71,2530.78,1800.0,2145.29,9665837.76962,1652659199999
1652659200000,2145.29,2145.29,1903.18,2043.19,3934960.6044,1653263999999
1653264000000,2043.19,2088.5,1703.0,1813.64,5151103.95681,1653868799999
1653868800000,1813.64,2016.45,1737.0,1806.23,4894188.4294,1654473599999
1654473600000,1806.22,1920.0,1423.0,1434.84,7417256.10137,1655078399999
1655078400000,1434.84,1455.0,881.56,1128.53,16453316.35098,1655683199999
1655683200000,1128.53,1280.0,1043.65,1197.79,8696393.6118,1656287999999
1656288000000,1197.79,1238.93,998.0,1074.26,7610801.1468,1656892799999
1656892800000,1074.26,1276.46,1045.37,1168.36,7546048.7849,1657497599999
1657497600000,1168.37,1422.91,1006.32,1338.65,10309759.7535,1658102399999
1658102400000,1338.65,1664.34,1336.07,1597.7,9506416.08871,1658707199999
1658707200000,1597.7,1784.79,1356.17,1678.12,8346331.74535,1659311999999
1659312000000,1678.12,1749.93,1559.28,1700.19,5365873.8771,1659916799999
1659916800000,1700.2,2030.0,1656.78,1935.31,6005908.6758,1660521599999
1660521600000,1935.32,2012.47,1523.67,1618.13,6245075.8822,1661126399999
1661126400000,1618.13,1722.0,1424.0,1426.76,5680094.1028,1661731199999
1661731200000,1426.76,1650.0,1422.08,1579.28,5044263.2551,1662335999999
1662336000000,1579.29,1789.0,1490.66,1766.11,4668123.4131,1662940799999
1662940800000,1766.12,1783.0,1325.55,1334.51,5784488.7576,1663545599999
1663545600000,1334.51,1408.9,1220.0,1294.63,5736574.9099,1664150399999
1664150400000,1294.62,1400.0,1253.2,1276.72,4714233.4876,1664755199999
1664755200000,1276.72,1383.99,1263.04,1323.13,2899060.4732,1665359999999
1665360000000,1323.13,1343.12,1190.0,1305.95,3388589.4231,1665964799999
1665964800000,1305.96,1371.55,1252.65,1364.2,2951869.4931,1666569599999
1666569600000,1364.19,1663.06,1324.17,1590.44,6094414.837,1667174399999
1667174400000,1590.45,1680.0,1502.32,1568.29,4581252.7508,1667779199999
1667779200000,1568.25,1608.04,1073.53,1221.49,9856350.1681,1668383999999
1668384000000,1221.5,1291.2,1132.65,1142.21,3872561.5274,1668988799999
1668988800000,1142.21,1235.66,1075.0,1193.88,3852198.0722,1669593599999
1669593600000,1193.88,1309.77,1151.02,1279.41,3279474.5966,1670198399999
1670198400000,1279.4,1305.11,1218.01,1263.01,2267254.9617,1670803199999
1670803200000,1263.0,1352.72,1155.32,1183.06,3300225.297,1671407999999
1671408000000,1183.06,1237.99,1150.51,1218.51,1978460.2941,1672012799999
1672012800000,1218.52,1233.73,1181.06,1200.34,1565275.6649,1672617599999
1672617600000,1200.33,1296.0,1193.0,1290.16,1874373.9047,1673222399999
1673222400000,1290.15,1599.98,1285.44,1552.52,4219468.6884,1673827199999
1673827200000,1552.52,1679.26,1501.39,1627.44,3509158.2566,1674431999999
1674432000000,1627.43,1660.0,1518.0,1644.72,3426332.1614,1675036799999
1675036800000,1644.73,1714.68,1535.0,1629.02,3234339.8978,1675641599999
1675641600000,1629.01,1697.91,1490.0,1514.83,2973123.9347,1676246399999
1676246400000,1514.82,1742.97,1461.93,1679.75,3974311.7909,1676851199999
1676851200000,1679.74,1719.89,1557.33,1641.36,3113162.2863,1677455999999
1677456000000,1641.37,1677.86,1544.39,1564.58,3002562.809,1678060799999
1678060800000,1564.57,1594.19,1368.39,1580.33,5261721.2704,1678665599999
1678665600000,1580.33,1841.36,1565.0,1780.68,6262787.8403,1679270399999
1679270400000,1780.67,1857.16,1710.12,1773.88,4323928.0818,1679875199999
1679875200000,1773.88,1847.28,1686.13,1794.51,3373183.9183,1680479999999
1680480000000,1794.51,1942.98,1762.77,1858.92,2964842.5896,1681084799999
1681084800000,1858.91,2141.54,1846.4,2118.67,3684963.8428,1681689599999
1681689600000,2118.66,2125.0,1825.0,1862.0,3606341.1812,1682294399999
1682294400000,1862.01,1964.72,1785.0,1870.09,3455930.7413,1682899199999
1682899200000,1870.08,2019.0,1806.12,1870.4,3206970.9473,1683503999999
1683504000000,1870.41,1887.47,1740.0,1799.21,3088278.6267,1684108799999
1684108800000,1799.2,1846.7,1771.12,1804.91,1877652.6148,1684713599999
1684713600000,1804.91,1918.65,1761.41,1908.64,2198755.7685,1685318399999
1685318400000,1908.64,1927.62,1840.0,1890.01,1810516.8326,1685923199999
1685923200000,1890.0,1898.29,1715.03,1752.76,2735840.9155,1686527999999
1686528000000,1752.77,1770.13,1626.01,1720.95,2052207.1051,1687132799999
1687132800000,1720.95,1936.42,1698.0,1898.8,2571304.7446,1687737599999
1687737600000,1898.8,1959.2,1816.56,1937.48,2555824.0945,1688342399999
1688342400000,1937.49,1976.16,1826.0,1862.8,1745434.2954,1688947199999
1688947200000,1862.81,2029.11,1846.63,1922.11,2021480.9564,1689551999999
1689552000000,1922.12,1936.18,1851.18,1888.73,1454848.7617,1690156799999
1690156800000,1888.74,1890.86,1833.19,1861.79,1234833.0557,1690761599999
1690761600000,1861.79,1879.74,1813.8,1830.28,1323802.4295,1691366399999
1691366400000,1830.28,1876.51,1802.0,1840.73,1076853.3198,1691971199999
1691971200000,1840.73,1856.5,1550.0,1685.24,2319472.4485,1692575999999
1692576000000,1685.23,1702.11,1580.0,1658.33,1662375.1205,1693180799999
1693180800000,1658.33,1745.84,1602.33,1635.84,1763401.206,1693785599999
1693785600000,1635.84,1670.0,1600.0,1617.42,1308523.2053,1694390399999
1694390400000,1617.42,1654.08,1531.01,1622.48,1646998.1296,1694995199999
1694995200000,1622.48,1669.5,1567.77,1580.71,1263736.9807,1695599999999
1695600000000,1580.71,1751.0,1563.01,1733.79,1522616.2518,1696204799999
1696204800000,1733.8,1744.0,1606.73,1632.84,1508277.4331,1696809599999
1696809600000,1632.85,1636.0,1521.0,1557.77,1491107.7151,1697414399999
1697414400000,1557.78,1667.8,1541.61,1663.7,1768361.9508,1698019199999
1698019200000,1663.69,1865.54,1657.07,1795.14,2612130.0596,1698623999999
1698624000000,1795.14,1912.67,1777.11,1891.71,2246065.6763,1699228799999
1699228800000,1891.71,2136.99,1850.32,2044.68,3217824.3491,1699833599999
1699833600000,2044.69,2118.0,1904.0,2011.47,2909811.5943,1700438399999
1700438400000,2011.47,2133.02,1928.41,2062.33,2436005.7188,1701043199999
1701043200000,2062.34,2217.27,1985.78,2192.95,2059877.6581,1701647999999
1701648000000,2192.96,2403.0,2188.33,2352.39,2855044.4905,1702252799999
1702252800000,2352.39,2355.0,2144.32,2196.52,2589192.8571,1702857599999
1702857600000,2196.53,2343.15,2116.6,2264.05,2772501.3746,1703462399999
1703462400000,2264.04,2445.8,2178.45,2281.87,2701603.8776,1704067199999
1704067200000,2281.87,2431.3,2100.0,2221.42,2729092.4564,1704671999999
1704672000000,2221.42,2717.32,2166.38,2472.87,4583690.2125,1705276799999
1705276800000,2472.87,2614.43,2415.2,2457.05,2198099.091,1705881599999
1705881600000,2457.06,2466.1,2168.07,2256.9,2634723.4541,1706486399999
1706486400000,2256.9,2391.98,2233.8,2289.79,1929216.6968,1707091199999
1707091200000,2289.79,2539.63,2269.11,2507.21,2183844.0391,1707695999999
1707696000000,2507.22,2895.0,2472.0,2881.2,2884670.9657,1708300799999
1708300800000,2881.2,3122.0,2856.93,3112.59,3325600.6648,1708905599999
1708905600000,3112.6,3522.81,3036.59,3487.81,3918303.8282,1709510399999
1709510400000,3487.8,3993.75,3200.0,3878.47,4876443.9626,1710115199999
1710115200000,3878.47,4093.92,3412.0,3644.71,4498501.7667,1710719999999
1710720000000,3644.7,3645.02,3056.56,3454.98,4573957.9796,1711324799999
1711324800000,3454.99,3678.86,3420.12,3645.29,2678017.3235,1711929599999
1711929600000,3645.29,3645.95,3202.79,3454.2,2537269.621,1712534399999
1712534400000,3454.2,3730.71,2852.0,3155.11,4111856.8835,1713139199999
1713139200000,3155.11,3277.85,2865.18,3147.67,3082901.5669,1713743999999
1713744000000,3147.66,3357.4,3066.74,3263.45,2171496.9307,1714348799999
1714348800000,3263.44,3286.95,2817.0,3136.41,2745302.3283,1714953599999
1714953600000,3136.4,3221.4,2878.03,2929.29,1733118.1611,1715558399999
1715558400000,2929.3,3146.98,2862.0,3071.19,2006314.8675,1716163199999
1716163200000,3071.2,3949.29,3047.67,3826.47,4432688.1628,1716767999999
1716768000000,3826.47,3977.0,3702.58,3780.91,2008150.8132,1717372799999
1717372800000,3780.92,3887.47,3600.0,3706.4,1598380.5436,1717977599999
1717977600000,3706.4,3713.67,3362.26,3624.41,2002012.3791,1718582399999
1718582400000,3624.41,3638.37,3355.0,3420.91,2029677.9377,1719187199999
1719187200000,3420.91,3487.7,3240.0,3438.16,1642583.3763,1719791999999
1719792000000,3438.16,3524.94,2810.0,2931.0,2404392.0416,1720396799999
1720396800000,2930.99,3268.72,2822.8,3245.08,1811337.9883,1721001599999
1721001600000,3245.2,3547.0,3233.22,3535.92,1896101.9183,1721606399999
1721606400000,3535.93,3562.82,3087.53,3270.16,2073949.1765,1722211199999
1722211200000,3270.16,3396.77,2630.0,2688.92,2315109.2317,1722815999999
1722816000000,2688.91,2724.1,2111.0,2555.38,5404357.4398,1723420799999
1723420800000,2555.38,2780.0,2510.05,2612.15,2038545.3388,1724025599999
1724025600000,2612.15,2820.0,2536.22,2746.13,1770389.3741,1724630399999
1724630400000,2746.12,2762.0,2392.96,2425.72,1972091.5264,1725235199999
1725235200000,2425.71,2564.83,2150.55,2297.3,2205410.4186,1725839999999
1725840000000,2297.3,2464.82,2272.8,2316.1,1582774.647,1726444799999
1726444800000,2316.09,2632.57,2252.39,2581.0,1934203.9178,1727049599999
1727049600000,2580.99,2728.6,2539.49,2657.62,1700523.1697,1727654399999
1727654400000,2657.62,2663.5,2310.0,2440.03,1866301.096,1728259199999
1728259200000,2440.02,2521.0,2330.66,2468.91,1496864.6501,1728863999999
1728864000000,2468.92,2759.0,2443.39,2746.91,1988901.4205,1729468799999
1729468800000,2746.91,2769.48,2382.59,2507.8,2121027.5261,1730073599999
1730073600000,2507.8,2722.3,2411.0,2457.73,2528794.7142,1730678399999
1730678400000,2457.73,3248.52,2357.59,3183.21,4332044.1216,1731283199999
1731283200000,3183.2,3442.5,3014.5,3076.0,4891858.4823,1731887999999
1731888000000,3075.99,3497.51,3029.41,3361.2,4422697.3945,1732492799999
1732492800000,3361.21,3746.8,3252.0,3707.61,4295514.8505,1733097599999
1733097600000,3707.61,4087.73,3500.0,4004.15,4669905.3912,1733702399999
1733702400000,4004.15,4006.17,3509.0,3959.09,3822903.4975,1734307199999
1734307200000,3959.09,4107.8,3101.9,3281.83,5094815.4058,1734911999999
1734912000000,3281.83,3547.95,3216.97,3356.48,2008743.4021,1735516799999
1735516800000,3356.48,3675.25,3305.0,3635.99,1971470.8374,1736121599999
1736121600000,3636.0,3744.83,3158.0,3267.3,2728455.8925,1736726399999
1736726400000,3267.3,3525.72,2920.0,3215.12,4650735.5624,1737331199999
1737331200000,3215.2,3453.69,3142.78,3232.61,3594143.0907,1737935999999
1737936000000,3232.61,3437.31,2750.71,2869.68,3917894.0487,1738540799999
1738540800000,2869.68,2921.0,2125.01,2627.18,6935945.7161,1739145599999
1739145600000,2627.18,2795.45,2546.92,2661.41,2786533.3434,1739750399999
1739750400000,2661.41,2857.34,2605.44,2819.69,3853924.8175,1740355199999
1740355200000,2819.7,2839.95,2076.26,2518.11,6704218.924,1740959999999
1740960000000,2518.12,2523.56,1989.66,2020.41,5364278.6674,1741564799999
1741564800000,2020.43,2152.4,1754.28,1887.0,4688568.5488,1742169599999
1742169600000,1887.01,2069.9,1872.31,2005.99,2463197.0745,1742774399999
1742774400000,2005.99,2104.11,1767.69,1807.74,2960069.0978,1743379199999
1743379200000,1807.74,1957.0,1537.5,1580.76,3964057.6385,1743983999999
1743984000000,1580.77,1689.0,1385.05,1597.76,7601517.2827,1744588799999
1744588800000,1597.76,1691.5,1538.07,1587.36,2882924.9212,1745193599999
1745193600000,1587.36,1857.47,1537.26,1791.29,4456545.8725,1745798399999
1745798400000,1791.29,1873.17,1731.7,1808.86,2941122.6775,1746403199999
1746403200000,1808.86,2608.13,1752.0,2514.57,6134223.597,1747007999999
1747008000000,2514.58,2738.5,2323.21,2497.78,5609427.8904,1747612799999
1747612800000,2497.78,2734.23,2348.38,2551.22,5076059.3723,1748217599999
1748217600000,2551.22,2788.0,2468.56,2539.21,4022669.1595,1748822399999
1748822400000,2539.2,2679.88,2381.49,2509.83,3344811.759,1749427199999
1749427200000,2509.84,2879.22,2436.98,2547.61,5090252.9755,1750031999999
1750032000000,2547.62,2680.34,2111.89,2227.7,4122506.1539,1750636799999
1750636800000,2227.7,2525.0,2188.0,2500.09,2961524.7848,1751241599999
1751241600000,2500.09,2635.5,2373.0,2570.35,2819702.2414,1751846399999
1751846400000,2570.35,3040.15,2512.0,2972.03,3937696.2647,1752451199999
1752451200000,2972.03,3824.56,2932.46,3756.69,6187124.6691,1753055999999
1753056000000,3756.69,3879.82,3502.85,3872.1,4861139.2263,1753660799999
1753660800000,3872.11,3941.0,3354.28,3496.74,3821131.0731,1754265599999
1754265600000,3496.75,4332.6,3490.73,4250.57,3859485.7789,1754870399999
1754870400000,4250.58,4788.0,4166.77,4472.33,5480879.8797,1755475199999
1755475200000,4472.34,4956.78,4060.0,4780.15,5387659.71698,1756079999999
1756080000000,4780.15,4797.97,4257.2,4391.83,4346549.4528,1756684799999
1756684800000,4391.83,4491.84,4210.61,4306.19,2982279.2676,1757289599999
1757289600000,4306.19,4769.36,4276.76,4604.49,2909677.3399,1757894399999
1757894400000,4604.48,4670.28,4412.0,4444.97,2084983.7991,1758499199999
1758499200000,4444.98,4455.76,3815.0,4142.16,3296200.6113,1759103999999
1759104000000,4142.16,4618.17,4082.25,4514.32,2997297.5318,1759708799999
1759708800000,4514.32,4755.0,3435.0,4152.29,5107933.9309,1760313599999
1760313600000,4152.29,4292.0,3674.5,3982.58,4345072.9585,1760918399999
1760918400000,3982.58,4178.78,3710.0,4158.46,3081488.9408,1761523199999
1761523200000,4158.46,4253.72,3680.0,3906.58,2825722.9881,1762127999999
1762128000000,3906.58,3914.29,3057.0,3583.46,5260194.5621,1762732799999
1762732800000,3583.46,3658.98,3004.0,3095.29,4560190.5842,1763337599999
1763337600000,3095.29,3223.38,2623.57,2802.16,5034566.9119,1763942399999
1763942400000,2802.16,3099.0,2763.0,2991.26,2529724.5125,1764547199999
1764547200000,2991.25,3240.35,2716.04,3059.85,3494312.3852,1765151999999
1765152000000,3059.86,3447.44,3024.44,3063.5,2951590.4138,1765756799999
1765756800000,3063.49,3177.5,2775.19,3002.02,2777418.4113,1766361599999
1766361600000,3002.03,3077.39,2888.7,2950.91,1609371.7017,1766966399999
1766966400000,2950.91,3167.22,2910.25,3144.7,1828233.119,1767571199999
1767571200000,3144.71,3308.86,3054.65,3123.45,1966226.1958,1768175999999
1768176000000,3123.46,3402.89,3065.55,3284.03,2170190.7821,1768780799999
1768780800000,3284.04,3284.58,2787.0,2816.89,2620852.7895,1769385599999
1769385600000,2816.9,3045.78,2222.0,2270.15,4754809.2738,1769990399999
