open_ms,open,high,low,close,volume,close_ms
1738886400000,18.59,19.86,17.79,18.39,5908194.93,1738972799999
1738972800000,18.39,18.63,17.87,18.45,2487416.07,1739059199999
1739059200000,18.44,19.0,17.44,18.26,3353841.91,1739145599999
1739145600000,18.26,19.13,17.67,18.81,3713087.79,1739231999999
1739232000000,18.8,19.79,18.22,18.66,4263524.03,1739318399999
1739318400000,18.65,19.51,17.64,19.2,5633560.52,1739404799999
1739404800000,19.2,19.34,18.18,18.56,2549414.88,1739491199999
1739491200000,18.56,19.84,18.45,19.38,3273627.94,1739577599999
1739577600000,19.39,19.67,18.73,18.99,1679060.06,1739663999999
1739664000000,19.0,19.26,18.56,18.69,1828935.06,1739750399999
1739750400000,18.7,19.8,18.36,19.12,3643081.5,1739836799999
1739836800000,19.12,19.2,17.28,17.88,4505341.14,1739923199999
1739923200000,17.88,18.21,17.44,17.98,2675151.19,1740009599999
1740009600000,17.98,18.48,17.81,18.28,2731996.9,1740095999999
1740096000000,18.28,19.06,17.12,17.43,4587895.37,1740182399999
1740182400000,17.43,18.03,17.3,17.76,2055640.23,1740268799999
1740268800000,17.76,18.13,17.42,17.62,1720018.44,1740355199999
1740355200000,17.62,17.75,14.97,15.26,5293023.88,1740441599999
1740441600000,15.26,15.59,14.02,15.31,10228092.27,1740527999999
1740528000000,15.31,15.78,14.67,15.26,6144417.14,1740614399999
1740614400000,15.26,15.78,14.78,15.1,3366542.39,1740700799999
1740700800000,15.11,15.2,13.45,14.81,6722597.01,1740787199999
1740787200000,14.81,15.14,14.22,14.75,2768879.74,1740873599999
1740873600000,14.75,17.55,14.4,17.42,7915106.42,1740959999999
1740960000000,17.42,17.49,14.36,14.46,8257408.33,1741046399999
1741046400000,14.46,15.36,13.08,14.86,10326427.49,1741132799999
1741132800000,14.87,16.59,14.63,16.43,8116733.84,1741219199999
1741219200000,16.43,17.67,16.37,17.06,8697077.04,1741305599999
1741305600000,17.06,17.54,15.73,15.94,10299090.47,1741391999999
1741392000000,15.95,16.04,15.13,15.26,3134313.82,1741478399999
1741478400000,15.27,15.37,13.6,13.81,4248839.69,1741564799999
1741564800000,13.81,14.57,12.41,12.65,7677019.97,1741651199999
1741651200000,12.66,13.66,11.85,13.13,10016626.39,1741737599999
1741737600000,13.14,13.81,12.64,13.49,6327960.06,1741823999999
1741824000000,13.49,13.6,12.71,13.04,4141753.02,1741910399999
1741910400000,13.04,14.71,12.99,13.66,12755289.32,1741996799999
1741996800000,13.66,14.25,13.63,14.01,3408277.79,1742083199999
1742083200000,14.02,14.19,13.21,13.37,2780110.54,1742169599999
1742169600000,13.38,14.24,13.34,14.03,3319483.11,1742255999999
1742256000000,14.03,14.28,13.46,13.91,2922034.37,1742342399999
1742342400000,13.92,15.05,13.77,15.03,5082770.6,1742428799999
1742428800000,15.03,15.17,14.08,14.22,3092914.51,1742515199999
1742515200000,14.22,14.39,13.82,13.97,1751688.08,1742601599999
1742601600000,13.96,14.5,13.93,14.25,1474759.41,1742687999999
1742688000000,14.25,14.5,14.21,14.47,1401116.5,1742774399999
1742774400000,14.46,15.41,14.16,15.13,3509456.58,1742860799999
1742860800000,15.13,15.61,14.87,15.44,2219727.7,1742947199999
1742947200000,15.43,16.0,14.94,15.24,3150903.48,1743033599999
1743033600000,15.25,15.8,15.17,15.52,2499733.03,1743119999999
1743120000000,15.53,15.59,14.0,14.25,3532174.05,1743206399999
1743206400000,14.25,14.42,13.37,13.55,2413896.58,1743292799999
1743292800000,13.56,13.87,13.19,13.41,2061395.48,1743379199999
1743379200000,13.42,13.72,12.96,13.51,2664605.78,1743465599999
1743465600000,13.5,14.4,13.49,14.04,2669710.9,1743551999999
1743552000000,14.04,14.4,12.81,12.9,6814389.49,1743638399999
1743638400000,12.9,13.31,12.3,12.9,5139724.57,1743724799999
1743724800000,12.9,13.2,12.35,12.94,4559146.69,1743811199999
1743811200000,12.94,13.06,12.57,12.85,1414775.76,1743897599999
1743897600000,12.84,12.96,11.0,11.28,4370640.73,1743983999999
1743984000000,11.29,11.89,10.1,11.45,13409341.29,1744070399999
1744070400000,11.46,11.89,10.78,10.93,4384116.83,1744156799999
1744156800000,10.93,12.82,10.44,12.65,8980891.69,1744243199999
1744243200000,12.65,12.67,11.68,12.08,4138245.7,1744329599999
1744329600000,12.07,12.9,12.02,12.64,3323588.23,1744415999999
1744416000000,12.64,13.29,12.47,13.15,2468342.79,1744502399999
1744502400000,13.15,13.23,12.43,12.62,3154296.08,1744588799999
1744588800000,12.63,13.25,12.57,12.63,2801098.17,1744675199999
1744675200000,12.64,12.84,12.21,12.24,3088546.47,1744761599999
1744761600000,12.24,12.53,11.89,12.35,2896851.83,1744847999999
1744848000000,12.35,12.71,12.2,12.54,2255618.77,1744934399999
1744934400000,12.54,12.72,12.4,12.56,1155230.48,1745020799999
1745020800000,12.57,13.06,12.53,12.94,1188404.07,1745107199999
1745107200000,12.93,13.6,12.87,13.28,2277566.14,1745193599999
1745193600000,13.29,13.7,12.96,13.11,2623398.74,1745279999999
1745280000000,13.1,14.18,12.88,14.13,3872482.56,1745366399999
1745366400000,14.13,15.28,14.01,15.02,4479481.4,1745452799999
1745452800000,15.02,15.15,14.15,15.06,3263326.6,1745539199999
1745539200000,15.06,15.36,14.71,14.92,3790777.91,1745625599999
1745625600000,14.92,15.28,14.67,14.86,2127724.28,1745711999999
1745712000000,14.87,15.1,14.37,14.56,2456622.73,1745798399999
1745798400000,14.56,15.11,14.24,15.03,3049340.9,1745884799999
1745884800000,15.03,15.24,14.47,14.6,2173196.17,1745971199999
1745971200000,14.61,14.76,13.83,14.3,2127588.64,1746057599999
1746057600000,14.3,15.04,14.3,14.74,2952704.48,1746143999999
1746144000000,14.74,15.03,14.49,14.65,2801948.57,1746230399999
1746230400000,14.65,14.67,14.16,14.24,1788850.74,1746316799999
1746316800000,14.24,14.37,13.81,13.86,1579429.9,1746403199999
1746403200000,13.86,14.2,13.48,13.65,2448399.35,1746489599999
1746489600000,13.65,13.89,13.2,13.82,2166912.06,1746575999999
1746576000000,13.82,14.09,13.46,13.82,1873337.32,1746662399999
1746662400000,13.81,15.99,13.81,15.88,5676038.21,1746748799999
1746748800000,15.89,16.73,15.58,16.01,6902689.72,1746835199999
1746835200000,16.01,17.47,15.86,17.34,5230336.13,1746921599999
1746921600000,17.34,17.42,16.3,17.1,4824652.78,1747007999999
1747008000000,17.1,17.98,16.03,16.74,6485836.98,1747094399999
1747094400000,16.74,17.81,16.03,17.39,5140765.42,1747180799999
1747180800000,17.4,17.53,16.67,17.01,3739156.87,1747267199999
1747267200000,17.02,17.21,15.69,16.04,4599640.32,1747353599999
1747353600000,16.04,16.54,15.61,15.76,3037327.69,1747439999999
1747440000000,15.76,15.79,15.07,15.32,2634568.83,1747526399999
1747526400000,15.33,16.4,14.88,15.88,4286878.87,1747612799999
1747612800000,15.88,16.01,14.84,15.78,4330819.39,1747699199999
1747699200000,15.79,16.42,15.24,15.71,4389269.1,1747785599999
1747785600000,15.71,16.49,15.52,16.1,6093462.07,1747871999999
1747872000000,16.1,16.91,16.04,16.74,4542884.36,1747958399999
1747958400000,16.74,17.16,15.42,15.53,6190632.79,1748044799999
1748044800000,15.53,15.91,15.24,15.34,2601739.54,1748131199999
1748131200000,15.34,15.56,14.86,15.54,2236117.68,1748217599999
1748217600000,15.54,15.96,15.4,15.54,2143637.24,1748303999999
1748304000000,15.54,16.13,15.15,15.91,2513450.22,1748390399999
1748390400000,15.91,16.16,15.31,15.69,2287285.42,1748476799999
1748476800000,15.69,16.19,15.0,15.05,3470428.69,1748563199999
1748563200000,15.05,15.12,13.76,13.9,6106096.75,1748649599999
1748649600000,13.89,14.19,13.39,13.97,3241877.57,1748735999999
1748736000000,13.97,14.13,13.58,14.06,1673437.42,1748822399999
1748822400000,14.06,14.12,13.59,14.07,1803670.48,1748908799999
1748908800000,14.08,14.45,13.98,14.11,2397370.67,1748995199999
1748995200000,14.12,14.48,13.7,13.83,1698210.37,1749081599999
1749081600000,13.84,14.04,12.64,12.89,4325191.79,1749167999999
1749168000000,12.89,13.69,12.82,13.56,2892254.8,1749254399999
1749254400000,13.57,14.08,13.48,13.83,1796907.09,1749340799999
1749340800000,13.82,13.98,13.55,13.73,1301631.33,1749427199999
1749427200000,13.73,14.4,13.54,14.36,2139591.17,1749513599999
1749513600000,14.36,15.53,14.32,15.45,4610246.8,1749599999999
1749600000000,15.45,15.66,14.77,14.89,4342696.57,1749686399999
1749686400000,14.89,14.93,13.83,13.97,3957934.78,1749772799999
1749772800000,13.98,13.99,12.75,13.44,6529679.32,1749859199999
1749859200000,13.45,13.46,12.83,13.15,1849077.29,1749945599999
1749945600000,13.16,13.33,13.0,13.3,1457954.35,1750031999999
1750032000000,13.3,14.17,13.17,13.56,2758548.76,1750118399999
1750118400000,13.57,13.79,12.8,12.99,3726610.19,1750204799999
1750204800000,13.0,13.23,12.63,13.11,2573912.22,1750291199999
1750291200000,13.12,13.38,12.91,13.07,1851285.83,1750377599999
1750377600000,13.07,13.29,12.3,12.51,2738596.05,1750463999999
1750464000000,12.51,12.75,11.69,12.03,2605780.15,1750550399999
1750550400000,12.03,12.2,10.94,11.65,5918789.6,1750636799999
1750636800000,11.65,12.97,11.39,12.82,4411334.51,1750723199999
1750723200000,12.83,13.73,12.78,13.42,4188366.46,1750809599999
1750809600000,13.42,13.51,12.99,13.13,2471771.03,1750895999999
1750896000000,13.14,13.57,12.88,12.94,1893346.8,1750982399999
1750982400000,12.94,13.23,12.73,13.05,1558205.31,1751068799999
1751068800000,13.05,13.45,13.0,13.39,1200113.9,1751155199999
1751155200000,13.4,13.88,13.24,13.7,1498678.23,1751241599999
1751241600000,13.71,13.78,13.12,13.38,2514005.77,1751327999999
1751328000000,13.37,13.44,12.78,12.9,1734062.81,1751414399999
1751414400000,12.9,13.85,12.73,13.56,3263950.46,1751500799999
1751500800000,13.55,14.08,13.43,13.67,3061053.26,1751587199999
1751587200000,13.66,13.78,12.93,13.16,2145964.77,1751673599999
1751673600000,13.16,13.27,12.99,13.23,900526.54,1751759999999
1751760000000,13.23,13.7,13.1,13.48,1349555.74,1751846399999
1751846400000,13.49,13.73,13.25,13.44,1830708.82,1751932799999
1751932800000,13.43,14.0,13.2,13.96,2064962.22,1752019199999
1752019200000,13.97,14.38,13.81,14.25,3387387.4,1752105599999
1752105600000,14.25,15.34,14.15,15.23,3789246.68,1752191999999
1752192000000,15.24,15.88,15.01,15.28,5080650.86,1752278399999
1752278400000,15.29,15.48,14.7,15.11,2060919.92,1752364799999
1752364800000,15.11,15.95,15.04,15.66,2764273.77,1752451199999
1752451200000,15.66,16.47,15.57,15.75,4507587.92,1752537599999
1752537600000,15.76,16.2,15.14,16.11,4643980.94,1752623999999
1752624000000,16.11,17.04,15.82,16.67,5287087.42,1752710399999
1752710400000,16.68,18.1,16.32,18.0,5904663.79,1752796799999
1752796800000,18.0,19.17,17.32,17.83,9174118.14,1752883199999
1752883200000,17.83,18.55,17.53,18.39,3650635.55,1752969599999
1752969600000,18.4,20.01,18.32,19.27,6911594.44,1753055999999
1753056000000,19.28,20.28,18.98,19.5,5619450.18,1753142399999
1753142400000,19.49,19.99,18.63,19.66,5855280.76,1753228799999
1753228800000,19.66,19.76,17.55,18.18,5010078.18,1753315199999
1753315200000,18.18,18.69,17.15,17.91,4483165.69,1753401599999
1753401600000,17.92,18.49,17.23,18.28,4032429.61,1753487999999
1753488000000,18.29,18.64,18.16,18.41,2049354.9,1753574399999
1753574400000,18.41,19.3,18.35,19.24,2938359.71,1753660799999
1753660800000,19.24,19.56,17.97,18.12,3736717.03,1753747199999
1753747200000,18.11,18.64,17.47,17.83,3802532.57,1753833599999
1753833600000,17.84,17.95,16.77,17.71,3659853.89,1753919999999
1753920000000,17.72,18.24,16.84,16.92,3516703.42,1754006399999
1754006400000,16.93,17.03,15.67,16.07,6610546.3,1754092799999
1754092800000,16.07,16.27,15.43,15.65,3023394.29,1754179199999
1754179200000,15.64,16.4,15.44,16.3,1579840.27,1754265599999
1754265600000,16.3,17.2,16.27,17.11,2701936.82,1754351999999
1754352000000,17.12,17.12,16.08,16.38,3046165.48,1754438399999
1754438400000,16.39,16.91,16.03,16.67,1844029.67,1754524799999
1754524800000,16.67,18.5,16.57,18.48,5571750.6,1754611199999
1754611200000,18.47,19.98,18.08,19.89,7663560.63,1754697599999
1754697600000,19.89,21.99,19.78,21.94,7563414.97,1754783999999
1754784000000,21.95,22.7,21.15,22.06,8655572.56,1754870399999
1754870400000,22.07,22.61,20.84,21.07,7095724.29,1754956799999
1754956800000,21.07,24.2,21.0,23.6,11374582.29,1755043199999
1755043200000,23.6,24.74,23.23,23.98,11235490.05,1755129599999
1755129600000,23.98,24.31,21.51,22.46,10838260.75,1755215999999
1755216000000,22.45,23.04,21.36,21.76,5502258.56,1755302399999
1755302400000,21.75,22.97,21.39,22.64,4847903.21,1755388799999
1755388800000,22.64,26.33,22.36,25.64,11607242.36,1755475199999
1755475200000,25.64,26.76,24.29,25.78,16005492.4,1755561599999
1755561600000,25.79,25.81,23.42,23.56,12457022.21,1755647999999
1755648000000,23.56,26.89,23.36,26.45,14580303.4,1755734399999
1755734400000,26.45,26.6,24.63,24.82,8579726.43,1755820799999
1755820800000,24.82,27.87,24.09,26.79,17391120.82,1755907199999
1755907200000,26.8,26.83,25.52,26.28,6342745.06,1755993599999
1755993600000,26.28,26.62,25.21,25.82,7437373.67,1756079999999
1756080000000,25.82,26.46,23.08,23.38,10082049.36,1756166399999
1756166400000,23.38,24.76,22.88,24.38,8019450.82,1756252799999
1756252800000,24.37,24.69,23.58,23.78,7229659.66,1756339199999
1756339200000,23.78,26.03,23.56,25.18,12872418.89,1756425599999
1756425600000,25.18,25.23,23.11,23.43,9640370.92,1756511999999
1756512000000,23.43,23.52,22.83,23.51,2759889.54,1756598399999
1756598400000,23.51,24.06,23.18,23.2,4221549.06,1756684799999
1756684800000,23.2,23.87,22.09,22.51,6922598.37,1756771199999
1756771200000,22.52,23.6,22.34,23.49,5570998.65,1756857599999
1756857600000,23.49,23.91,23.21,23.69,3694295.37,1756943999999
1756944000000,23.69,23.97,22.18,22.32,3947853.36,1757030399999
1757030400000,22.32,23.24,22.04,22.28,6727388.7,1757116799999
1757116800000,22.28,22.52,21.87,22.19,2487454.71,1757203199999
1757203200000,22.2,22.61,22.12,22.47,1891346.07,1757289599999
1757289600000,22.47,23.31,22.23,23.04,3767545.95,1757375999999
1757376000000,23.04,23.82,22.83,23.05,4633041.62,1757462399999
1757462400000,23.05,23.93,22.89,23.57,3302753.17,1757548799999
1757548800000,23.57,24.5,23.31,24.47,4025863.56,1757635199999
1757635200000,24.47,25.33,24.16,25.13,4645718.7,1757721599999
1757721600000,25.12,25.64,24.44,24.88,4154255.78,1757807999999
1757808000000,24.88,25.02,23.84,24.09,2601143.16,1757894399999
1757894400000,24.1,24.44,22.97,23.56,3698495.94,1757980799999
1757980800000,23.56,23.76,23.1,23.48,2566010.45,1758067199999
1758067200000,23.49,24.24,22.75,23.99,5315579.68,1758153599999
1758153600000,24.0,24.75,23.68,24.62,3504432.03,1758239999999
1758240000000,24.63,24.89,23.27,23.47,4258058.9,1758326399999
1758326400000,23.48,23.66,23.09,23.34,1692009.53,1758412799999
1758412800000,23.33,23.49,22.9,22.96,1321893.75,1758499199999
1758499200000,22.95,23.05,20.24,21.65,8224657.83,1758585599999
1758585600000,21.66,22.05,21.17,21.52,3338803.5,1758671999999
1758672000000,21.52,21.97,20.98,21.6,4170756.29,1758758399999
1758758400000,21.61,21.66,19.82,20.14,6221553.31,1758844799999
1758844800000,20.15,21.24,19.93,21.07,3841681.96,1758931199999
1758931200000,21.07,21.15,20.73,20.91,986010.15,1759017599999
1759017600000,20.92,21.71,20.43,21.68,1599640.6,1759103999999
1759104000000,21.68,21.9,20.9,21.74,2497335.67,1759190399999
1759190400000,21.73,21.87,20.96,21.3,2883237.53,1759276799999
1759276800000,21.31,22.63,21.05,22.58,3207385.07,1759363199999
1759363200000,22.57,23.13,21.93,22.77,3766228.87,1759449599999
1759449600000,22.78,23.09,22.09,22.5,4104599.03,1759535999999
1759536000000,22.5,22.62,21.76,22.01,2081829.77,1759622399999
1759622400000,22.02,22.94,21.88,22.0,2618277.27,1759708799999
1759708800000,22.0,23.6,21.47,23.37,5609599.65,1759795199999
1759795200000,23.37,23.73,21.75,21.79,5844902.56,1759881599999
1759881600000,21.8,22.67,21.62,22.63,2790526.23,1759967999999
1759968000000,22.63,22.67,21.32,21.99,3321045.72,1760054399999
1760054400000,22.0,22.78,7.9,17.31,23919723.86,1760140799999
1760140800000,17.31,19.0,16.6,17.2,11458227.87,1760227199999
1760227200000,17.2,19.42,16.68,19.0,7320321.66,1760313599999
1760313600000,19.0,20.19,18.73,19.84,8049413.89,1760399999999
1760400000000,19.84,20.07,18.07,19.1,7462448.83,1760486399999
1760486400000,19.1,19.26,17.73,18.06,4509983.09,1760572799999
1760572800000,18.05,18.63,17.1,17.43,5003348.51,1760659199999
1760659200000,17.42,17.69,15.69,16.61,7835846.23,1760745599999
1760745600000,16.61,17.01,16.57,16.82,1907438.23,1760831999999
1760832000000,16.81,17.66,16.53,17.29,3899283.36,1760918399999
1760918400000,17.29,19.19,16.93,18.66,7350769.65,1761004799999
1761004800000,18.66,18.97,17.53,17.61,7395919.32,1761091199999
1761091200000,17.6,17.84,16.71,17.2,4748622.1,1761177599999
1761177600000,17.2,17.79,17.09,17.44,3347662.36,1761263999999
1761264000000,17.44,18.1,17.29,17.89,3108106.38,1761350399999
1761350400000,17.89,18.25,17.79,18.02,1335088.7,1761436799999
1761436800000,18.02,18.69,17.69,18.55,3365251.69,1761523199999
1761523200000,18.54,19.06,18.08,18.22,3943961.89,1761609599999
1761609600000,18.21,18.83,17.43,17.83,4096933.57,1761695999999
1761696000000,17.83,18.67,17.54,18.13,5416675.72,1761782399999
1761782400000,18.14,18.43,16.32,16.8,6399161.49,1761868799999
1761868800000,16.8,17.46,16.73,17.24,3731444.08,1761955199999
1761955200000,17.24,17.44,17.04,17.14,1754292.31,1762041599999
1762041600000,17.15,17.64,16.99,17.58,2182107.95,1762127999999
1762128000000,17.59,17.66,14.51,15.25,8552762.39,1762214399999
1762214400000,15.25,15.51,13.69,14.68,10850755.72,1762300799999
1762300800000,14.69,15.4,13.98,15.09,5894032.13,1762387199999
1762387200000,15.08,15.24,14.24,14.74,3839934.18,1762473599999
1762473600000,14.74,16.23,14.31,15.79,5993232.84,1762559999999
1762560000000,15.79,16.03,15.12,15.51,4114455.99,1762646399999
1762646400000,15.52,16.13,15.02,15.93,3070400.01,1762732799999
1762732800000,15.92,16.67,15.79,16.36,4747415.9,1762819199999
1762819200000,16.36,16.8,15.25,15.28,4143466.43,1762905599999
1762905600000,15.28,16.25,14.92,15.15,4424573.31,1762991999999
1762992000000,15.15,16.02,14.14,14.54,5949252.14,1763078399999
1763078400000,14.55,14.61,13.58,13.81,6599254.26,1763164799999
1763164800000,13.81,14.34,13.79,14.14,2552274.78,1763251199999
1763251200000,14.14,14.54,13.4,13.73,5401879.85,1763337599999
1763337600000,13.73,14.29,13.08,13.33,5381203.2,1763423999999
1763424000000,13.34,14.0,13.06,13.79,4903240.7,1763510399999
1763510400000,13.8,13.83,12.77,13.53,5275849.25,1763596799999
1763596800000,13.53,14.0,12.77,12.93,7252067.4,1763683199999
1763683200000,12.94,13.22,11.61,12.11,10358430.4,1763769599999
1763769600000,12.12,12.31,11.74,12.17,3456903.63,1763855999999
1763856000000,12.17,12.75,12.11,12.53,4334135.56,1763942399999
1763942400000,12.52,13.21,12.3,12.97,4496999.27,1764028799999
1764028800000,12.97,13.22,12.55,13.09,4555186.5,1764115199999
1764115200000,13.08,13.51,12.75,13.46,3028988.41,1764201599999
1764201600000,13.45,13.57,13.23,13.34,1701459.82,1764287999999
1764288000000,13.33,13.55,13.04,13.13,2123209.77,1764374399999
1764374400000,13.12,13.22,12.91,12.99,1416097.99,1764460799999
1764460800000,12.99,13.42,12.93,12.95,1500368.36,1764547199999
1764547200000,12.95,12.99,11.74,12.07,5522451.03,1764633599999
1764633600000,12.07,13.59,11.98,13.47,4969655.99,1764719999999
1764720000000,13.47,14.75,13.43,14.64,7868526.73,1764806399999
1764806400000,14.64,14.93,13.97,14.25,3758770.08,1764892799999
1764892800000,14.25,14.4,13.36,13.59,3480586.8,1764979199999
1764979200000,13.59,14.08,13.49,13.92,1853489.23,1765065599999
1765065600000,13.91,14.18,13.17,13.65,3292175.7,1765151999999
1765152000000,13.65,14.29,13.56,13.76,2670832.64,1765238399999
1765238400000,13.76,15.01,13.53,14.41,3722324.34,1765324799999
1765324800000,14.41,14.89,13.94,14.1,4263150.6,1765411199999
1765411200000,14.09,14.21,13.4,14.07,3338662.89,1765497599999
1765497600000,14.06,14.35,13.27,13.63,2772453.23,1765583999999
1765584000000,13.64,13.97,13.6,13.74,1138943.54,1765670399999
1765670400000,13.74,13.8,13.09,13.28,1444630.59,1765756799999
1765756800000,13.28,13.74,12.47,12.85,3683730.69,1765843199999
1765843200000,12.86,13.13,12.55,12.93,3079222.23,1765929599999
1765929600000,12.93,13.18,12.12,12.27,4482766.86,1766015999999
1766016000000,12.26,12.88,11.74,11.93,4358098.12,1766102399999
1766102400000,11.93,12.76,11.84,12.54,3247113.51,1766188799999
1766188800000,12.54,12.72,12.48,12.56,931824.28,1766275199999
1766275200000,12.55,12.71,12.22,12.44,1465467.53,1766361599999
1766361600000,12.44,12.95,12.33,12.58,2293793.13,1766447999999
1766448000000,12.58,12.7,12.07,12.39,2796573.57,1766534399999
1766534400000,12.39,12.44,12.01,12.28,1615917.48,1766620799999
1766620800000,12.27,12.43,11.99,12.07,1333620.15,1766707199999
1766707200000,12.06,12.54,12.02,12.19,1924237.68,1766793599999
1766793600000,12.18,12.55,12.16,12.52,1069666.97,1766879999999
1766880000000,12.52,12.6,12.32,12.5,1277287.38,1766966399999
1766966400000,12.5,13.03,12.25,12.3,2954854.09,1767052799999
1767052800000,12.31,12.61,12.26,12.42,1646109.08,1767139199999
1767139200000,12.42,12.55,12.19,12.21,1623004.35,1767225599999
1767225600000,12.2,12.64,12.15,12.6,1298317.35,1767311999999
1767312000000,12.61,13.43,12.58,13.27,3912084.12,1767398399999
1767398400000,13.27,13.37,12.97,13.23,1815555.33,1767484799999
1767484800000,13.24,13.58,13.21,13.43,1896532.62,1767571199999
1767571200000,13.42,14.13,13.4,13.9,4109474.72,1767657599999
1767657600000,13.91,14.24,13.47,14.04,4765607.39,1767743999999
1767744000000,14.03,14.04,13.29,13.44,3137962.62,1767830399999
1767830400000,13.45,13.56,13.03,13.21,2702515.67,1767916799999
1767916800000,13.22,13.45,13.03,13.14,2260152.41,1768003199999
1768003200000,13.14,13.26,13.07,13.13,1031188.16,1768089599999
1768089600000,13.14,13.37,13.05,13.21,1177324.14,1768175999999
1768176000000,13.21,13.52,12.93,13.08,2177683.73,1768262399999
1768262400000,13.08,14.18,13.05,14.06,3292078.9,1768348799999
1768348800000,14.06,14.4,13.85,14.11,3393667.12,1768435199999
1768435200000,14.11,14.22,13.56,13.8,3074233.52,1768521599999
1768521600000,13.8,13.87,13.43,13.73,1843762.86,1768607999999
1768608000000,13.73,13.9,13.63,13.75,931201.13,1768694399999
1768694400000,13.74,13.88,13.3,13.32,1741389.83,1768780799999
1768780800000,13.31,13.32,12.37,12.88,4620041.93,1768867199999
1768867200000,12.88,12.91,12.03,12.12,2563317.41,1768953599999
1768953600000,12.13,12.66,11.89,12.4,2945663.72,1769039999999
1769040000000,12.4,12.58,12.12,12.27,1814067.05,1769126399999
1769126400000,12.26,12.5,12.04,12.22,1371389.49,1769212799999
1769212800000,12.22,12.28,12.13,12.2,873927.83,1769299199999
1769299200000,12.21,12.22,11.36,11.52,2941954.24,1769385599999
1769385600000,11.53,12.13,11.51,11.95,2032874.78,1769471999999
1769472000000,11.94,12.19,11.84,12.03,2172577.81,1769558399999
1769558400000,12.03,12.07,11.69,11.84,1644483.52,1769644799999
1769644800000,11.85,11.87,10.83,11.13,3626057.88,1769731199999
1769731200000,11.13,11.17,10.51,10.79,4786187.32,1769817599999
1769817600000,10.79,10.84,8.97,9.99,9723508.97,1769903999999
1769904000000,9.99,10.08,9.22,9.41,5435399.92,1769990399999
1769990400000,9.4,10.04,9.02,9.81,7134765.79,1770076799999
1770076800000,9.8,9.9,9.08,9.49,5840286.03,1770163199999
1770163200000,9.49,9.78,9.02,9.25,5382703.22,1770249599999
1770249600000,9.26,9.36,7.85,7.92,12548184.43,1770335999999
