open_ms,open,high,low,close,volume,close_ms
1767816000000,13.4,13.43,13.31,13.36,61056.3,1767819599999
1767819600000,13.36,13.42,13.34,13.36,47763.91,1767823199999
1767823200000,13.35,13.45,13.31,13.36,59461.9,1767826799999
1767826800000,13.36,13.47,13.3,13.44,117176.8,1767830399999
1767830400000,13.45,13.52,13.39,13.51,97194.37,1767833999999
1767834000000,13.51,13.56,13.49,13.52,71560.33,1767837599999
1767837600000,13.52,13.56,13.39,13.43,74321.52,1767841199999
1767841200000,13.43,13.49,13.32,13.34,72970.79,1767844799999
1767844800000,13.34,13.47,13.32,13.42,52254.87,1767848399999
1767848400000,13.43,13.48,13.35,13.37,40921.99,1767851999999
1767852000000,13.38,13.39,13.13,13.13,184690.35,1767855599999
1767855600000,13.14,13.33,13.07,13.32,201028.26,1767859199999
1767859200000,13.32,13.37,13.22,13.23,119635.64,1767862799999
1767862800000,13.24,13.27,13.15,13.16,75092.88,1767866399999
1767866400000,13.16,13.32,13.09,13.28,116501.49,1767869999999
1767870000000,13.28,13.3,13.17,13.22,111767.27,1767873599999
1767873600000,13.23,13.23,13.1,13.15,272787.24,1767877199999
1767877200000,13.15,13.2,13.1,13.16,120678.98,1767880799999
1767880800000,13.16,13.19,13.03,13.13,311929.2,1767884399999
1767884400000,13.12,13.31,13.05,13.3,256219.31,1767887999999
1767888000000,13.3,13.32,13.15,13.3,116524.67,1767891599999
1767891600000,13.3,13.35,13.22,13.32,88206.06,1767895199999
1767895200000,13.32,13.33,13.22,13.23,58664.79,1767898799999
1767898800000,13.24,13.29,13.17,13.2,41069.2,1767902399999
1767902400000,13.2,13.2,13.1,13.18,66891.52,1767905999999
1767906000000,13.18,13.29,13.18,13.28,58542.19,1767909599999
1767909600000,13.28,13.34,13.21,13.27,54029.17,1767913199999
1767913200000,13.28,13.29,13.21,13.21,39033.58,1767916799999
1767916800000,13.22,13.3,13.21,13.26,56874.64,1767920399999
1767920400000,13.27,13.38,13.17,13.21,173115.16,1767923999999
1767924000000,13.22,13.33,13.21,13.24,61813.79,1767927599999
1767927600000,13.24,13.32,13.21,13.32,51880.27,1767931199999
1767931200000,13.31,13.33,13.2,13.22,139873.24,1767934799999
1767934800000,13.21,13.27,13.19,13.27,35685.59,1767938399999
1767938400000,13.27,13.32,13.24,13.32,51174.15,1767941999999
1767942000000,13.32,13.32,13.26,13.27,49119.58,1767945599999
1767945600000,13.27,13.3,13.06,13.14,139483.67,1767949199999
1767949200000,13.15,13.24,13.14,13.17,94057.52,1767952799999
1767952800000,13.17,13.2,13.14,13.2,37751.96,1767956399999
1767956400000,13.2,13.23,13.16,13.17,51603.6,1767959999999
1767960000000,13.17,13.19,13.1,13.13,60400.58,1767963599999
1767963600000,13.13,13.3,13.12,13.24,144941.01,1767967199999
1767967200000,13.24,13.24,13.03,13.1,159676.2,1767970799999
1767970800000,13.11,13.44,13.03,13.29,293889.05,1767974399999
1767974400000,13.29,13.45,13.28,13.41,160650.6,1767977999999
1767978000000,13.41,13.42,13.23,13.33,128735.81,1767981599999
1767981600000,13.32,13.34,13.1,13.21,98600.18,1767985199999
1767985200000,13.2,13.21,13.06,13.09,80738.01,1767988799999
1767988800000,13.09,13.16,13.08,13.11,75854.02,1767992399999
1767992400000,13.11,13.19,13.08,13.15,60756.9,1767995999999
1767996000000,13.15,13.19,13.11,13.18,26567.93,1767999599999
1767999600000,13.18,13.18,13.12,13.14,26908.95,1768003199999
1768003200000,13.14,13.15,13.09,13.11,38593.86,1768006799999
1768006800000,13.1,13.17,13.09,13.15,20310.2,1768010399999
1768010400000,13.15,13.17,13.09,13.11,22867.64,1768013999999
1768014000000,13.11,13.14,13.07,13.13,67488.2,1768017599999
1768017600000,13.14,13.14,13.07,13.08,51955.11,1768021199999
1768021200000,13.08,13.14,13.07,13.09,13208.84,1768024799999
1768024800000,13.1,13.13,13.07,13.11,19379.48,1768028399999
1768028400000,13.11,13.18,13.1,13.17,37861.04,1768031999999
1768032000000,13.16,13.2,13.1,13.15,41637.54,1768035599999
1768035600000,13.15,13.22,13.14,13.2,40892.35,1768039199999
1768039200000,13.21,13.23,13.17,13.21,81781.19,1768042799999
1768042800000,13.21,13.21,13.15,13.17,24476.67,1768046399999
1768046400000,13.18,13.24,13.16,13.24,45695.38,1768049999999
1768050000000,13.24,13.26,13.21,13.22,53210.9,1768053599999
1768053600000,13.22,13.23,13.13,13.14,46920.16,1768057199999
1768057200000,13.15,13.18,13.14,13.17,21835.61,1768060799999
1768060800000,13.16,13.18,13.12,13.16,23309.74,1768064399999
1768064400000,13.16,13.22,13.15,13.16,22277.65,1768067999999
1768068000000,13.16,13.21,13.13,13.2,25327.65,1768071599999
1768071600000,13.21,13.22,13.2,13.22,9970.6,1768075199999
1768075200000,13.22,13.24,13.2,13.23,36095.48,1768078799999
1768078800000,13.23,13.24,13.14,13.14,192802.09,1768082399999
1768082400000,13.14,13.16,13.08,13.1,51034.28,1768085999999
1768086000000,13.09,13.16,13.09,13.13,42256.5,1768089599999
1768089600000,13.14,13.18,13.11,13.17,22897.66,1768093199999
1768093200000,13.18,13.2,13.13,13.19,18909.05,1768096799999
1768096800000,13.19,13.21,13.17,13.19,14873.56,1768100399999
1768100400000,13.2,13.25,13.18,13.24,22658.94,1768103999999
1768104000000,13.23,13.26,13.19,13.24,27937.65,1768107599999
1768107600000,13.25,13.26,13.19,13.23,34350.69,1768111199999
1768111200000,13.23,13.28,13.18,13.22,39249.94,1768114799999
1768114800000,13.22,13.24,13.2,13.24,15894.26,1768118399999
1768118400000,13.24,13.25,13.19,13.21,45186.35,1768121999999
1768122000000,13.21,13.24,13.19,13.21,16757.76,1768125599999
1768125600000,13.22,13.24,13.18,13.22,34050.21,1768129199999
1768129200000,13.22,13.23,13.19,13.21,12497.83,1768132799999
1768132800000,13.21,13.28,13.2,13.27,42730.93,1768136399999
1768136400000,13.27,13.28,13.2,13.21,28034.31,1768139999999
1768140000000,13.21,13.3,13.2,13.26,83410.19,1768143599999
1768143600000,13.27,13.29,13.14,13.21,98935.71,1768147199999
1768147200000,13.2,13.37,13.2,13.29,127209.29,1768150799999
1768150800000,13.29,13.34,13.26,13.32,45140.93,1768154399999
1768154400000,13.32,13.34,13.27,13.32,38515.23,1768157999999
1768158000000,13.32,13.36,13.24,13.25,60845.88,1768161599999
1768161600000,13.25,13.26,13.11,13.18,140371.4,1768165199999
1768165200000,13.17,13.23,13.13,13.21,51156.58,1768168799999
1768168800000,13.21,13.21,13.1,13.14,57790.76,1768172399999
1768172400000,13.13,13.25,13.05,13.21,97919.03,1768175999999
1768176000000,13.21,13.26,13.12,13.25,105925.51,1768179599999
1768179600000,13.26,13.35,13.23,13.31,150504.57,1768183199999
1768183200000,13.31,13.47,13.29,13.44,156848.32,1768186799999
1768186800000,13.44,13.52,13.36,13.36,163802.94,1768190399999
1768190400000,13.37,13.44,13.34,13.42,74926.75,1768193999999
1768194000000,13.42,13.46,13.37,13.4,45838.81,1768197599999
1768197600000,13.39,13.43,13.33,13.37,73183.88,1768201199999
1768201200000,13.37,13.42,13.25,13.28,86159.05,1768204799999
1768204800000,13.28,13.33,13.1,13.22,158524.54,1768208399999
1768208400000,13.22,13.26,13.16,13.17,98135.68,1768211999999
1768212000000,13.18,13.2,13.11,13.13,51523.74,1768215599999
1768215600000,13.14,13.21,13.12,13.16,40691.28,1768219199999
1768219200000,13.17,13.2,13.13,13.15,30695.95,1768222799999
1768222800000,13.15,13.18,13.07,13.1,88585.26,1768226399999
1768226400000,13.1,13.15,12.93,13.12,210952.94,1768229999999
1768230000000,13.13,13.26,13.1,13.25,152333.98,1768233599999
1768233600000,13.24,13.33,13.19,13.25,113779.59,1768237199999
1768237200000,13.26,13.31,13.09,13.19,127480.7,1768240799999
1768240800000,13.18,13.24,13.13,13.18,58871.62,1768244399999
1768244400000,13.17,13.21,13.12,13.19,24532.08,1768247999999
1768248000000,13.19,13.24,13.09,13.11,40191.03,1768251599999
1768251600000,13.11,13.12,13.0,13.05,54314.78,1768255199999
1768255200000,13.04,13.1,13.03,13.06,39791.97,1768258799999
1768258800000,13.07,13.11,13.04,13.08,30088.76,1768262399999
1768262400000,13.08,13.12,13.06,13.12,75928.46,1768265999999
1768266000000,13.11,13.17,13.06,13.09,53416.95,1768269599999
1768269600000,13.09,13.16,13.07,13.08,45662.49,1768273199999
1768273200000,13.09,13.15,13.05,13.12,38439.44,1768276799999
1768276800000,13.11,13.19,13.11,13.16,52283.14,1768280399999
1768280400000,13.17,13.3,13.16,13.2,74704.75,1768283999999
1768284000000,13.21,13.26,13.18,13.23,84857.74,1768287599999
1768287600000,13.23,13.24,13.17,13.19,19458.33,1768291199999
1768291200000,13.2,13.29,13.18,13.25,36846.63,1768294799999
1768294800000,13.26,13.32,13.2,13.26,82437.48,1768298399999
1768298400000,13.26,13.3,13.23,13.25,71479.99,1768301999999
1768302000000,13.26,13.29,13.21,13.27,42420.82,1768305599999
1768305600000,13.26,13.29,13.23,13.29,50413.26,1768309199999
1768309200000,13.28,13.4,13.26,13.32,168983.07,1768312799999
1768312800000,13.33,13.52,13.28,13.4,296839.96,1768316399999
1768316400000,13.4,13.58,13.34,13.58,233281.29,1768319999999
1768320000000,13.58,13.67,13.53,13.61,306615.3,1768323599999
1768323600000,13.61,13.67,13.53,13.6,132378.62,1768327199999
1768327200000,13.59,13.67,13.57,13.63,113236.36,1768330799999
1768330800000,13.63,13.71,13.58,13.69,92675.69,1768334399999
1768334400000,13.69,13.78,13.68,13.74,143556.09,1768337999999
1768338000000,13.75,13.77,13.7,13.73,76158.38,1768341599999
1768341600000,13.72,14.18,13.72,14.12,773471.31,1768345199999
1768345200000,14.13,14.18,14.01,14.06,226533.35,1768348799999
1768348800000,14.06,14.12,14.02,14.09,118742.37,1768352399999
1768352400000,14.09,14.17,14.07,14.13,126932.76,1768355999999
1768356000000,14.13,14.2,14.03,14.05,111788.19,1768359599999
1768359600000,14.04,14.14,14.03,14.13,96394.58,1768363199999
1768363200000,14.14,14.17,14.03,14.04,198874.7,1768366799999
1768366800000,14.03,14.07,13.99,14.03,138824.0,1768370399999
1768370400000,14.03,14.08,13.94,14.07,109858.1,1768373999999
1768374000000,14.07,14.12,14.03,14.05,62181.08,1768377599999
1768377600000,14.06,14.12,14.05,14.05,81246.75,1768381199999
1768381200000,14.06,14.12,14.05,14.1,44875.34,1768384799999
1768384800000,14.1,14.11,13.99,14.01,120110.03,1768388399999
1768388400000,14.01,14.02,13.85,13.87,119957.25,1768391999999
1768392000000,13.88,13.95,13.86,13.94,58016.24,1768395599999
1768395600000,13.94,13.97,13.87,13.9,64088.71,1768399199999
1768399200000,13.9,14.21,13.89,14.15,230183.4,1768402799999
1768402800000,14.15,14.28,14.06,14.24,307227.94,1768406399999
1768406400000,14.24,14.4,14.22,14.29,295114.42,1768409999999
1768410000000,14.28,14.36,14.16,14.18,207089.01,1768413599999
1768413600000,14.18,14.25,14.04,14.16,170050.64,1768417199999
1768417200000,14.15,14.4,14.11,14.23,294886.0,1768420799999
1768420800000,14.22,14.32,14.17,14.25,160648.55,1768424399999
1768424400000,14.24,14.28,14.16,14.23,87336.06,1768427999999
1768428000000,14.22,14.22,14.08,14.09,107365.1,1768431599999
1768431600000,14.1,14.19,14.08,14.11,81875.9,1768435199999
1768435200000,14.11,14.12,14.0,14.04,126158.82,1768438799999
1768438800000,14.04,14.1,13.93,13.97,159959.93,1768442399999
1768442400000,13.96,14.02,13.89,13.91,62780.45,1768445999999
1768446000000,13.91,13.95,13.73,13.76,188290.28,1768449599999
1768449600000,13.76,13.88,13.75,13.86,76513.8,1768453199999
1768453200000,13.85,13.9,13.84,13.88,56704.14,1768456799999
1768456800000,13.87,13.93,13.84,13.85,66888.18,1768460399999
1768460400000,13.86,13.97,13.85,13.94,67992.49,1768463999999
1768464000000,13.93,13.95,13.86,13.92,60671.63,1768467599999
1768467600000,13.93,14.09,13.88,14.06,127733.28,1768471199999
1768471200000,14.06,14.07,14.0,14.03,92550.08,1768474799999
1768474800000,14.04,14.04,13.94,13.95,66627.38,1768478399999
1768478400000,13.96,14.1,13.94,14.09,76952.57,1768481999999
1768482000000,14.09,14.17,14.03,14.13,219440.06,1768485599999
1768485600000,14.12,14.22,13.94,14.01,295362.76,1768489199999
1768489200000,14.0,14.07,13.72,13.96,324269.43,1768492799999
1768492800000,13.96,13.99,13.85,13.92,136970.2,1768496399999
1768496400000,13.93,14.0,13.82,13.84,143367.63,1768499999999
1768500000000,13.85,13.86,13.63,13.66,176638.43,1768503599999
1768503600000,13.67,13.71,13.59,13.69,236756.47,1768507199999
1768507200000,13.68,13.73,13.56,13.6,114882.97,1768510799999
1768510800000,13.61,13.68,13.6,13.65,49530.35,1768514399999
1768514400000,13.66,13.78,13.64,13.75,81532.08,1768517999999
1768518000000,13.76,13.8,13.71,13.8,65660.11,1768521599999
1768521600000,13.8,13.87,13.78,13.83,69286.98,1768525199999
1768525200000,13.82,13.83,13.74,13.77,52092.58,1768528799999
1768528800000,13.77,13.77,13.67,13.76,51008.7,1768532399999
1768532400000,13.77,13.81,13.68,13.68,59939.14,1768535999999
1768536000000,13.68,13.73,13.59,13.65,81682.99,1768539599999
1768539600000,13.64,13.82,13.64,13.8,82947.62,1768543199999
1768543200000,13.8,13.82,13.78,13.82,43282.01,1768546799999
1768546800000,13.82,13.82,13.75,13.79,32267.16,1768550399999
1768550400000,13.8,13.86,13.79,13.82,90656.68,1768553999999
1768554000000,13.82,13.84,13.77,13.79,49851.08,1768557599999
1768557600000,13.78,13.81,13.71,13.73,91349.88,1768561199999
1768561200000,13.74,13.74,13.69,13.73,37676.43,1768564799999
1768564800000,13.73,13.76,13.71,13.74,26822.46,1768568399999
1768568400000,13.74,13.75,13.67,13.71,42719.01,1768571999999
1768572000000,13.71,13.79,13.68,13.7,105365.64,1768575599999
1768575600000,13.7,13.79,13.43,13.49,288787.54,1768579199999
1768579200000,13.48,13.62,13.46,13.58,196523.07,1768582799999
1768582800000,13.58,13.66,13.5,13.65,96983.05,1768586399999
1768586400000,13.65,13.67,13.58,13.6,66478.9,1768589999999
1768590000000,13.59,13.61,13.53,13.59,20837.07,1768593599999
1768593600000,13.6,13.71,13.52,13.71,80994.33,1768597199999
1768597200000,13.71,13.75,13.68,13.71,62823.2,1768600799999
1768600800000,13.71,13.73,13.64,13.7,78962.38,1768604399999
1768604400000,13.71,13.75,13.69,13.73,34424.96,1768607999999
1768608000000,13.73,13.74,13.69,13.72,28577.36,1768611599999
1768611600000,13.72,13.75,13.69,13.7,37695.32,1768615199999
1768615200000,13.71,13.71,13.64,13.66,41271.76,1768618799999
1768618800000,13.67,13.7,13.63,13.68,43738.72,1768622399999
1768622400000,13.68,13.72,13.65,13.71,21120.95,1768625999999
1768626000000,13.71,13.74,13.71,13.71,17958.53,1768629599999
1768629600000,13.71,13.74,13.69,13.73,23281.94,1768633199999
1768633200000,13.73,13.73,13.69,13.7,28235.7,1768636799999
1768636800000,13.71,13.76,13.7,13.73,63788.74,1768640399999
1768640400000,13.74,13.75,13.71,13.74,20349.31,1768643999999
1768644000000,13.73,13.79,13.7,13.72,43573.06,1768647599999
1768647600000,13.72,13.73,13.68,13.71,33667.78,1768651199999
1768651200000,13.7,13.74,13.69,13.71,46917.64,1768654799999
1768654800000,13.71,13.79,13.69,13.79,27644.51,1768658399999
1768658400000,13.79,13.86,13.76,13.84,90737.84,1768661999999
1768662000000,13.84,13.89,13.79,13.89,76350.77,1768665599999
1768665600000,13.89,13.9,13.76,13.79,70313.77,1768669199999
1768669200000,13.8,13.83,13.77,13.81,23762.64,1768672799999
1768672800000,13.81,13.82,13.77,13.8,38483.52,1768676399999
1768676400000,13.79,13.81,13.77,13.79,35345.79,1768679999999
1768680000000,13.79,13.82,13.76,13.77,20763.61,1768683599999
1768683600000,13.77,13.78,13.73,13.74,29507.19,1768687199999
1768687200000,13.74,13.74,13.66,13.7,42898.37,1768690799999
1768690800000,13.7,13.75,13.69,13.75,25216.31,1768694399999
1768694400000,13.74,13.78,13.71,13.71,29954.71,1768697999999
1768698000000,13.72,13.73,13.62,13.67,68800.74,1768701599999
1768701600000,13.67,13.71,13.63,13.67,25963.16,1768705199999
1768705200000,13.67,13.73,13.66,13.71,17791.45,1768708799999
1768708800000,13.71,13.72,13.67,13.71,20871.02,1768712399999
1768712400000,13.72,13.72,13.67,13.72,24453.24,1768715999999
1768716000000,13.71,13.75,13.69,13.73,58720.25,1768719599999
1768719600000,13.72,13.77,13.7,13.74,67527.47,1768723199999
1768723200000,13.73,13.77,13.71,13.76,44474.51,1768726799999
1768726800000,13.76,13.83,13.74,13.8,50098.12,1768730399999
1768730400000,13.8,13.82,13.76,13.81,40131.28,1768733999999
1768734000000,13.81,13.81,13.72,13.73,42356.41,1768737599999
1768737600000,13.74,13.78,13.72,13.73,40765.77,1768741199999
1768741200000,13.74,13.79,13.7,13.76,87385.6,1768744799999
1768744800000,13.76,13.83,13.72,13.73,70937.72,1768748399999
1768748400000,13.73,13.83,13.71,13.78,176739.95,1768751999999
1768752000000,13.77,13.83,13.75,13.76,40881.0,1768755599999
1768755600000,13.76,13.8,13.74,13.78,31027.27,1768759199999
1768759200000,13.78,13.88,13.76,13.85,57746.71,1768762799999
1768762800000,13.85,13.86,13.77,13.77,35421.42,1768766399999
1768766400000,13.77,13.84,13.76,13.8,19664.9,1768769999999
1768770000000,13.81,13.85,13.79,13.83,13847.2,1768773599999
1768773600000,13.84,13.87,13.82,13.84,19218.32,1768777199999
1768777200000,13.84,13.84,13.3,13.32,656611.61,1768780799999
1768780800000,13.31,13.32,12.37,12.85,2504542.98,1768784399999
1768784400000,12.85,12.92,12.79,12.85,211260.81,1768787999999
1768788000000,12.85,12.9,12.81,12.86,158064.01,1768791599999
1768791600000,12.86,12.89,12.79,12.86,101578.01,1768795199999
1768795200000,12.86,12.86,12.79,12.79,103412.6,1768798799999
1768798800000,12.8,12.84,12.74,12.8,162853.46,1768802399999
1768802400000,12.8,12.8,12.72,12.76,115872.0,1768805999999
1768806000000,12.76,12.78,12.73,12.77,75303.67,1768809599999
1768809600000,12.77,12.87,12.75,12.82,170280.31,1768813199999
1768813200000,12.82,12.83,12.74,12.81,87122.63,1768816799999
1768816800000,12.8,12.81,12.75,12.77,52347.17,1768820399999
1768820400000,12.76,12.82,12.75,12.77,63104.94,1768823999999
1768824000000,12.78,12.81,12.73,12.77,70845.7,1768827599999
1768827600000,12.77,12.79,12.73,12.78,69473.48,1768831199999
1768831200000,12.77,12.87,12.76,12.79,105069.27,1768834799999
1768834800000,12.8,12.82,12.75,12.76,87505.93,1768838399999
1768838400000,12.77,12.92,12.75,12.9,76057.48,1768841999999
1768842000000,12.9,12.91,12.84,12.85,43116.16,1768845599999
1768845600000,12.84,12.89,12.83,12.88,44598.98,1768849199999
1768849200000,12.89,12.97,12.88,12.94,34025.91,1768852799999
1768852800000,12.94,13.01,12.93,12.95,83410.4,1768856399999
1768856400000,12.95,12.98,12.89,12.89,36746.08,1768859999999
1768860000000,12.89,12.91,12.81,12.81,77940.36,1768863599999
1768863600000,12.81,12.92,12.78,12.88,85509.59,1768867199999
1768867200000,12.88,12.91,12.84,12.85,37726.86,1768870799999
1768870800000,12.84,12.91,12.8,12.85,34996.66,1768874399999
1768874400000,12.84,12.9,12.8,12.88,48551.78,1768877999999
1768878000000,12.88,12.89,12.81,12.87,24805.61,1768881599999
1768881600000,12.86,12.88,12.79,12.8,33493.2,1768885199999
1768885200000,12.81,12.85,12.74,12.82,85967.37,1768888799999
1768888800000,12.81,12.82,12.61,12.62,158193.31,1768892399999
1768892400000,12.62,12.69,12.61,12.61,79629.8,1768895999999
1768896000000,12.61,12.63,12.48,12.57,205275.25,1768899599999
1768899600000,12.57,12.57,12.48,12.49,59302.93,1768903199999
1768903200000,12.5,12.59,12.48,12.55,126108.31,1768906799999
1768906800000,12.55,12.58,12.51,12.51,67824.7,1768910399999
1768910400000,12.51,12.57,12.5,12.55,35241.89,1768913999999
1768914000000,12.55,12.55,12.44,12.47,118115.81,1768917599999
1768917600000,12.46,12.61,12.45,12.5,170544.29,1768921199999
1768921200000,12.49,12.52,12.34,12.44,353507.81,1768924799999
1768924800000,12.44,12.47,12.26,12.32,146676.21,1768928399999
1768928400000,12.31,12.4,12.18,12.26,185999.62,1768931999999
1768932000000,12.27,12.3,12.19,12.23,102891.6,1768935599999
1768935600000,12.23,12.29,12.21,12.28,46151.33,1768939199999
1768939200000,12.28,12.35,12.24,12.34,59313.95,1768942799999
1768942800000,12.35,12.36,12.21,12.23,40861.1,1768946399999
1768946400000,12.22,12.28,12.03,12.15,211168.03,1768949999999
1768950000000,12.15,12.18,12.09,12.12,130969.99,1768953599999
1768953600000,12.13,12.28,12.1,12.28,124368.34,1768957199999
1768957200000,12.28,12.33,12.25,12.31,79974.72,1768960799999
1768960800000,12.32,12.36,12.28,12.3,97754.4,1768964399999
1768964400000,12.3,12.36,12.29,12.31,44707.1,1768967999999
1768968000000,12.32,12.37,12.29,12.35,20578.38,1768971599999
1768971600000,12.36,12.47,12.35,12.44,51065.6,1768975199999
1768975200000,12.44,12.44,12.35,12.37,43679.84,1768978799999
1768978800000,12.36,12.39,12.3,12.32,48187.69,1768982399999
1768982400000,12.32,12.34,12.23,12.3,108853.4,1768985999999
1768986000000,12.31,12.34,12.28,12.29,75980.53,1768989599999
1768989600000,12.29,12.34,12.27,12.28,67317.33,1768993199999
1768993200000,12.27,12.32,12.17,12.18,72787.31,1768996799999
1768996800000,12.18,12.2,12.06,12.19,166336.9,1769000399999
1769000400000,12.19,12.24,12.11,12.15,60656.97,1769003999999
1769004000000,12.14,12.43,12.13,12.42,270384.91,1769007599999
1769007600000,12.42,12.55,12.35,12.44,208260.86,1769011199999
1769011200000,12.44,12.46,11.98,12.0,273998.76,1769014799999
1769014800000,12.0,12.12,11.89,12.04,192058.42,1769018399999
1769018400000,12.03,12.17,11.98,12.12,137201.36,1769021999999
1769022000000,12.12,12.62,12.07,12.6,354917.82,1769025599999
1769025600000,12.61,12.63,12.44,12.57,165801.53,1769029199999
1769029200000,12.57,12.65,12.54,12.6,67222.33,1769032799999
1769032800000,12.61,12.66,12.49,12.5,78232.14,1769036399999
1769036400000,12.5,12.54,12.36,12.4,135337.08,1769039999999
1769040000000,12.4,12.49,12.4,12.43,157810.75,1769043599999
1769043600000,12.43,12.55,12.42,12.54,214781.8,1769047199999
1769047200000,12.53,12.58,12.5,12.51,67787.17,1769050799999
1769050800000,12.51,12.54,12.41,12.45,121626.91,1769054399999
1769054400000,12.44,12.54,12.44,12.52,162327.8,1769057999999
1769058000000,12.51,12.53,12.46,12.49,24767.68,1769061599999
1769061600000,12.48,12.5,12.43,12.47,23884.02,1769065199999
1769065200000,12.48,12.49,12.4,12.43,42803.74,1769068799999
1769068800000,12.43,12.47,12.4,12.45,78796.32,1769072399999
1769072400000,12.45,12.49,12.42,12.48,41375.11,1769075999999
1769076000000,12.47,12.49,12.44,12.45,29091.55,1769079599999
1769079600000,12.45,12.46,12.37,12.38,34987.07,1769083199999
1769083200000,12.38,12.41,12.37,12.38,38215.37,1769086799999
1769086800000,12.38,12.48,12.33,12.35,97078.07,1769090399999
1769090400000,12.35,12.39,12.23,12.24,141743.66,1769093999999
1769094000000,12.24,12.31,12.12,12.23,151985.41,1769097599999
1769097600000,12.23,12.33,12.2,12.29,99270.14,1769101199999
1769101200000,12.3,12.33,12.22,12.32,56095.33,1769104799999
1769104800000,12.31,12.33,12.21,12.22,50938.13,1769108399999
1769108400000,12.22,12.3,12.19,12.28,38824.42,1769111999999
1769112000000,12.28,12.31,12.2,12.23,35106.21,1769115599999
1769115600000,12.24,12.29,12.22,12.24,20847.46,1769119199999
1769119200000,12.24,12.28,12.22,12.25,32360.99,1769122799999
1769122800000,12.25,12.27,12.2,12.27,51561.94,1769126399999
1769126400000,12.26,12.28,12.22,12.24,27593.66,1769129999999
1769130000000,12.24,12.35,12.24,12.34,40393.28,1769133599999
1769133600000,12.35,12.35,12.26,12.26,17853.46,1769137199999
1769137200000,12.27,12.35,12.26,12.33,36069.34,1769140799999
1769140800000,12.34,12.41,12.32,12.38,48801.17,1769144399999
1769144400000,12.38,12.39,12.32,12.34,51638.92,1769147999999
1769148000000,12.35,12.39,12.27,12.27,42131.02,1769151599999
1769151600000,12.28,12.31,12.25,12.28,36079.97,1769155199999
1769155200000,12.27,12.3,12.17,12.19,44971.1,1769158799999
1769158800000,12.2,12.25,12.17,12.21,31884.62,1769162399999
1769162400000,12.21,12.24,12.17,12.23,27093.47,1769165999999
1769166000000,12.22,12.27,12.22,12.27,28232.93,1769169599999
1769169600000,12.26,12.28,12.23,12.26,22140.52,1769173199999
1769173200000,12.26,12.28,12.23,12.24,31594.12,1769176799999
1769176800000,12.24,12.26,12.04,12.12,200169.2,1769180399999
1769180400000,12.12,12.28,12.06,12.25,113447.18,1769183999999
1769184000000,12.26,12.37,12.21,12.29,118678.41,1769187599999
1769187600000,12.29,12.5,12.25,12.37,139583.16,1769191199999
1769191200000,12.37,12.44,12.34,12.38,59630.87,1769194799999
1769194800000,12.38,12.38,12.2,12.25,79831.4,1769198399999
1769198400000,12.25,12.28,12.12,12.16,61362.83,1769201999999
1769202000000,12.16,12.23,12.14,12.16,27224.48,1769205599999
1769205600000,12.17,12.25,12.16,12.24,52085.88,1769209199999
1769209200000,12.24,12.24,12.2,12.22,32898.5,1769212799999
1769212800000,12.22,12.27,12.21,12.25,163500.96,1769216399999
1769216400000,12.24,12.28,12.18,12.23,160531.87,1769219999999
1769220000000,12.23,12.24,12.22,12.23,15181.32,1769223599999
1769223600000,12.23,12.27,12.21,12.25,17958.37,1769227199999
1769227200000,12.26,12.28,12.23,12.24,18999.54,1769230799999
1769230800000,12.24,12.25,12.22,12.24,17460.16,1769234399999
1769234400000,12.24,12.25,12.22,12.23,9247.67,1769237999999
1769238000000,12.24,12.24,12.21,12.21,14651.2,1769241599999
1769241600000,12.22,12.25,12.2,12.24,25203.58,1769245199999
1769245200000,12.23,12.25,12.21,12.21,23499.67,1769248799999
1769248800000,12.22,12.22,12.19,12.21,19444.51,1769252399999
1769252400000,12.21,12.23,12.21,12.21,9330.6,1769255999999
1769256000000,12.21,12.24,12.19,12.21,30992.74,1769259599999
1769259600000,12.21,12.22,12.15,12.16,27387.31,1769263199999
1769263200000,12.16,12.2,12.15,12.19,40032.99,1769266799999
1769266800000,12.19,12.22,12.15,12.15,54002.68,1769270399999
1769270400000,12.15,12.2,12.13,12.18,40278.95,1769273999999
1769274000000,12.17,12.21,12.16,12.21,18955.81,1769277599999
1769277600000,12.21,12.24,12.19,12.21,34062.83,1769281199999
1769281200000,12.2,12.21,12.18,12.19,11164.59,1769284799999
1769284800000,12.19,12.22,12.18,12.21,13441.49,1769288399999
1769288400000,12.21,12.23,12.18,12.22,18355.11,1769291999999
1769292000000,12.22,12.26,12.22,12.26,48959.25,1769295599999
1769295600000,12.26,12.26,12.2,12.2,41284.63,1769299199999
1769299200000,12.21,12.22,12.16,12.18,33656.81,1769302799999
1769302800000,12.19,12.2,12.14,12.14,48927.95,1769306399999
1769306400000,12.15,12.18,12.14,12.15,27191.68,1769309999999
1769310000000,12.15,12.15,12.06,12.08,55947.32,1769313599999
1769313600000,12.09,12.13,12.08,12.1,32430.51,1769317199999
1769317200000,12.1,12.13,12.09,12.12,18466.8,1769320799999
1769320800000,12.12,12.13,12.05,12.1,52841.03,1769324399999
1769324400000,12.09,12.11,12.06,12.08,20942.66,1769327999999
1769328000000,12.09,12.1,12.01,12.04,66360.76,1769331599999
1769331600000,12.03,12.1,12.01,12.07,68372.36,1769335199999
1769335200000,12.06,12.14,12.06,12.11,45712.32,1769338799999
1769338800000,12.11,12.13,12.06,12.08,25671.1,1769342399999
1769342400000,12.08,12.09,12.03,12.09,30643.48,1769345999999
1769346000000,12.09,12.11,12.04,12.1,44135.96,1769349599999
1769349600000,12.1,12.1,11.94,12.0,181606.46,1769353199999
1769353200000,11.99,12.02,11.94,11.97,142115.54,1769356799999
1769356800000,11.97,11.97,11.69,11.81,586864.72,1769360399999
1769360400000,11.8,11.84,11.71,11.76,191874.21,1769363999999
1769364000000,11.75,11.76,11.55,11.62,317805.77,1769367599999
1769367600000,11.62,11.65,11.38,11.44,387845.45,1769371199999
1769371200000,11.44,11.53,11.36,11.45,231621.02,1769374799999
1769374800000,11.46,11.54,11.45,11.52,98163.25,1769378399999
1769378400000,11.52,11.53,11.4,11.45,120455.99,1769381999999
1769382000000,11.45,11.54,11.4,11.52,112301.09,1769385599999
1769385600000,11.53,11.66,11.51,11.66,131647.13,1769389199999
1769389200000,11.66,11.87,11.65,11.83,147906.96,1769392799999
1769392800000,11.83,11.83,11.72,11.73,122587.04,1769396399999
1769396400000,11.74,11.78,11.66,11.7,65538.87,1769399999999
1769400000000,11.71,11.83,11.7,11.76,76959.44,1769403599999
1769403600000,11.77,11.8,11.76,11.77,56018.03,1769407199999
1769407200000,11.77,11.85,11.74,11.83,44890.11,1769410799999
1769410800000,11.84,11.88,11.81,11.86,46751.62,1769414399999
1769414400000,11.86,11.96,11.82,11.88,81140.82,1769417999999
1769418000000,11.88,11.88,11.76,11.78,63129.68,1769421599999
1769421600000,11.77,11.83,11.77,11.81,38285.8,1769425199999
1769425200000,11.82,11.86,11.8,11.8,74545.47,1769428799999
1769428800000,11.8,11.87,11.8,11.84,37323.51,1769432399999
1769432400000,11.84,11.89,11.82,11.88,72624.4,1769435999999
1769436000000,11.89,12.03,11.82,12.01,171077.75,1769439599999
1769439600000,12.0,12.13,11.87,11.92,204357.06,1769443199999
1769443200000,11.91,11.99,11.86,11.95,85727.18,1769446799999
1769446800000,11.94,11.97,11.82,11.92,97016.59,1769450399999
1769450400000,11.91,12.03,11.9,11.99,115268.35,1769453999999
1769454000000,12.0,12.02,11.91,11.94,52710.73,1769457599999
1769457600000,11.93,11.96,11.87,11.89,71050.23,1769461199999
1769461200000,11.89,12.04,11.87,12.0,79304.31,1769464799999
1769464800000,12.0,12.02,11.94,11.98,51577.43,1769468399999
1769468400000,11.97,12.01,11.93,11.95,45436.27,1769471999999
1769472000000,11.94,11.98,11.93,11.96,27960.48,1769475599999
1769475600000,11.95,12.03,11.93,11.99,34541.5,1769479199999
1769479200000,12.0,12.06,11.99,12.06,61032.27,1769482799999
1769482800000,12.05,12.06,11.98,12.0,30663.85,1769486399999
1769486400000,11.99,12.05,11.97,11.99,42941.76,1769489999999
1769490000000,11.99,12.0,11.95,11.99,15817.43,1769493599999
1769493600000,11.99,12.0,11.94,11.96,21132.18,1769497199999
1769497200000,11.96,12.01,11.94,11.99,26893.35,1769500799999
1769500800000,11.98,12.01,11.94,11.96,18972.16,1769504399999
1769504400000,11.96,11.96,11.88,11.89,36884.73,1769507999999
1769508000000,11.88,11.93,11.88,11.89,17928.36,1769511599999
1769511600000,11.89,11.93,11.87,11.9,16702.39,1769515199999
1769515200000,11.91,11.92,11.87,11.88,32380.99,1769518799999
1769518800000,11.88,11.9,11.84,11.85,38572.75,1769522399999
1769522400000,11.85,12.0,11.85,11.88,68109.59,1769525999999
1769526000000,11.89,12.01,11.86,12.0,75752.5,1769529599999
1769529600000,12.0,12.19,12.0,12.14,252377.32,1769533199999
1769533200000,12.15,12.15,11.86,11.9,156389.19,1769536799999
1769536800000,11.89,12.05,11.87,12.01,163619.67,1769540399999
1769540400000,12.01,12.03,11.95,11.97,118427.55,1769543999999
1769544000000,11.98,12.16,11.97,12.13,408400.92,1769547599999
1769547600000,12.13,12.15,12.01,12.02,163551.67,1769551199999
1769551200000,12.03,12.11,12.03,12.06,196150.02,1769554799999
1769554800000,12.07,12.1,12.02,12.03,147375.18,1769558399999
1769558400000,12.03,12.07,11.97,12.04,65073.84,1769561999999
1769562000000,12.04,12.07,11.97,12.0,33754.8,1769565599999
1769565600000,11.99,12.03,11.95,12.03,33293.16,1769569199999
1769569200000,12.02,12.03,11.96,11.98,32809.96,1769572799999
1769572800000,11.98,11.99,11.9,11.92,46647.94,1769576399999
1769576400000,11.93,11.96,11.88,11.92,50053.26,1769579999999
1769580000000,11.92,12.0,11.92,11.98,61816.06,1769583599999
1769583600000,11.98,11.99,11.93,11.94,25053.66,1769587199999
1769587200000,11.94,11.96,11.89,11.9,50637.19,1769590799999
1769590800000,11.91,11.99,11.86,11.97,54069.68,1769594399999
1769594400000,11.98,12.02,11.94,11.97,52499.02,1769597999999
1769598000000,11.97,12.06,11.93,12.05,111069.02,1769601599999
1769601600000,12.04,12.04,11.91,11.94,83472.18,1769605199999
1769605200000,11.95,12.0,11.93,11.95,71528.74,1769608799999
1769608800000,11.94,11.94,11.77,11.83,217366.47,1769612399999
1769612400000,11.83,11.87,11.71,11.77,112922.17,1769615999999
1769616000000,11.77,11.8,11.69,11.73,80444.64,1769619599999
1769619600000,11.74,11.9,11.7,11.84,76875.68,1769623199999
1769623200000,11.85,11.85,11.77,11.82,67293.5,1769626799999
1769626800000,11.81,11.88,11.77,11.85,92450.76,1769630399999
1769630400000,11.85,11.95,11.81,11.82,74545.6,1769633999999
1769634000000,11.83,11.88,11.75,11.86,69303.38,1769637599999
1769637600000,11.87,11.91,11.81,11.9,29700.64,1769641199999
1769641200000,11.91,11.93,11.83,11.84,51802.17,1769644799999
1769644800000,11.85,11.87,11.76,11.81,43404.72,1769648399999
1769648400000,11.8,11.83,11.73,11.75,37513.26,1769651999999
1769652000000,11.76,11.81,11.61,11.67,149719.36,1769655599999
1769655600000,11.66,11.74,11.63,11.64,53317.83,1769659199999
1769659200000,11.64,11.65,11.54,11.63,58602.74,1769662799999
1769662800000,11.63,11.66,11.6,11.6,21695.07,1769666399999
1769666400000,11.61,11.65,11.59,11.64,38660.89,1769669999999
1769670000000,11.64,11.66,11.61,11.63,27385.07,1769673599999
1769673600000,11.62,11.67,11.57,11.58,53679.28,1769677199999
1769677200000,11.58,11.62,11.57,11.58,35071.57,1769680799999
1769680800000,11.57,11.58,11.54,11.57,37315.44,1769684399999
1769684400000,11.56,11.58,11.51,11.54,78018.63,1769687999999
1769688000000,11.55,11.58,11.5,11.56,48790.71,1769691599999
1769691600000,11.56,11.61,11.56,11.59,69464.04,1769695199999
1769695200000,11.59,11.61,11.21,11.23,274288.39,1769698799999
1769698800000,11.23,11.23,10.86,11.04,903947.91,1769702399999
1769702400000,11.03,11.08,10.92,11.08,300936.31,1769705999999
1769706000000,11.08,11.2,11.02,11.05,337954.73,1769709599999
1769709600000,11.05,11.09,10.83,10.85,412985.6,1769713199999
1769713200000,10.85,11.0,10.83,10.94,239367.73,1769716799999
1769716800000,10.95,11.07,10.92,11.06,148640.27,1769720399999
1769720400000,11.06,11.14,11.05,11.1,113999.54,1769723999999
1769724000000,11.1,11.14,11.08,11.11,64220.45,1769727599999
1769727600000,11.11,11.13,11.05,11.13,77078.34,1769731199999
1769731200000,11.13,11.17,11.09,11.13,81301.29,1769734799999
1769734800000,11.12,11.14,10.62,10.9,879720.92,1769738399999
1769738400000,10.9,10.91,10.7,10.84,383111.67,1769741999999
1769742000000,10.84,10.92,10.82,10.86,86184.36,1769745599999
1769745600000,10.86,11.0,10.86,10.91,92647.57,1769749199999
1769749200000,10.91,10.95,10.89,10.9,65186.06,1769752799999
1769752800000,10.9,10.91,10.65,10.72,169777.14,1769756399999
1769756400000,10.72,10.9,10.72,10.84,189936.12,1769759999999
1769760000000,10.83,10.86,10.73,10.8,150010.8,1769763599999
1769763600000,10.8,10.84,10.73,10.79,126274.05,1769767199999
1769767200000,10.79,10.81,10.74,10.78,134970.63,1769770799999
1769770800000,10.78,10.91,10.74,10.86,114811.42,1769774399999
1769774400000,10.86,10.88,10.7,10.74,110990.11,1769777999999
1769778000000,10.73,10.75,10.6,10.67,252849.1,1769781599999
1769781600000,10.67,10.82,10.67,10.76,240781.39,1769785199999
1769785200000,10.77,10.85,10.65,10.76,207855.3,1769788799999
1769788800000,10.76,10.88,10.7,10.78,120433.85,1769792399999
1769792400000,10.78,10.87,10.72,10.77,120005.35,1769795999999
1769796000000,10.77,10.95,10.51,10.91,389885.94,1769799599999
1769799600000,10.92,11.0,10.87,10.91,206618.34,1769803199999
1769803200000,10.9,10.9,10.69,10.75,309987.42,1769806799999
1769806800000,10.75,10.86,10.73,10.8,204200.36,1769810399999
1769810400000,10.8,10.82,10.73,10.79,66249.12,1769813999999
1769814000000,10.79,10.81,10.73,10.79,82399.01,1769817599999
1769817600000,10.79,10.8,10.75,10.77,58014.78,1769821199999
1769821200000,10.76,10.82,10.76,10.81,31184.31,1769824799999
1769824800000,10.8,10.84,10.74,10.79,56272.23,1769828399999
1769828400000,10.8,10.82,10.73,10.75,41602.89,1769831999999
1769832000000,10.75,10.79,10.72,10.73,28113.07,1769835599999
1769835600000,10.74,10.77,10.7,10.76,73139.85,1769839199999
1769839200000,10.76,10.76,10.63,10.68,65868.69,1769842799999
1769842800000,10.68,10.68,10.55,10.61,71298.65,1769846399999
1769846400000,10.62,10.64,10.36,10.47,385367.61,1769849999999
1769850000000,10.47,10.58,10.46,10.51,74449.94,1769853599999
1769853600000,10.52,10.55,10.47,10.52,95820.04,1769857199999
1769857200000,10.53,10.53,10.47,10.5,130897.37,1769860799999
1769860800000,10.5,10.51,10.42,10.44,137063.4,1769864399999
1769864400000,10.44,10.45,10.32,10.36,131205.85,1769867999999
1769868000000,10.37,10.4,9.92,10.09,1197908.9,1769871599999
1769871600000,10.09,10.17,10.03,10.05,280982.17,1769875199999
1769875200000,10.05,10.18,9.9,9.95,621535.68,1769878799999
1769878800000,9.96,9.98,9.35,9.6,2383414.4,1769882399999
1769882400000,9.6,9.68,8.97,9.57,2232143.25,1769885999999
1769886000000,9.57,9.77,9.54,9.66,651213.84,1769889599999
1769889600000,9.67,9.73,9.56,9.69,245810.39,1769893199999
1769893200000,9.68,9.85,9.63,9.82,314479.45,1769896799999
1769896800000,9.83,9.86,9.75,9.82,167002.92,1769900399999
1769900400000,9.82,10.04,9.79,9.99,248719.29,1769903999999
1769904000000,9.99,10.05,9.97,10.02,206985.22,1769907599999
1769907600000,10.02,10.03,9.91,10.01,117986.68,1769911199999
1769911200000,10.02,10.08,10.0,10.05,149232.02,1769914799999
1769914800000,10.05,10.08,10.01,10.04,91096.11,1769918399999
1769918400000,10.05,10.08,10.02,10.02,104971.96,1769921999999
1769922000000,10.03,10.05,9.96,9.98,134029.45,1769925599999
1769925600000,9.99,10.03,9.92,9.93,138272.6,1769929199999
1769929200000,9.94,10.02,9.86,9.94,161270.23,1769932799999
1769932800000,9.94,10.03,9.9,9.96,139051.24,1769936399999
1769936400000,9.96,9.98,9.88,9.97,197029.38,1769939999999
1769940000000,9.97,9.98,9.77,9.78,166840.25,1769943599999
1769943600000,9.78,9.91,9.78,9.87,123335.0,1769947199999
1769947200000,9.87,9.88,9.77,9.83,227794.7,1769950799999
1769950800000,9.83,9.91,9.75,9.78,95182.94,1769954399999
1769954400000,9.79,9.82,9.58,9.73,278131.18,1769957999999
1769958000000,9.72,9.73,9.41,9.54,469598.45,1769961599999
1769961600000,9.53,9.63,9.43,9.49,675362.98,1769965199999
1769965200000,9.49,9.52,9.4,9.5,266202.01,1769968799999
1769968800000,9.5,9.72,9.5,9.62,309976.38,1769972399999
1769972400000,9.62,9.65,9.48,9.53,185312.55,1769975999999
1769976000000,9.53,9.66,9.43,9.54,178614.55,1769979599999
1769979600000,9.54,9.54,9.42,9.46,168971.04,1769983199999
1769983200000,9.47,9.65,9.47,9.56,201868.78,1769986799999
1769986800000,9.55,9.56,9.22,9.41,648284.22,1769990399999
1769990400000,9.4,9.63,9.31,9.52,386668.59,1769993999999
1769994000000,9.53,9.64,9.37,9.55,296374.0,1769997599999
1769997600000,9.55,9.6,9.43,9.44,251498.81,1770001199999
1770001200000,9.44,9.46,9.02,9.38,870577.16,1770004799999
1770004800000,9.38,9.49,9.19,9.34,375079.24,1770008399999
1770008400000,9.34,9.35,9.09,9.2,326372.84,1770011999999
1770012000000,9.19,9.48,9.07,9.35,838860.69,1770015599999
1770015600000,9.35,9.48,9.32,9.4,366929.33,1770019199999
1770019200000,9.39,9.5,9.38,9.46,339623.76,1770022799999
1770022800000,9.45,9.65,9.4,9.58,330526.71,1770026399999
1770026400000,9.58,9.61,9.52,9.55,124252.94,1770029999999
1770030000000,9.55,9.6,9.52,9.53,121229.0,1770033599999
1770033600000,9.53,9.67,9.53,9.65,165137.78,1770037199999
1770037200000,9.64,9.72,9.61,9.69,136662.92,1770040799999
1770040800000,9.69,9.89,9.61,9.77,440406.37,1770044399999
1770044400000,9.78,10.04,9.74,9.93,661802.67,1770047999999
1770048000000,9.93,10.0,9.88,9.92,237357.71,1770051599999
1770051600000,9.92,9.98,9.85,9.9,179135.78,1770055199999
1770055200000,9.91,9.92,9.79,9.87,135685.89,1770058799999
1770058800000,9.86,9.87,9.77,9.79,103714.72,1770062399999
1770062400000,9.79,9.83,9.7,9.74,132064.38,1770065999999
1770066000000,9.74,9.84,9.74,9.8,98146.76,1770069599999
1770069600000,9.81,9.87,9.79,9.84,104755.83,1770073199999
1770073200000,9.85,9.85,9.79,9.81,111901.91,1770076799999
1770076800000,9.8,9.85,9.74,9.83,112953.53,1770080399999
1770080400000,9.84,9.85,9.77,9.81,96189.65,1770083999999
1770084000000,9.81,9.82,9.6,9.62,136779.29,1770087599999
1770087600000,9.62,9.79,9.58,9.77,138665.81,1770091199999
1770091200000,9.78,9.86,9.75,9.81,132590.71,1770094799999
1770094800000,9.81,9.82,9.69,9.7,127735.87,1770098399999
1770098400000,9.71,9.75,9.65,9.73,149964.03,1770101999999
1770102000000,9.72,9.79,9.69,9.73,86452.59,1770105599999
1770105600000,9.73,9.76,9.66,9.67,118313.09,1770109199999
1770109200000,9.67,9.7,9.52,9.6,308314.94,1770112799999
1770112800000,9.6,9.64,9.56,9.59,88130.0,1770116399999
1770116400000,9.59,9.62,9.56,9.58,105846.14,1770119999999
1770120000000,9.59,9.69,9.56,9.68,141969.56,1770123599999
1770123600000,9.67,9.72,9.64,9.7,120929.5,1770127199999
1770127200000,9.69,9.73,9.51,9.52,234242.33,1770130799999
1770130800000,9.51,9.77,9.49,9.75,379656.21,1770134399999
1770134400000,9.75,9.75,9.49,9.5,346095.81,1770137999999
1770138000000,9.5,9.53,9.3,9.31,322870.15,1770141599999
1770141600000,9.31,9.35,9.08,9.12,684100.15,1770145199999
1770145200000,9.11,9.55,9.1,9.48,729493.06,1770148799999
1770148800000,9.47,9.88,9.39,9.79,725744.94,1770152399999
1770152400000,9.78,9.9,9.67,9.67,242318.47,1770155999999
1770156000000,9.68,9.69,9.49,9.52,149494.65,1770159599999
1770159600000,9.51,9.52,9.41,9.49,161435.55,1770163199999
1770163200000,9.49,9.61,9.45,9.55,78296.04,1770166799999
1770166800000,9.55,9.69,9.55,9.63,76400.53,1770170399999
1770170400000,9.64,9.67,9.56,9.6,190888.61,1770173999999
1770174000000,9.6,9.78,9.58,9.73,126341.26,1770177599999
1770177600000,9.73,9.75,9.66,9.68,57494.99,1770181199999
1770181200000,9.68,9.69,9.58,9.62,112746.56,1770184799999
1770184800000,9.61,9.7,9.6,9.66,164028.47,1770188399999
1770188400000,9.66,9.72,9.6,9.67,111957.96,1770191999999
1770192000000,9.68,9.74,9.64,9.71,258308.2,1770195599999
1770195600000,9.71,9.72,9.6,9.63,102855.19,1770199199999
1770199200000,9.63,9.64,9.59,9.61,59156.22,1770202799999
1770202800000,9.61,9.64,9.48,9.58,209281.55,1770206399999
1770206400000,9.59,9.62,9.52,9.56,66946.32,1770209999999
1770210000000,9.56,9.59,9.4,9.41,218015.99,1770213599999
1770213600000,9.42,9.47,9.24,9.25,461597.4,1770217199999
1770217200000,9.24,9.37,9.13,9.22,481196.6,1770220799999
1770220800000,9.22,9.28,9.07,9.17,615069.4,1770224399999
1770224400000,9.17,9.26,9.07,9.19,381761.44,1770227999999
1770228000000,9.2,9.42,9.02,9.29,619132.33,1770231599999
1770231600000,9.3,9.46,9.26,9.44,310114.74,1770235199999
1770235200000,9.44,9.47,9.34,9.37,104964.38,1770238799999
1770238800000,9.38,9.4,9.14,9.21,129915.4,1770242399999
1770242400000,9.22,9.37,9.05,9.18,241924.03,1770245999999
1770246000000,9.18,9.33,9.15,9.25,204309.61,1770249599999
1770249600000,9.26,9.32,9.21,9.24,92519.41,1770253199999
1770253200000,9.24,9.36,9.15,9.24,219541.97,1770256799999
1770256800000,9.24,9.31,9.12,9.15,283309.34,1770260399999
1770260400000,9.15,9.22,9.07,9.1,273312.58,1770263999999
1770264000000,9.1,9.17,9.04,9.09,263459.87,1770267599999
1770267600000,9.09,9.23,9.02,9.1,330757.59,1770271199999
1770271200000,9.11,9.12,8.97,9.02,321221.34,1770274799999
1770274800000,9.02,9.15,9.01,9.05,233596.39,1770278399999
1770278400000,9.06,9.19,9.06,9.13,131765.38,1770281999999
1770282000000,9.13,9.27,9.13,9.18,184663.42,1770285599999
1770285600000,9.19,9.22,8.93,8.96,260541.91,1770289199999
1770289200000,8.96,9.02,8.8,8.95,460690.39,1770292799999
1770292800000,8.94,9.0,8.83,8.92,731716.49,1770296399999
1770296400000,8.92,8.98,8.83,8.86,372676.59,1770299999999
1770300000000,8.86,9.07,8.83,8.86,395816.58,1770303599999
1770303600000,8.85,8.88,8.3,8.46,1595049.77,1770307199999
1770307200000,8.47,8.67,8.39,8.58,824867.29,1770310799999
1770310800000,8.58,8.62,8.26,8.35,850901.65,1770314399999
1770314400000,8.35,8.41,8.22,8.38,491075.2,1770317999999
1770318000000,8.39,8.39,8.22,8.25,302293.49,1770321599999
1770321600000,8.25,8.33,7.85,7.99,1919730.38,1770325199999
1770325200000,7.98,8.19,7.91,7.97,1070730.04,1770328799999
1770328800000,7.98,8.13,7.86,8.04,541731.07,1770332399999
1770332400000,8.03,8.21,7.89,7.92,396216.29,1770335999999
1770336000000,7.92,8.03,7.15,7.91,3393671.94,1770339599999
1770339600000,7.91,8.21,7.88,8.17,729139.49,1770343199999
1770343200000,8.17,8.24,7.97,8.04,354040.1,1770346799999
1770346800000,8.05,8.11,7.97,8.04,316577.33,1770350399999
1770350400000,8.04,8.16,7.99,8.12,177634.77,1770353999999
1770354000000,8.11,8.37,8.1,8.33,232915.03,1770357599999
1770357600000,8.33,8.36,8.14,8.15,451671.51,1770361199999
1770361200000,8.16,8.18,8.06,8.08,337070.06,1770364799999
1770364800000,8.09,8.13,7.98,8.04,419679.22,1770368399999
1770368400000,8.03,8.25,8.01,8.22,539198.47,1770371999999
1770372000000,8.22,8.31,8.19,8.28,292743.56,1770375599999
1770375600000,8.28,8.36,8.26,8.33,244824.95,1770379199999
1770379200000,8.32,8.33,8.26,8.31,151132.98,1770382799999
1770382800000,8.32,8.45,8.3,8.39,355232.81,1770386399999
1770386400000,8.39,8.61,8.32,8.55,478421.21,1770389999999
1770390000000,8.55,8.64,8.48,8.58,391388.3,1770393599999
1770393600000,8.58,8.85,8.55,8.81,520193.36,1770397199999
1770397200000,8.81,9.0,8.77,8.89,752980.11,1770400799999
1770400800000,8.89,8.9,8.7,8.81,413796.49,1770404399999
