1768608000000,144.9,144.99,144.2,144.32,43065.201,1768611599999
1768611600000,144.33,144.82,144.22,144.66,98048.343,1768615199999
1768615200000,144.65,144.68,144.25,144.59,22399.0,1768618799999
1768618800000,144.59,144.62,144.24,144.37,20460.207,1768622399999
1768622400000,144.36,144.5,144.23,144.33,21696.789,1768625999999
1768626000000,144.33,144.37,143.94,143.96,26863.513,1768629599999
1768629600000,143.97,144.1,143.76,143.85,18570.345,1768633199999
1768633200000,143.86,143.97,143.64,143.64,19923.391,1768636799999
1768636800000,143.64,144.28,143.6,144.21,31291.306,1768640399999
1768640400000,144.22,144.65,143.99,144.45,36944.737,1768643999999
1768644000000,144.46,144.63,143.92,143.96,37234.823,1768647599999
1768647600000,143.95,144.19,143.32,144.0,57313.169,1768651199999
1768651200000,144.0,144.08,143.67,143.76,23242.728,1768654799999
1768654800000,143.77,144.05,143.6,143.99,33223.901,1768658399999
1768658400000,144.0,144.26,143.74,143.92,53532.724,1768661999999
1768662000000,143.91,144.35,143.7,144.33,42307.028,1768665599999
1768665600000,144.33,144.33,143.64,143.89,67847.953,1768669199999
1768669200000,143.89,144.25,143.83,144.07,26003.955,1768672799999
1768672800000,144.07,144.29,143.98,144.28,16887.898,1768676399999
1768676400000,144.28,144.55,144.12,144.27,26110.801,1768679999999
1768680000000,144.26,144.58,144.19,144.51,19865.153,1768683599999
1768683600000,144.51,144.58,144.22,144.26,26901.178,1768687199999
1768687200000,144.25,144.26,143.51,143.76,30788.049,1768690799999
1768690800000,143.76,144.1,143.65,143.72,34632.569,1768694399999
1768694400000,143.73,144.0,143.07,143.23,89537.908,1768697999999
1768698000000,143.23,143.41,142.08,142.77,134176.09,1768701599999
1768701600000,142.76,143.04,141.95,142.54,85758.377,1768705199999
1768705200000,142.55,142.95,142.36,142.83,41352.365,1768708799999
1768708800000,142.82,142.94,142.54,142.83,27137.771,1768712399999
1768712400000,142.83,143.0,142.54,142.84,69150.81,1768715999999
1768716000000,142.85,143.04,142.55,142.7,75252.276,1768719599999
1768719600000,142.71,142.72,142.03,142.11,64400.645,1768723199999
1768723200000,142.12,142.46,141.93,142.43,57490.394,1768726799999
1768726800000,142.43,142.65,142.32,142.54,34931.139,1768730399999
1768730400000,142.53,142.55,142.17,142.43,44702.173,1768733999999
1768734000000,142.42,142.49,142.19,142.39,24865.19,1768737599999
1768737600000,142.39,142.53,142.17,142.24,35991.344,1768741199999
1768741200000,142.24,142.5,142.0,142.38,55892.74,1768744799999
1768744800000,142.37,142.73,141.62,141.72,88440.84,1768748399999
1768748400000,141.73,142.13,141.5,142.0,55161.235,1768751999999
1768752000000,141.99,142.23,141.75,142.03,29577.665,1768755599999
1768755600000,142.02,142.52,141.85,142.36,110528.815,1768759199999
1768759200000,142.35,142.97,142.08,142.76,99369.128,1768762799999
1768762800000,142.76,143.25,142.1,142.27,87371.665,1768766399999
1768766400000,142.28,142.56,141.94,142.46,37109.285,1768769999999
1768770000000,142.47,142.79,142.4,142.65,20372.618,1768773599999
1768773600000,142.66,143.04,142.48,142.86,101328.624,1768777199999
1768777200000,142.86,142.86,137.74,137.87,407539.601,1768780799999
1768780800000,137.87,137.87,130.0,133.77,1224549.27,1768784399999
1768784400000,133.76,134.46,133.42,133.8,245111.52,1768787999999
1768788000000,133.8,134.11,133.47,133.82,96915.874,1768791599999
1768791600000,133.81,134.12,133.61,133.94,93363.297,1768795199999
1768795200000,133.93,134.09,133.5,133.69,90622.553,1768798799999
1768798800000,133.69,133.99,133.34,133.35,117106.412,1768802399999
1768802400000,133.36,133.44,132.71,133.28,96467.946,1768805999999
1768806000000,133.28,133.57,133.2,133.47,51951.647,1768809599999
1768809600000,133.47,134.05,133.28,133.87,110205.607,1768813199999
1768813200000,133.86,134.03,133.54,133.75,80968.947,1768816799999
1768816800000,133.75,133.85,133.53,133.8,58949.717,1768820399999
1768820400000,133.8,134.37,133.63,134.13,68998.733,1768823999999
1768824000000,134.12,134.19,133.71,134.13,64466.467,1768827599999
1768827600000,134.13,134.16,133.58,133.73,54556.597,1768831199999
1768831200000,133.73,133.78,133.27,133.51,58745.107,1768834799999
1768834800000,133.51,133.93,133.42,133.55,59831.428,1768838399999
1768838400000,133.55,134.65,133.48,134.46,67821.696,1768841999999
1768842000000,134.47,134.52,134.08,134.29,50323.274,1768845599999
1768845600000,134.3,134.43,133.89,134.28,34538.12,1768849199999
1768849200000,134.28,134.71,134.24,134.45,27722.07,1768852799999
1768852800000,134.46,135.16,134.45,134.69,35874.411,1768856399999
1768856400000,134.69,134.99,134.07,134.09,27738.892,1768859999999
1768860000000,134.09,134.21,132.91,132.97,86603.826,1768863599999
1768863600000,132.97,133.94,132.74,133.44,69091.359,1768867199999
1768867200000,133.44,133.95,133.07,133.73,46933.257,1768870799999
1768870800000,133.72,134.28,133.29,133.86,33309.578,1768874399999
1768874400000,133.87,134.15,133.35,133.84,54643.631,1768877999999
1768878000000,133.84,134.63,133.49,134.24,112017.822,1768881599999
1768881600000,134.25,134.27,133.21,133.39,79047.107,1768885199999
1768885200000,133.39,133.53,132.4,133.03,121125.296,1768888799999
1768888800000,133.03,133.03,131.07,131.23,271732.467,1768892399999
1768892400000,131.23,131.78,130.56,130.62,149037.821,1768895999999
1768896000000,130.62,130.8,128.36,129.09,545824.977,1768899599999
1768899600000,129.08,129.15,128.55,128.91,148367.883,1768903199999
1768903200000,128.91,129.35,128.73,128.91,89562.351,1768906799999
1768906800000,128.9,129.47,128.72,128.81,78146.938,1768910399999
1768910400000,128.81,129.52,128.73,129.34,81875.599,1768913999999
1768914000000,129.34,129.36,128.4,128.43,111135.014,1768917599999
1768917600000,128.43,129.77,127.97,128.87,233867.727,1768921199999
1768921200000,128.87,128.97,127.24,127.86,254362.611,1768924799999
1768924800000,127.86,128.59,126.3,127.07,272307.429,1768928399999
1768928400000,127.08,127.95,126.36,126.98,140397.772,1768931999999
1768932000000,126.97,127.71,126.84,126.97,132571.957,1768935599999
1768935600000,126.96,127.53,126.59,127.25,58754.412,1768939199999
1768939200000,127.24,128.08,127.0,127.82,97927.429,1768942799999
1768942800000,127.82,127.96,126.95,126.96,40542.757,1768946399999
1768946400000,126.96,127.48,124.68,126.1,261340.303,1768949999999
1768950000000,126.09,126.5,125.6,125.8,117591.742,1768953599999
1768953600000,125.81,127.5,125.75,127.31,89787.895,1768957199999
1768957200000,127.31,127.86,127.2,127.35,77415.642,1768960799999
1768960800000,127.36,127.8,126.78,126.93,62484.625,1768964399999
1768964400000,126.93,127.84,126.88,127.61,51402.939,1768967999999
1768968000000,127.61,128.04,127.45,127.77,40569.416,1768971599999
1768971600000,127.77,128.75,127.74,128.52,95036.437,1768975199999
1768975200000,128.51,128.62,128.02,128.24,57434.736,1768978799999
1768978800000,128.24,128.45,127.5,127.62,68333.697,1768982399999
1768982400000,127.61,127.69,127.0,127.17,57353.607,1768985999999
1768986000000,127.16,127.78,127.05,127.47,72434.253,1768989599999
1768989600000,127.46,128.19,127.42,127.73,61664.344,1768993199999
1768993200000,127.74,127.91,126.8,126.94,72723.834,1768996799999
1768996800000,126.94,127.44,126.17,127.42,130888.221,1769000399999
1769000400000,127.42,127.63,126.81,127.1,76221.51,1769003999999
1769004000000,127.1,129.75,126.96,129.55,358370.208,1769007599999
1769007600000,129.55,131.18,129.37,130.43,355549.433,1769011199999
1769011200000,130.43,130.47,125.51,125.59,264324.287,1769014799999
1769014800000,125.58,127.05,125.26,126.92,222449.597,1769018399999
1769018400000,126.92,127.86,126.35,127.62,109162.995,1769021999999
1769022000000,127.61,131.68,127.2,131.5,362798.942,1769025599999
1769025600000,131.49,131.65,130.01,131.15,188285.576,1769029199999
1769029200000,131.15,132.17,130.75,131.05,107730.865,1769032799999
1769032800000,131.06,131.76,130.59,130.61,86630.358,1769036399999
1769036400000,130.61,131.05,129.16,129.54,92682.943,1769039999999
1769040000000,129.53,130.36,129.53,130.01,43551.628,1769043599999
1769043600000,130.01,130.62,129.88,130.25,60620.127,1769047199999
1769047200000,130.24,130.62,129.73,129.8,48014.113,1769050799999
1769050800000,129.8,130.3,129.54,129.86,41744.711,1769054399999
1769054400000,129.85,130.5,129.8,130.36,51765.302,1769057999999
1769058000000,130.36,130.45,129.97,130.11,25118.506,1769061599999
1769061600000,130.12,130.43,129.75,130.35,46026.269,1769065199999
1769065200000,130.36,130.44,129.77,129.81,36721.151,1769068799999
1769068800000,129.8,130.1,129.35,129.94,59426.732,1769072399999
1769072400000,129.93,130.27,129.6,130.16,45100.854,1769075999999
1769076000000,130.16,130.35,130.02,130.16,36724.933,1769079599999
1769079600000,130.16,130.34,129.72,130.11,52218.106,1769083199999
1769083200000,130.11,130.45,129.98,130.1,49086.166,1769086799999
1769086800000,130.09,130.94,129.1,129.37,109079.818,1769090399999
1769090400000,129.36,129.5,127.84,127.91,191547.35,1769093999999
1769094000000,127.91,128.63,126.73,127.41,274223.324,1769097599999
1769097600000,127.42,128.33,126.92,127.9,135459.053,1769101199999
1769101200000,127.9,128.82,127.55,128.7,82632.671,1769104799999
1769104800000,128.7,128.8,127.63,127.73,88755.307,1769108399999
1769108400000,127.74,129.37,127.45,129.26,91462.682,1769111999999
1769112000000,129.26,129.76,128.33,128.49,80006.677,1769115599999
1769115600000,128.5,129.07,128.22,128.31,62674.628,1769119199999
1769119200000,128.32,128.78,128.02,128.71,71075.18,1769122799999
1769122800000,128.71,128.72,128.12,128.47,28551.174,1769126399999
1769126400000,128.47,128.52,128.08,128.35,20335.598,1769129999999
1769130000000,128.36,128.94,128.29,128.9,50300.829,1769133599999
1769133600000,128.91,128.98,128.18,128.19,87449.146,1769137199999
1769137200000,128.18,128.78,128.14,128.76,23921.896,1769140799999
1769140800000,128.76,129.29,128.62,129.12,51597.83,1769144399999
1769144400000,129.13,129.13,128.36,128.67,32387.492,1769147999999
1769148000000,128.68,129.14,127.23,127.5,92786.786,1769151599999
1769151600000,127.51,128.1,127.51,127.93,41541.868,1769155199999
1769155200000,127.93,128.0,127.0,127.11,52730.908,1769158799999
1769158800000,127.11,127.39,126.94,127.08,56779.19,1769162399999
1769162400000,127.08,127.5,127.02,127.28,42307.324,1769165999999
1769166000000,127.29,127.76,127.23,127.54,39080.059,1769169599999
1769169600000,127.54,127.54,127.16,127.19,31937.548,1769173199999
1769173200000,127.19,127.4,126.76,126.83,104557.343,1769176799999
1769176800000,126.84,127.37,125.28,126.11,220683.568,1769180399999
1769180400000,126.11,128.1,125.53,127.9,179137.668,1769183999999
1769184000000,127.9,129.2,127.46,128.46,258702.171,1769187599999
1769187600000,128.46,130.2,127.88,128.45,179723.029,1769191199999
1769191200000,128.45,129.56,128.26,129.05,88852.2,1769194799999
1769194800000,129.05,129.13,127.77,128.08,114421.467,1769198399999
1769198400000,128.08,128.26,126.54,126.97,117205.542,1769201999999
1769202000000,126.97,127.57,126.89,127.15,39357.237,1769205599999
1769205600000,127.14,127.89,127.11,127.68,34580.728,1769209199999
1769209200000,127.67,127.67,127.26,127.43,83685.65,1769212799999
1769212800000,127.43,127.75,127.37,127.41,30867.441,1769216399999
1769216400000,127.4,127.57,127.29,127.55,21845.976,1769219999999
1769220000000,127.55,127.8,127.49,127.72,24715.929,1769223599999
1769223600000,127.72,128.12,127.6,127.91,37298.555,1769227199999
1769227200000,127.91,128.11,127.69,127.85,36257.043,1769230799999
1769230800000,127.85,127.91,127.64,127.81,25243.285,1769234399999
1769234400000,127.82,127.83,127.54,127.66,15150.565,1769237999999
1769238000000,127.66,127.68,126.89,127.11,104041.196,1769241599999
1769241600000,127.12,127.4,126.99,127.36,35736.729,1769245199999
1769245200000,127.36,127.36,127.0,127.09,31043.616,1769248799999
1769248800000,127.1,127.25,126.93,127.19,30637.278,1769252399999
1769252400000,127.19,127.37,127.12,127.17,22638.715,1769255999999
1769256000000,127.17,127.38,127.09,127.31,31336.463,1769259599999
1769259600000,127.3,127.31,126.94,126.94,36123.535,1769263199999
1769263200000,126.94,127.28,126.81,127.16,32917.114,1769266799999
1769266800000,127.16,127.41,126.8,126.85,36656.112,1769270399999
1769270400000,126.85,127.13,126.64,127.01,39338.257,1769273999999
1769274000000,127.02,127.29,126.96,127.26,21514.488,1769277599999
1769277600000,127.26,127.47,127.16,127.39,38254.84,1769281199999
1769281200000,127.39,127.51,127.24,127.3,43682.616,1769284799999
1769284800000,127.3,127.51,127.26,127.29,17456.938,1769288399999
1769288400000,127.3,127.34,127.1,127.13,34314.235,1769291999999
1769292000000,127.13,127.71,127.12,127.64,31966.369,1769295599999
1769295600000,127.64,127.76,127.17,127.21,28382.7,1769299199999
1769299200000,127.22,127.46,126.82,127.34,39333.833,1769302799999
1769302800000,127.33,127.42,126.96,127.14,35681.151,1769306399999
1769306400000,127.15,127.42,126.92,127.05,37772.36,1769309999999
1769310000000,127.06,127.13,126.35,126.64,49535.012,1769313599999
1769313600000,126.64,127.0,126.5,126.77,34334.071,1769317199999
1769317200000,126.77,126.96,126.63,126.94,24859.006,1769320799999
1769320800000,126.94,126.94,126.43,126.72,25678.709,1769324399999
1769324400000,126.72,126.72,126.35,126.47,33653.299,1769327999999
1769328000000,126.47,126.83,125.98,126.23,78413.62,1769331599999
1769331600000,126.23,126.9,126.11,126.7,62316.979,1769335199999
1769335200000,126.69,127.2,126.61,126.94,39173.012,1769338799999
1769338800000,126.95,126.97,126.56,126.77,17769.408,1769342399999
1769342400000,126.77,127.04,126.58,127.03,40222.812,1769345999999
1769346000000,127.03,127.12,126.48,126.96,36667.013,1769349599999
1769349600000,126.97,126.98,125.68,126.09,65097.286,1769353199999
1769353200000,126.09,126.32,125.48,125.59,83147.174,1769356799999
1769356800000,125.58,125.58,122.2,122.78,745309.57,1769360399999
1769360400000,122.78,122.99,121.6,122.22,279850.173,1769363999999
1769364000000,122.22,122.31,120.74,121.69,320298.732,1769367599999
1769367600000,121.69,121.87,117.15,117.96,959971.677,1769371199999
1769371200000,117.96,118.7,117.38,118.33,843492.715,1769374799999
1769374800000,118.33,118.95,117.62,118.83,351319.287,1769378399999
1769378400000,118.83,118.85,117.9,118.42,132522.112,1769381999999
1769382000000,118.42,119.45,117.53,118.85,204460.438,1769385599999
1769385600000,118.85,119.8,118.53,119.65,144927.541,1769389199999
1769389200000,119.65,122.77,119.57,122.4,175806.348,1769392799999
1769392800000,122.4,122.68,121.29,122.03,77299.779,1769396399999
1769396400000,122.03,122.33,121.11,121.57,80916.444,1769399999999
1769400000000,121.58,123.62,121.57,122.59,104472.386,1769403599999
1769403600000,122.59,122.9,122.41,122.48,42577.681,1769407199999
1769407200000,122.48,122.77,122.19,122.48,46486.887,1769410799999
1769410800000,122.49,123.01,122.23,122.89,55540.075,1769414399999
1769414400000,122.9,123.59,122.27,122.69,97546.898,1769417999999
1769418000000,122.7,122.74,121.76,121.93,83548.744,1769421599999
1769421600000,121.94,122.7,121.94,122.45,72701.762,1769425199999
1769425200000,122.46,122.7,122.41,122.5,41233.723,1769428799999
1769428800000,122.51,122.99,122.35,122.68,88321.94,1769432399999
1769432400000,122.69,123.28,122.53,123.16,69724.092,1769435999999
1769436000000,123.16,124.26,122.66,123.8,190226.062,1769439599999
1769439600000,123.8,125.2,123.04,123.53,246381.08,1769443199999
1769443200000,123.53,124.88,123.17,124.3,127507.632,1769446799999
1769446800000,124.31,124.67,123.03,124.28,130365.53,1769450399999
1769450400000,124.29,125.6,123.96,124.9,155853.931,1769453999999
1769454000000,124.91,125.13,124.18,124.31,58613.36,1769457599999
1769457600000,124.31,124.47,123.42,123.7,85142.478,1769461199999
1769461200000,123.7,124.81,123.52,124.52,81675.694,1769464799999
1769464800000,124.52,124.88,124.26,124.54,47220.758,1769468399999
1769468400000,124.53,124.87,124.13,124.24,51660.538,1769471999999
1769472000000,124.24,124.42,123.88,124.09,35086.727,1769475599999
1769475600000,124.09,124.58,123.73,124.34,54064.276,1769479199999
1769479200000,124.35,125.12,124.32,125.04,74452.009,1769482799999
1769482800000,125.04,125.17,124.4,124.51,58439.722,1769486399999
1769486400000,124.51,125.15,124.27,124.42,48741.123,1769489999999
1769490000000,124.43,124.53,124.15,124.47,52340.971,1769493599999
1769493600000,124.47,124.74,124.0,124.21,36585.913,1769497199999
1769497200000,124.22,124.65,124.04,124.52,60099.208,1769500799999
1769500800000,124.52,124.79,123.99,124.06,73380.186,1769504399999
1769504400000,124.06,124.08,123.57,123.74,85718.06,1769507999999
1769508000000,123.75,124.14,123.69,123.72,32290.299,1769511599999
1769511600000,123.72,124.29,123.61,124.12,32874.894,1769515199999
1769515200000,124.12,124.34,123.83,123.89,38733.447,1769518799999
1769518800000,123.89,123.93,123.12,123.2,41637.018,1769522399999
1769522400000,123.2,124.52,123.17,123.64,118292.719,1769525999999
1769526000000,123.65,125.06,123.45,125.01,98820.871,1769529599999
1769529600000,125.01,126.79,124.99,126.32,241959.356,1769533199999
1769533200000,126.31,126.33,123.55,124.05,172575.78,1769536799999
1769536800000,124.05,126.3,123.8,125.81,132642.282,1769540399999
1769540400000,125.82,126.27,125.4,125.85,88198.195,1769543999999
1769544000000,125.84,127.52,125.73,127.36,213405.074,1769547599999
1769547600000,127.36,127.84,126.93,127.06,121165.487,1769551199999
1769551200000,127.07,127.8,126.98,127.62,67943.242,1769554799999
1769554800000,127.62,127.65,127.12,127.19,57062.183,1769558399999
1769558400000,127.18,127.31,126.65,127.26,69587.438,1769561999999
1769562000000,127.26,127.52,126.71,127.09,49972.438,1769565599999
1769565600000,127.08,127.4,126.7,127.07,41292.057,1769569199999
1769569200000,127.07,127.25,126.71,126.96,36247.357,1769572799999
1769572800000,126.96,127.03,126.47,126.84,54792.494,1769576399999
1769576400000,126.84,126.99,126.45,126.77,39744.009,1769579999999
1769580000000,126.77,127.53,126.77,127.4,48840.519,1769583599999
1769583600000,127.41,127.54,126.95,127.1,47577.071,1769587199999
1769587200000,127.09,127.29,126.61,126.67,60888.168,1769590799999
1769590800000,126.68,127.61,125.97,127.6,113796.574,1769594399999
1769594400000,127.61,128.13,127.29,127.32,71196.706,1769597999999
1769598000000,127.32,128.34,127.17,128.17,106916.053,1769601599999
1769601600000,128.16,128.25,127.03,127.25,93775.526,1769605199999
1769605200000,127.25,127.87,126.87,127.35,124448.169,1769608799999
1769608800000,127.35,127.35,126.48,126.87,138652.417,1769612399999
1769612400000,126.86,127.17,125.52,126.07,159457.561,1769615999999
1769616000000,126.06,126.64,125.6,126.09,77690.154,1769619599999
1769619600000,126.09,127.04,125.26,126.53,116096.454,1769623199999
1769623200000,126.53,126.55,125.7,126.09,75739.898,1769626799999
1769626800000,126.09,126.72,125.3,126.01,164495.316,1769630399999
1769630400000,126.0,126.68,125.34,125.44,117569.402,1769633999999
1769634000000,125.44,125.84,124.78,125.48,96195.112,1769637599999
1769637600000,125.49,125.85,125.16,125.73,37148.61,1769641199999
1769641200000,125.73,125.78,125.07,125.35,55744.025,1769644799999
1769644800000,125.34,125.51,124.57,125.13,54357.452,1769648399999
1769648400000,125.12,125.24,124.13,124.33,72618.165,1769651999999
1769652000000,124.33,124.82,123.14,123.52,146265.486,1769655599999
1769655600000,123.51,123.79,122.7,123.07,105761.164,1769659199999
1769659200000,123.07,123.52,122.5,123.42,57827.31,1769662799999
1769662800000,123.42,123.82,123.15,123.26,47319.808,1769666399999
1769666400000,123.25,123.72,123.11,123.69,37534.722,1769669999999
1769670000000,123.69,123.98,123.65,123.78,39771.657,1769673599999
1769673600000,123.78,123.93,123.16,123.3,54359.578,1769677199999
1769677200000,123.3,123.38,122.96,123.03,39351.242,1769680799999
1769680800000,123.03,123.3,122.92,123.21,40721.49,1769684399999
1769684400000,123.21,123.3,122.66,122.76,69819.861,1769687999999
1769688000000,122.76,123.18,122.45,122.85,57908.852,1769691599999
1769691600000,122.85,123.34,122.68,122.91,56247.176,1769695199999
1769695200000,122.91,123.09,120.29,120.37,214142.814,1769698799999
1769698800000,120.38,120.44,116.12,117.69,822416.593,1769702399999
1769702400000,117.69,118.99,116.74,118.96,373616.32,1769705999999
1769706000000,118.95,119.96,117.68,117.91,282061.164,1769709599999
1769709600000,117.92,118.19,115.39,115.78,407264.532,1769713199999
1769713200000,115.77,117.21,115.43,116.84,288909.911,1769716799999
1769716800000,116.84,117.47,116.56,116.95,181237.678,1769720399999
1769720400000,116.95,117.72,116.92,117.45,119123.654,1769723999999
1769724000000,117.46,117.79,117.32,117.58,70192.149,1769727599999
1769727600000,117.58,117.91,117.27,117.82,91784.695,1769731199999
1769731200000,117.82,118.14,117.5,117.63,72173.697,1769734799999
1769734800000,117.64,117.91,112.14,115.22,700460.015,1769738399999
1769738400000,115.22,115.37,112.78,114.12,304132.802,1769741999999
1769742000000,114.12,114.68,113.55,114.43,157237.666,1769745599999
1769745600000,114.44,115.83,114.29,115.58,206669.169,1769749199999
1769749200000,115.58,116.1,115.44,115.46,92621.64,1769752799999
1769752800000,115.47,115.47,113.01,113.86,186173.894,1769756399999
1769756400000,113.87,116.13,113.87,115.78,230423.41,1769759999999
1769760000000,115.78,116.18,115.17,115.39,98998.314,1769763599999
1769763600000,115.39,116.04,114.67,115.37,187833.933,1769767199999
1769767200000,115.37,115.99,115.08,115.92,135180.293,1769770799999
1769770800000,115.91,117.28,115.77,117.08,112192.16,1769774399999
1769774400000,117.08,117.33,115.96,116.27,125964.165,1769777999999
1769778000000,116.28,116.4,115.21,115.81,158022.987,1769781599999
1769781600000,115.81,117.64,115.78,116.36,205040.888,1769785199999
1769785200000,116.36,117.14,114.58,116.8,229905.559,1769788799999
1769788800000,116.8,117.99,116.21,117.14,197452.451,1769792399999
1769792400000,117.14,117.77,116.55,116.64,135370.509,1769795999999
1769796000000,116.63,118.6,114.34,118.1,407588.867,1769799599999
1769799600000,118.1,119.12,118.1,118.3,308936.132,1769803199999
1769803200000,118.29,118.43,116.52,117.01,287832.556,1769806799999
1769806800000,117.01,118.0,116.86,117.38,111021.08,1769810399999
1769810400000,117.38,117.56,116.58,117.4,51433.974,1769813999999
1769814000000,117.39,117.63,116.9,117.59,58340.581,1769817599999
1769817600000,117.6,117.98,117.39,117.55,74010.134,1769821199999
1769821200000,117.54,118.37,117.54,118.17,88350.516,1769824799999
1769824800000,118.17,118.56,117.6,118.31,91171.039,1769828399999
1769828400000,118.31,118.66,118.18,118.39,67125.54,1769831999999
1769832000000,118.39,118.85,118.28,118.44,71708.237,1769835599999
1769835600000,118.44,118.77,118.01,118.62,113508.253,1769839199999
1769839200000,118.62,118.8,117.9,118.54,127097.967,1769842799999
1769842800000,118.55,118.6,117.2,117.37,123774.527,1769846399999
1769846400000,117.38,117.53,114.29,115.62,515928.384,1769849999999
1769850000000,115.62,116.83,115.39,116.36,159270.208,1769853599999
1769853600000,116.35,116.92,116.04,116.78,95584.744,1769857199999
1769857200000,116.79,116.79,115.97,116.05,98006.581,1769860799999
1769860800000,116.06,116.19,115.01,115.19,149919.939,1769864399999
1769864400000,115.19,115.23,113.61,114.16,233995.442,1769867999999
1769868000000,114.16,114.43,108.23,109.14,1084375.261,1769871599999
1769871600000,109.14,110.2,108.39,108.65,322151.589,1769875199999
1769875200000,108.65,109.83,105.61,106.28,714247.32,1769878799999
1769878800000,106.27,106.73,100.26,103.31,1607334.106,1769882399999
1769882400000,103.3,103.88,96.4,101.96,1364930.58,1769885999999
1769886000000,101.96,103.49,101.5,101.78,540174.932,1769889599999
1769889600000,101.77,102.58,100.4,101.99,248996.895,1769893199999
1769893200000,101.99,103.8,101.31,103.49,272806.794,1769896799999
1769896800000,103.5,104.39,103.32,104.12,144380.854,1769900399999
1769900400000,104.11,106.55,103.86,105.58,258548.484,1769903999999
1769904000000,105.58,106.43,105.32,105.67,126041.394,1769907599999
1769907600000,105.67,105.81,104.23,104.99,134368.769,1769911199999
1769911200000,104.99,105.99,104.77,105.56,86468.395,1769914799999
1769914800000,105.56,105.68,104.53,104.97,74562.008,1769918399999
1769918400000,104.97,105.51,104.8,105.2,70836.341,1769921999999
1769922000000,105.21,105.71,104.5,104.69,107662.538,1769925599999
1769925600000,104.69,105.44,104.53,105.07,67431.943,1769929199999
1769929200000,105.08,106.02,103.96,105.2,150931.224,1769932799999
1769932800000,105.2,106.06,104.81,105.52,104946.087,1769936399999
1769936400000,105.52,105.94,104.96,105.79,70479.476,1769939999999
1769940000000,105.8,105.85,103.59,103.75,172599.2,1769943599999
1769943600000,103.76,105.4,103.73,105.05,114098.12,1769947199999
1769947200000,105.06,105.19,104.13,105.05,112117.409,1769950799999
1769950800000,105.04,106.69,104.08,104.45,239797.437,1769954399999
1769954400000,104.45,104.81,101.75,102.95,396592.179,1769957999999
1769958000000,102.96,102.96,100.21,101.69,285436.953,1769961599999
1769961600000,101.7,102.89,100.93,101.73,193048.485,1769965199999
1769965200000,101.73,102.5,101.13,102.44,138966.924,1769968799999
1769968800000,102.44,104.27,102.43,103.45,221112.844,1769972399999
1769972400000,103.44,103.77,101.56,101.94,121292.53,1769975999999
1769976000000,101.94,102.87,100.19,101.59,243862.735,1769979599999
1769979600000,101.59,101.71,100.13,100.85,173272.634,1769983199999
1769983200000,100.85,102.88,100.82,101.8,148936.336,1769986799999
1769986800000,101.79,102.05,98.02,100.79,649394.09,1769990399999
1769990400000,100.78,102.9,99.65,102.28,388170.014,1769993999999
1769994000000,102.28,103.14,100.41,102.09,200480.789,1769997599999
1769997600000,102.1,102.74,100.57,100.75,171221.396,1770001199999
1770001200000,100.75,100.88,95.95,100.07,751071.305,1770004799999
1770004800000,100.08,101.79,98.66,100.31,256969.433,1770008399999
1770008400000,100.3,100.46,97.67,98.3,320609.52,1770011999999
1770012000000,98.3,101.4,97.07,100.72,663349.31,1770015599999
1770015600000,100.72,102.43,100.46,101.43,334885.952,1770019199999
1770019200000,101.42,102.49,101.36,101.7,265638.565,1770022799999
1770022800000,101.71,103.19,101.42,102.79,271740.85,1770026399999
1770026400000,102.79,103.45,102.62,102.88,128297.428,1770029999999
1770030000000,102.89,103.44,102.65,102.78,125649.771,1770033599999
1770033600000,102.78,103.78,102.78,103.3,103997.092,1770037199999
1770037200000,103.29,103.7,102.83,103.33,94483.569,1770040799999
1770040800000,103.33,105.14,102.39,103.97,326326.232,1770044399999
1770044400000,103.97,106.12,103.56,104.7,361531.853,1770047999999
1770048000000,104.69,105.78,104.28,105.0,168382.676,1770051599999
1770051600000,105.0,105.58,104.45,104.81,139614.847,1770055199999
1770055200000,104.81,105.04,103.88,104.72,110398.202,1770058799999
1770058800000,104.72,104.84,103.51,103.89,97318.24,1770062399999
1770062400000,103.88,104.26,103.32,103.84,117301.349,1770065999999
1770066000000,103.85,104.99,103.8,104.84,71731.119,1770069599999
1770069600000,104.84,105.2,104.55,105.02,50345.646,1770073199999
1770073200000,105.02,105.07,104.41,104.55,54517.523,1770076799999
1770076800000,104.54,104.67,103.7,104.18,104401.334,1770080399999
1770080400000,104.17,104.4,103.56,104.39,74503.014,1770083999999
1770084000000,104.4,104.4,102.35,102.44,94235.257,1770087599999
1770087600000,102.44,104.42,102.18,104.16,139835.881,1770091199999
1770091200000,104.17,105.1,103.86,104.68,65013.811,1770094799999
1770094800000,104.68,104.73,103.65,103.72,59729.763,1770098399999
1770098400000,103.72,104.08,102.96,103.98,93535.533,1770101999999
1770102000000,103.98,104.91,103.75,104.7,84268.477,1770105599999
1770105600000,104.7,105.04,104.07,104.11,91071.169,1770109199999
1770109200000,104.11,104.21,102.54,103.15,169415.452,1770112799999
1770112800000,103.14,103.35,102.5,102.9,94786.204,1770116399999
1770116400000,102.91,103.42,102.83,103.01,70281.313,1770119999999
1770120000000,103.01,103.38,102.53,103.13,120153.518,1770123599999
1770123600000,103.13,103.59,102.74,103.42,92001.779,1770127199999
1770127200000,103.41,103.65,100.75,100.86,240476.164,1770130799999
1770130800000,100.85,102.79,100.41,102.56,363592.435,1770134399999
1770134400000,102.56,102.56,99.96,100.73,292972.486,1770137999999
1770138000000,100.72,100.97,99.03,99.11,261309.985,1770141599999
1770141600000,99.11,99.43,96.64,96.84,492016.125,1770145199999
1770145200000,96.83,100.1,96.7,99.02,422917.456,1770148799999
1770148800000,99.01,102.07,98.31,101.14,463864.095,1770152399999
1770152400000,101.14,101.85,100.0,100.2,217826.199,1770155999999
1770156000000,100.21,100.29,98.15,98.48,174220.531,1770159599999
1770159600000,98.48,98.6,97.21,97.89,231590.134,1770163199999
1770163200000,97.89,98.8,97.17,97.99,159961.645,1770166799999
1770166800000,97.99,99.67,97.99,99.12,218613.585,1770170399999
1770170400000,99.12,99.2,97.41,97.93,114405.673,1770173999999
1770174000000,97.94,99.64,97.92,99.13,152272.144,1770177599999
1770177600000,99.12,99.35,98.04,98.09,92965.528,1770181199999
1770181200000,98.1,98.46,96.46,97.02,179530.995,1770184799999
1770184800000,97.02,98.8,96.78,98.25,152204.959,1770188399999
1770188400000,98.25,98.25,97.41,97.9,137254.97,1770191999999
1770192000000,97.91,97.96,96.77,97.73,129646.36,1770195599999
1770195600000,97.72,97.79,96.76,97.14,218414.914,1770199199999
1770199200000,97.14,97.29,96.76,97.03,137721.348,1770202799999
1770202800000,97.03,97.07,94.71,96.11,538023.224,1770206399999
1770206400000,96.12,96.73,95.86,96.47,115606.188,1770209999999
1770210000000,96.47,96.48,94.17,94.39,239663.684,1770213599999
1770213600000,94.38,95.04,92.95,93.13,424135.443,1770217199999
1770217200000,93.12,94.2,91.31,92.79,528333.294,1770220799999
1770220800000,92.8,93.13,90.98,91.97,433203.065,1770224399999
1770224400000,91.97,92.63,90.0,91.44,421163.314,1770227999999
1770228000000,91.45,93.24,90.35,92.3,451732.674,1770231599999
1770231600000,92.3,94.71,92.28,94.38,315268.825,1770235199999
1770235200000,94.38,94.5,93.0,93.24,165959.333,1770238799999
1770238800000,93.24,93.39,90.73,91.32,329000.461,1770242399999
1770242400000,91.33,92.9,89.3,90.82,348795.709,1770245999999
1770246000000,90.82,92.94,90.26,92.12,247582.036,1770249599999
1770249600000,92.11,92.76,91.37,91.74,135956.978,1770253199999
1770253200000,91.75,92.89,90.52,91.94,229315.953,1770256799999
1770256800000,91.94,92.72,90.7,90.93,251723.337,1770260399999
1770260400000,90.92,91.69,90.24,91.15,233855.042,1770263999999
1770264000000,91.14,91.92,90.32,91.13,309041.126,1770267599999
1770267600000,91.13,92.11,89.92,91.17,338190.784,1770271199999
1770271200000,91.17,91.24,89.68,90.21,290107.668,1770274799999
1770274800000,90.22,91.66,90.16,90.54,206321.3,1770278399999
1770278400000,90.55,92.46,90.55,91.77,187136.515,1770281999999
1770282000000,91.77,93.43,91.74,92.5,221009.002,1770285599999
1770285600000,92.51,92.66,89.8,90.31,256513.571,1770289199999
1770289200000,90.31,90.82,88.66,89.98,396887.146,1770292799999
1770292800000,89.98,90.76,88.68,89.53,335956.945,1770296399999
1770296400000,89.52,90.06,88.2,88.48,235626.321,1770299999999
1770300000000,88.48,91.43,88.31,88.6,402176.134,1770303599999
1770303600000,88.6,88.99,83.44,84.61,1244012.124,1770307199999
1770307200000,84.61,86.2,83.69,85.55,620015.939,1770310799999
1770310800000,85.55,85.73,82.44,82.7,566133.877,1770314399999
1770314400000,82.7,83.34,81.21,82.96,519726.287,1770317999999
1770318000000,82.96,83.31,81.41,81.68,257589.954,1770321599999
1770321600000,81.68,82.3,77.68,78.84,1411253.151,1770325199999
1770325200000,78.84,81.2,78.38,79.0,617082.215,1770328799999
1770328800000,79.01,80.68,77.6,79.81,540957.902,1770332399999
1770332400000,79.81,81.63,78.08,78.35,436766.209,1770335999999
1770336000000,78.34,78.8,67.5,75.51,3089489.443,1770339599999
1770339600000,75.51,79.79,75.48,79.6,700827.467,1770343199999
1770343200000,79.6,80.3,76.4,76.95,611199.893,1770346799999
1770346800000,76.95,77.4,75.73,76.71,456321.363,1770350399999
1770350400000,76.71,78.03,76.22,77.76,253885.587,1770353999999
1770354000000,77.75,81.65,77.59,81.15,395672.114,1770357599999
1770357600000,81.15,81.6,79.39,79.5,345800.297,1770361199999
1770361200000,79.51,80.61,78.76,79.59,322896.132,1770364799999
1770364800000,79.6,80.23,78.67,79.07,298250.313,1770368399999
1770368400000,79.07,81.69,78.95,81.34,275609.175,1770371999999
1770372000000,81.34,82.04,80.74,80.81,287047.944,1770375599999
1770375600000,80.81,81.75,80.46,81.36,193389.344,1770379199999
1770379200000,81.36,81.96,80.85,81.89,194847.569,1770382799999
1770382800000,81.9,83.85,81.7,83.11,478357.397,1770386399999
1770386400000,83.11,85.19,81.9,84.18,557554.302,1770389999999
1770390000000,84.18,85.06,83.4,84.49,474300.983,1770393599999
1770393600000,84.48,87.23,83.66,86.74,556817.838,1770397199999
1770397200000,86.74,88.72,86.16,86.73,528459.779,1770400799999
1770400800000,86.73,86.87,85.23,86.17,327231.78,1770404399999
1770404400000,86.17,87.45,85.56,87.09,321039.854,1770407999999
