open_ms	open	high	low	close	volume	close_ms
1738886400000	189.53	203.42	188.12	191.99	3925596.773	1738972799999
1738972800000	192.0	200.88	189.81	199.32	1967596.752	1739059199999
1739059200000	199.32	207.37	193.53	200.47	2879138.46	1739145599999
1739145600000	200.47	209.05	195.85	200.47	4040840.548	1739231999999
1739232000000	200.47	206.18	195.12	197.96	3930238.335	1739318399999
1739318400000	197.95	198.56	188.48	196.78	3898533.321	1739404799999
1739404800000	196.78	198.47	188.78	194.25	2427771.876	1739491199999
1739491200000	194.24	205.34	194.11	199.39	3727686.063	1739577599999
1739577600000	199.4	200.27	192.61	194.48	1633300.399	1739663999999
1739664000000	194.47	196.24	186.3	188.27	2009380.862	1739750399999
1739750400000	188.26	189.72	174.63	177.53	4287573.73	1739836799999
1739836800000	177.53	179.09	160.88	169.32	6319186.166	1739923199999
1739923200000	169.32	174.3	163.75	168.93	3478319.262	1740009599999
1740009600000	168.94	176.65	167.66	176.0	2938753.335	1740095999999
1740096000000	176.0	180.52	167.15	168.94	4103682.857	1740182399999
1740182400000	168.94	174.68	168.07	172.07	1886813.457	1740268799999
1740268800000	172.07	173.07	166.42	167.94	1488310.759	1740355199999
1740355200000	167.94	169.69	138.0	141.81	7997237.915	1740441599999
1740441600000	141.81	147.09	131.91	144.33	11747010.145	1740527999999
1740528000000	144.33	145.19	130.65	135.32	5368401.059	1740614399999
1740614400000	135.33	142.9	134.71	137.68	4322990.459	1740700799999
1740700800000	137.68	148.72	125.55	148.18	10039960.613	1740787199999
1740787200000	148.18	151.25	138.57	143.66	4151855.758	1740873599999
1740873600000	143.66	179.85	140.04	178.71	13474639.846	1740959999999
1740960000000	178.72	179.47	139.21	142.16	11096202.04	1741046399999
1741046400000	142.16	147.0	130.66	144.79	10389598.334	1741132799999
1741132800000	144.8	149.73	140.18	146.28	4895520.585	1741219199999
1741219200000	146.27	152.9	142.44	143.31	4451879.661	1741305599999
1741305600000	143.3	150.88	135.04	139.39	7267412.771	1741391999999
1741392000000	139.39	141.09	135.29	137.01	2135751.393	1741478399999
1741478400000	137.01	139.88	125.41	126.51	3909495.652	1741564799999
1741564800000	126.52	131.57	115.47	118.32	6654109.331	1741651199999
1741651200000	118.32	128.43	112.0	125.35	6435277.863	1741737599999
1741737600000	125.35	131.33	121.22	126.62	4410502.14	1741823999999
1741824000000	126.61	128.76	120.76	123.37	2824584.961	1741910399999
1741910400000	123.36	136.03	122.98	133.54	3607725.492	1741996799999
1741996800000	133.53	136.53	132.44	135.86	1918077.49	1742083199999
1742083200000	135.86	136.71	125.21	126.13	2764260.892	1742169599999
1742169600000	126.13	130.64	125.55	128.01	2707611.094	1742255999999
1742256000000	128.01	128.19	121.76	125.33	3181789.699	1742342399999
1742342400000	125.33	136.08	124.2	135.33	4170497.991	1742428799999
1742428800000	135.33	136.12	126.65	127.6	2593287.986	1742515199999
1742515200000	127.6	130.18	124.81	128.48	2400422.348	1742601599999
1742601600000	128.47	131.84	127.8	128.51	1498168.196	1742687999999
1742688000000	128.5	134.06	128.21	132.84	1763485.986	1742774399999
1742774400000	132.85	144.96	132.04	141.01	4554131.645	1742860799999
1742860800000	141.01	147.48	138.17	143.64	3529958.67	1742947199999
1742947200000	143.64	145.49	135.89	137.34	3099523.287	1743033599999
1743033600000	137.35	140.22	135.63	138.43	2466162.683	1743119999999
1743120000000	138.44	139.05	127.69	129.49	3892191.365	1743206399999
1743206400000	129.5	130.54	122.68	124.58	2610065.515	1743292799999
1743292800000	124.58	127.08	123.0	124.82	1743775.296	1743379199999
1743379200000	124.83	127.81	122.75	124.54	3730628.853	1743465599999
1743465600000	124.53	130.55	123.74	126.67	3554277.848	1743551999999
1743552000000	126.68	136.21	117.0	117.42	6288908.68	1743638399999
1743638400000	117.42	120.94	112.24	117.17	5854867.278	1743724799999
1743724800000	117.17	124.0	113.25	122.79	5721072.32	1743811199999
1743811200000	122.8	122.85	117.15	120.32	1784381.3	1743897599999
1743897600000	120.33	121.13	103.81	105.91	4934346.985	1743983999999
1743984000000	105.9	113.0	95.26	106.99	12630664.993	1744070399999
1744070400000	106.98	112.58	102.96	105.4	5839129.782	1744156799999
1744156800000	105.4	121.0	101.26	119.05	9334586.139	1744243199999
1744243200000	119.05	119.3	108.21	112.81	5566324.629	1744329599999
1744329600000	112.8	122.65	112.16	121.41	4344066.889	1744415999999
1744416000000	121.41	134.11	119.41	132.24	4620265.855	1744502399999
1744502400000	132.24	133.96	125.32	128.38	4054370.603	1744588799999
1744588800000	128.38	136.13	127.98	129.42	4150251.45	1744675199999
1744675200000	129.41	134.45	125.82	126.11	3431482.497	1744761599999
1744761600000	126.1	133.91	123.49	131.33	5320768.994	1744847999999
1744848000000	131.33	136.2	129.5	134.83	3817459.718	1744934399999
1744934400000	134.84	136.02	132.47	134.04	2556341.874	1745020799999
1745020800000	134.05	140.5	133.58	139.87	2816038.068	1745107199999
1745107200000	139.86	141.96	135.64	137.86	3498098.615	1745193599999
1745193600000	137.86	143.25	133.82	136.56	4657400.503	1745279999999
1745280000000	136.57	150.23	134.68	148.79	5078409.536	1745366399999
1745366400000	148.78	154.21	147.13	151.1	4801378.47	1745452799999
1745452800000	151.1	152.9	144.87	152.55	3535860.484	1745539199999
1745539200000	152.55	157.0	149.87	150.82	4226767.973	1745625599999
1745625600000	150.82	153.17	147.75	149.21	1766805.88	1745711999999
1745712000000	149.22	150.41	145.51	147.98	1599977.891	1745798399999
1745798400000	147.97	153.4	144.63	147.84	3507950.445	1745884799999
1745884800000	147.84	150.39	145.0	146.31	2498992.492	1745971199999
1745971200000	146.3	148.67	140.32	147.54	2780816.363	1746057599999
1746057600000	147.54	153.99	147.54	150.85	3037281.454	1746143999999
1746144000000	150.85	151.91	147.3	148.05	2216263.073	1746230399999
1746230400000	148.04	149.05	145.82	146.71	1406583.56	1746316799999
1746316800000	146.71	147.81	143.5	143.95	1613358.553	1746403199999
1746403200000	143.94	147.73	142.5	146.72	2030995.801	1746489599999
1746489600000	146.72	147.23	141.41	146.88	2352310.935	1746575999999
1746576000000	146.89	149.54	144.68	147.32	2440566.284	1746662399999
1746662400000	147.32	164.6	147.08	164.46	6040622.618	1746748799999
1746748800000	164.46	176.15	161.07	172.78	6318574.649	1746835199999
1746835200000	172.77	178.98	168.72	177.89	3339701.179	1746921599999
1746921600000	177.89	180.26	169.35	173.19	3210729.52	1747007999999
1747008000000	173.2	181.46	168.31	174.22	6245732.977	1747094399999
1747094400000	174.22	184.83	166.18	183.75	4587043.398	1747180799999
1747180800000	183.75	184.88	173.23	176.64	3619155.253	1747267199999
1747267200000	176.63	178.33	166.7	169.16	3546037.724	1747353599999
1747353600000	169.16	174.21	166.36	167.4	2766386.671	1747439999999
1747440000000	167.4	169.99	164.01	165.94	2262121.706	1747526399999
1747526400000	165.94	176.77	164.54	173.3	3194610.936	1747612799999
1747612800000	173.3	173.94	159.44	166.86	4076352.744	1747699199999
1747699200000	166.87	173.11	164.51	168.59	3135420.426	1747785599999
1747785600000	168.59	175.99	165.51	173.53	4400610.4	1747871999999
1747872000000	173.54	180.87	172.59	179.68	3608222.862	1747958399999
1747958400000	179.68	187.71	173.23	174.01	6112910.776	1748044799999
1748044800000	174.0	178.33	172.5	175.87	2317965.021	1748131199999
1748131200000	175.87	176.88	169.14	175.74	2530363.859	1748217599999
1748217600000	175.75	179.02	173.48	174.91	2214724.796	1748303999999
1748304000000	174.92	179.41	171.24	176.71	2568509.368	1748390399999
1748390400000	176.72	177.45	168.92	172.21	2534660.877	1748476799999
1748476800000	172.22	175.34	165.96	166.71	2641789.968	1748563199999
1748563200000	166.71	167.51	155.22	156.2	3770279.512	1748649599999
1748649600000	156.2	158.01	152.14	156.45	2352257.752	1748735999999
1748736000000	156.45	157.92	150.59	157.68	2042131.041	1748822399999
1748822400000	157.68	158.93	151.67	156.83	2502052.191	1748908799999
1748908800000	156.83	163.64	154.14	155.19	2849585.145	1748995199999
1748995200000	155.19	157.97	152.94	153.26	1990646.424	1749081599999
1749081600000	153.27	154.61	141.53	144.29	4258041.075	1749167999999
1749168000000	144.28	152.39	144.11	147.83	2167791.114	1749254399999
1749254400000	147.82	152.84	146.84	150.06	1408204.615	1749340799999
1749340800000	150.07	155.3	147.88	152.45	1564000.366	1749427199999
1749427200000	152.45	161.73	149.58	161.16	3079728.265	1749513599999
1749513600000	161.16	165.67	156.32	165.12	3589559.163	1749599999999
1749600000000	165.12	168.36	159.21	160.97	4019424.999	1749686399999
1749686400000	160.98	161.28	152.02	152.32	2883476.685	1749772799999
1749772800000	152.32	152.59	140.21	148.6	5339782.783	1749859199999
1749859200000	148.6	148.7	141.97	144.64	1679994.751	1749945599999
1749945600000	144.65	153.54	144.22	152.97	2831999.616	1750031999999
1750032000000	152.97	158.8	150.3	150.72	3573196.785	1750118399999
1750118400000	150.73	154.33	145.61	147.57	3395648.859	1750204799999
1750204800000	147.58	149.28	143.65	146.34	2800908.98	1750291199999
1750291200000	146.35	147.9	142.92	147.04	2285335.729	1750377599999
1750377600000	147.04	148.81	135.69	140.11	3393327.209	1750463999999
1750464000000	140.11	142.6	130.9	135.43	2826424.143	1750550399999
1750550400000	135.43	137.62	126.0	131.71	4252120.023	1750636799999
1750636800000	131.71	146.92	130.68	144.51	4573147.667	1750723199999
1750723200000	144.51	146.77	142.31	145.92	2741809.086	1750809599999
1750809600000	145.93	147.95	142.25	143.57	2233601.909	1750895999999
1750896000000	143.57	148.0	138.62	139.06	2522507.942	1750982399999
1750982400000	139.05	144.85	137.14	142.09	2471847.15	1751068799999
1751068800000	142.09	152.7	141.13	150.72	2657836.682	1751155199999
1751155200000	150.73	154.77	149.36	153.32	2150026.172	1751241599999
1751241600000	153.32	159.99	149.45	154.81	3871390.335	1751327999999
1751328000000	154.82	155.64	144.85	146.88	2770862.174	1751414399999
1751414400000	146.87	154.47	145.85	152.27	2652574.279	1751500799999
1751500800000	152.28	156.35	149.86	152.36	2686218.205	1751587199999
1751587200000	152.35	153.88	145.22	147.7	2308086.736	1751673599999
1751673600000	147.69	148.7	145.9	147.55	1173963.86	1751759999999
1751760000000	147.55	153.89	146.78	151.86	2486859.718	1751846399999
1751846400000	151.86	153.6	147.7	148.88	2174727.723	1751932799999
1751932800000	148.89	152.88	147.85	151.67	2712869.323	1752019199999
1752019200000	151.68	157.93	150.53	157.05	2907219.748	1752105599999
1752105600000	157.06	165.43	155.64	164.34	3428382.349	1752191999999
1752192000000	164.33	168.2	159.54	162.93	4354179.713	1752278399999
1752278400000	162.92	163.9	157.74	160.69	2043211.942	1752364799999
1752364800000	160.7	164.19	159.63	161.15	1929745.851	1752451199999
1752451200000	161.15	168.65	160.61	162.21	3973706.533	1752537599999
1752537600000	162.21	164.26	157.23	163.98	3665295.753	1752623999999
1752624000000	163.98	176.0	161.51	173.63	5020288.123	1752710399999
1752710400000	173.62	178.19	168.71	175.87	4491555.727	1752796799999
1752796800000	175.88	184.67	173.24	177.28	5191853.168	1752883199999
1752883200000	177.28	178.61	174.0	176.96	2059315.008	1752969599999
1752969600000	176.97	183.66	176.33	181.43	3694854.915	1753055999999
1753056000000	181.44	199.28	178.25	195.72	6495907.179	1753142399999
1753142400000	195.72	206.3	193.75	205.7	8635627.173	1753228799999
1753228800000	205.7	205.75	183.97	189.4	5548137.499	1753315199999
1753315200000	189.4	191.87	179.21	182.87	5217064.871	1753401599999
1753401600000	182.88	186.85	175.63	186.76	4481310.44	1753487999999
1753488000000	186.75	189.78	184.29	184.88	1773453.875	1753574399999
1753574400000	184.89	190.7	184.53	188.64	2233060.133	1753660799999
1753660800000	188.64	195.26	182.16	183.11	4067872.127	1753747199999
1753747200000	183.1	186.68	178.3	181.48	2541912.036	1753833599999
1753833600000	181.47	182.56	170.29	177.77	3297250.187	1753919999999
1753920000000	177.77	182.7	171.44	172.22	2624841.783	1754006399999
1754006400000	172.22	172.26	159.2	162.71	4317529.315	1754092799999
1754092800000	162.71	165.3	155.83	158.48	2208175.075	1754179199999
1754179200000	158.49	163.14	156.28	161.97	2297909.311	1754265599999
1754265600000	161.98	169.8	161.26	169.55	2688954.158	1754351999999
1754352000000	169.55	171.73	161.3	164.09	2554958.009	1754438399999
1754438400000	164.09	169.93	161.13	168.09	1797491.429	1754524799999
1754524800000	168.1	175.51	166.7	175.36	3014662.995	1754611199999
1754611200000	175.37	179.66	173.43	176.78	3678790.655	1754697599999
1754697600000	176.79	183.45	176.64	179.95	3325504.387	1754783999999
1754784000000	179.96	186.18	177.51	182.66	4197287.287	1754870399999
1754870400000	182.67	186.8	173.43	174.84	3960743.531	1754956799999
1754956800000	174.83	193.76	173.6	191.78	5074348.157	1755043199999
1755043200000	191.77	204.96	191.48	201.51	7148726.279	1755129599999
1755129600000	201.51	209.86	186.68	192.47	8965607.314	1755215999999
1755216000000	192.46	198.07	183.3	185.72	4360287.396	1755302399999
1755302400000	185.71	190.06	185.2	189.6	2099818.448	1755388799999
1755388800000	189.61	195.89	187.35	190.99	2261555.556	1755475199999
1755475200000	191.0	191.33	180.0	182.94	3374074.697	1755561599999
1755561600000	182.94	185.87	175.69	176.22	3260089.959	1755647999999
1755648000000	176.22	187.97	176.04	187.94	3464957.674	1755734399999
1755734400000	187.95	190.1	179.43	180.29	2914511.603	1755820799999
1755820800000	180.3	202.4	177.27	200.69	6594118.389	1755907199999
1755907200000	200.69	208.62	195.26	204.14	4788640.759	1755993599999
1755993600000	204.15	211.99	201.09	205.98	7165649.238	1756079999999
1756080000000	205.99	213.6	185.33	187.2	7953100.753	1756166399999
1756166400000	187.19	198.1	185.58	195.86	4734419.522	1756252799999
1756252800000	195.85	212.08	193.78	202.95	7835140.154	1756339199999
1756339200000	202.95	216.89	201.72	214.43	7247306.546	1756425599999
1756425600000	214.43	218.0	199.85	205.08	8607486.597	1756511999999
1756512000000	205.09	207.06	197.52	202.7	3894576.115	1756598399999
1756598400000	202.7	206.66	200.28	200.62	3303223.948	1756684799999
1756684800000	200.62	204.58	194.19	197.32	4464767.773	1756771199999
1756771200000	197.32	209.68	196.77	209.65	4894637.549	1756857599999
1756857600000	209.64	213.02	207.42	210.77	4063191.683	1756943999999
1756944000000	210.77	211.94	201.84	202.32	2726779.277	1757030399999
1757030400000	202.32	210.0	200.95	203.36	4121395.255	1757116799999
1757116800000	203.37	204.68	199.32	200.16	1481500.997	1757203199999
1757203200000	200.17	207.95	200.12	206.35	2217510.763	1757289599999
1757289600000	206.35	217.11	205.59	214.11	5729678.935	1757375999999
1757376000000	214.11	219.79	210.79	217.21	4979304.713	1757462399999
1757462400000	217.22	226.0	215.09	224.07	4824185.212	1757548799999
1757548800000	224.06	228.95	221.72	228.73	4352357.001	1757635199999
1757635200000	228.73	244.04	228.11	242.18	5891653.931	1757721599999
1757721600000	242.18	244.14	235.73	242.38	3305661.265	1757807999999
1757808000000	242.38	249.6	239.23	239.76	4165171.128	1757894399999
1757894400000	239.75	244.0	230.15	234.31	4733589.619	1757980799999
1757980800000	234.32	240.95	231.26	236.96	3181627.06	1758067199999
1758067200000	236.96	246.62	232.23	244.84	4771529.493	1758153599999
1758153600000	244.84	253.51	242.58	247.5	3916890.908	1758239999999
1758240000000	247.5	248.57	235.12	238.53	3384985.698	1758326399999
1758326400000	238.53	241.22	236.91	239.48	1550489.215	1758412799999
1758412800000	239.48	241.82	235.32	236.16	1392437.976	1758499199999
1758499200000	236.16	236.96	214.5	220.38	5836593.703	1758585599999
1758585600000	220.39	221.71	212.34	213.3	3448908.468	1758671999999
1758672000000	213.29	216.45	204.81	211.6	4427457.526	1758758399999
1758758400000	211.61	212.44	191.32	192.74	6761257.291	1758844799999
1758844800000	192.73	205.52	190.8	205.17	5623202.874	1758931199999
1758931200000	205.16	205.43	199.88	203.46	2104933.415	1759017599999
1759017600000	203.47	211.0	198.0	210.83	2194260.074	1759103999999
1759104000000	210.83	214.74	204.58	212.75	3213098.851	1759190399999
1759190400000	212.74	213.67	204.29	208.68	3264781.485	1759276799999
1759276800000	208.68	222.77	206.31	222.04	4050260.921	1759363199999
1759363200000	222.04	234.99	219.52	234.74	4590696.388	1759449599999
1759449600000	234.74	237.0	227.13	232.84	4216611.614	1759535999999
1759536000000	232.84	234.05	224.07	227.86	1841410.605	1759622399999
1759622400000	227.86	237.22	226.45	228.56	3099633.526	1759708799999
1759708800000	228.56	237.79	227.55	232.35	2981928.375	1759795199999
1759795200000	232.35	235.21	219.7	219.97	4401045.757	1759881599999
1759881600000	219.98	229.72	217.3	229.02	3103760.645	1759967999999
1759968000000	229.03	229.69	216.53	220.93	3272953.431	1760054399999
1760054400000	220.93	224.46	168.79	188.43	9622835.429	1760140799999
1760140800000	188.43	191.05	172.58	177.62	7292387.248	1760227199999
1760227200000	177.63	199.0	173.0	197.0	6486999.721	1760313599999
1760313600000	196.99	209.28	190.02	208.69	6253161.511	1760399999999
1760400000000	208.69	211.25	191.03	202.44	7349167.875	1760486399999
1760486400000	202.45	208.91	192.04	193.84	5369155.439	1760572799999
1760572800000	193.84	198.42	182.03	184.85	5404640.663	1760659199999
1760659200000	184.84	187.55	174.06	181.96	6102908.877	1760745599999
1760745600000	181.97	188.26	181.75	187.56	2105841.095	1760831999999
1760832000000	187.55	192.29	183.19	187.86	2483964.6	1760918399999
1760918400000	187.86	194.5	183.82	189.71	3178001.499	1761004799999
1761004800000	189.71	197.71	182.72	185.63	4651082.621	1761091199999
1761091200000	185.62	187.45	177.04	180.12	3977004.715	1761177599999
1761177600000	180.13	193.45	179.68	191.35	3501959.115	1761263999999
1761264000000	191.36	197.0	188.83	193.59	3356762.626	1761350399999
1761350400000	193.58	195.25	191.19	193.84	1626838.938	1761436799999
1761436800000	193.84	202.43	191.9	200.03	2577750.13	1761523199999
1761523200000	200.03	205.33	197.34	198.7	3515609.387	1761609599999
1761609600000	198.71	203.99	190.22	194.15	4329169.961	1761695999999
1761696000000	194.16	201.7	189.37	193.88	4620887.829	1761782399999
1761782400000	193.89	198.19	178.65	184.69	5054538.263	1761868799999
1761868800000	184.69	190.26	183.7	187.21	3193393.84	1761955199999
1761955200000	187.21	187.55	183.79	186.35	1484505.22	1762041599999
1762041600000	186.35	188.34	182.0	187.71	1761297.557	1762127999999
1762128000000	187.71	189.13	163.15	166.06	7327613.063	1762214399999
1762214400000	166.06	168.42	145.85	155.03	8288577.565	1762300799999
1762300800000	155.04	163.97	147.29	162.37	4650531.688	1762387199999
1762387200000	162.37	162.91	153.45	155.28	3576753.327	1762473599999
1762473600000	155.27	164.48	149.82	161.79	4213077.972	1762559999999
1762560000000	161.8	164.89	155.8	158.02	2502927.24	1762646399999
1762646400000	158.01	166.57	155.11	164.53	3231789.575	1762732799999
1762732800000	164.53	170.48	163.42	167.31	3628961.126	1762819199999
1762819200000	167.31	171.94	153.93	154.63	4702104.213	1762905599999
1762905600000	154.63	161.14	151.2	153.42	4139205.467	1762991999999
1762992000000	153.43	157.2	141.04	144.73	5418189.697	1763078399999
1763078400000	144.74	145.68	135.76	138.92	6176425.147	1763164799999
1763164800000	138.93	144.69	138.61	139.61	2351478.022	1763251199999
1763251200000	139.6	143.38	134.42	137.17	3385434.284	1763337599999
1763337600000	137.17	143.28	128.82	130.99	5624720.775	1763423999999
1763424000000	131.0	142.17	129.0	140.69	5528848.81	1763510399999
1763510400000	140.68	142.84	130.53	137.06	4268467.044	1763596799999
1763596800000	137.06	144.8	131.11	133.67	7048254.224	1763683199999
1763683200000	133.67	135.06	121.66	128.68	8285885.693	1763769599999
1763769600000	128.69	129.94	125.08	127.59	2612487.859	1763855999999
1763856000000	127.6	133.54	127.56	130.58	2818715.19	1763942399999
1763942400000	130.58	139.87	128.44	138.44	4744857.046	1764028799999
1764028800000	138.43	140.5	133.13	138.96	2994819.853	1764115199999
1764115200000	138.96	144.75	135.5	143.02	4021862.67	1764201599999
1764201600000	143.01	144.29	140.47	140.85	2331673.189	1764287999999
1764288000000	140.85	143.6	136.01	137.33	3502510.031	1764374399999
1764374400000	137.33	138.1	134.76	135.91	1859321.171	1764460799999
1764460800000	135.92	140.19	133.26	133.48	2608165.329	1764547199999
1764547200000	133.48	133.74	123.11	126.66	5007504.057	1764633599999
1764633600000	126.66	140.88	126.01	138.68	5022856.747	1764719999999
1764720000000	138.67	146.08	137.76	144.67	3954144.805	1764806399999
1764806400000	144.67	146.91	137.8	139.01	2694242.241	1764892799999
1764892800000	139.01	140.75	130.73	133.29	3367359.143	1764979199999
1764979200000	133.29	134.13	131.28	132.19	1341595.431	1765065599999
1765065600000	132.2	136.35	127.7	132.24	3131804.491	1765151999999
1765152000000	132.25	139.36	131.52	133.25	3245115.426	1765238399999
1765238400000	133.24	144.93	131.62	137.88	4508522.034	1765324799999
1765324800000	137.87	142.57	135.39	136.26	4520230.276	1765411199999
1765411200000	136.26	137.79	129.0	136.41	4377697.036	1765497599999
1765497600000	136.41	140.12	130.35	132.27	4005608.262	1765583999999
1765584000000	132.28	134.28	131.6	133.14	1472483.735	1765670399999
1765670400000	133.13	133.66	127.98	129.4	1731614.637	1765756799999
1765756800000	129.39	135.43	123.63	127.81	3922431.0	1765843199999
1765843200000	127.81	130.14	124.87	129.15	2884783.998	1765929599999
1765929600000	129.15	133.99	121.36	123.27	4525580.216	1766015999999
1766016000000	123.28	129.05	116.88	119.6	4790795.008	1766102399999
1766102400000	119.6	127.87	117.61	126.27	4090548.592	1766188799999
1766188800000	126.27	126.89	125.3	125.81	1229353.586	1766275199999
1766275200000	125.8	126.62	123.4	126.03	1812103.189	1766361599999
1766361600000	126.03	128.78	124.2	125.93	2667589.146	1766447999999
1766448000000	125.93	126.93	122.16	124.01	2440030.872	1766534399999
1766534400000	124.02	124.3	120.63	122.53	1605450.498	1766620799999
1766620800000	122.52	124.46	119.71	120.06	1818325.148	1766707199999
1766707200000	120.05	125.14	119.24	122.26	3326516.562	1766793599999
1766793600000	122.27	125.08	121.86	124.73	1357802.112	1766879999999
1766880000000	124.74	125.64	123.08	125.27	1828960.451	1766966399999
1766966400000	125.27	130.16	122.36	123.28	4307595.105	1767052799999
1767052800000	123.28	126.52	122.58	125.01	2480631.516	1767139199999
1767139200000	125.02	132.75	122.99	124.65	2941643.658	1767225599999
1767225600000	124.64	127.25	124.15	126.9	1733664.978	1767311999999
1767312000000	126.91	133.25	125.84	132.29	2924227.372	1767398399999
1767398400000	132.28	133.99	129.6	133.37	1520623.499	1767484799999
1767484800000	133.37	135.54	133.12	134.12	1809269.113	1767571199999
1767571200000	134.12	139.87	133.18	137.9	3327567.484	1767657599999
1767657600000	137.91	143.48	136.19	141.08	3771795.117	1767743999999
1767744000000	141.08	141.4	134.41	136.39	2321642.178	1767830399999
1767830400000	136.39	140.07	132.67	138.37	3113437.835	1767916799999
1767916800000	138.37	141.17	134.98	135.97	3778547.996	1768003199999
1768003200000	135.96	137.05	135.37	135.84	1000837.004	1768089599999
1768089600000	135.85	141.6	135.75	139.7	2209913.206	1768175999999
1768176000000	139.69	144.4	138.34	139.22	4160120.091	1768262399999
1768262400000	139.21	148.74	137.82	145.51	4195082.468	1768348799999
1768348800000	145.52	148.44	143.37	146.69	3695077.378	1768435199999
1768435200000	146.7	146.73	140.9	142.4	2462143.139	1768521599999
1768521600000	142.41	145.55	140.26	144.89	1900879.026	1768607999999
1768608000000	144.9	144.99	143.32	143.72	835154.761	1768694399999
1768694400000	143.73	144.0	137.74	137.87	1877438.698	1768780799999
1768780800000	137.87	137.87	130.0	133.44	2972524.77	1768867199999
1768867200000	133.44	134.63	124.68	125.8	3532423.88	1768953599999
1768953600000	125.81	132.17	125.26	129.54	3161736.36	1769039999999
1769040000000	129.53	130.94	126.73	128.47	1811586.462	1769126399999
1769126400000	128.47	130.2	125.28	127.43	2044063.077	1769212799999
1769212800000	127.43	128.12	126.64	127.21	807419.995	1769299199999
1769299200000	127.22	127.46	117.15	118.85	4540879.449	1769385599999
1769385600000	118.85	125.6	118.53	124.24	2355751.363	1769471999999
1769472000000	124.24	127.84	123.12	127.19	2036509.042	1769558399999
1769558400000	127.18	128.34	124.78	125.35	1997863.528	1769644799999
1769644800000	125.34	125.51	115.39	117.82	3730613.473	1769731199999
1769731200000	117.82	119.12	112.14	117.59	4761006.742	1769817599999
1769817600000	117.6	118.85	96.4	105.58	8567398.326	1769903999999
1769904000000	105.58	106.69	98.02	100.79	4204256.051	1769990399999
1769990400000	100.78	106.12	95.95	104.55	5574032.681	1770076799999
1770076800000	104.54	105.1	96.64	97.89	4514018.115	1770163199999
1770163200000	97.89	99.67	89.3	92.12	6251459.371	1770249599999
1770249600000	92.11	93.43	77.6	78.35	10243355.48	1770335999999
