open_ms	open	high	low	close	volume	close_ms
1766952000000	123.3	125.64	123.1	125.27	523876.794	1766966399999
1766966400000	125.27	130.16	125.01	128.58	1570857.086	1766980799999
1766980800000	128.58	129.15	127.2	127.88	540783.503	1766995199999
1766995200000	127.88	128.47	125.01	125.08	644155.681	1767009599999
1767009600000	125.08	125.41	122.36	123.44	961859.699	1767023999999
1767024000000	123.43	123.98	122.63	123.06	366732.972	1767038399999
1767038400000	123.07	123.62	122.86	123.28	223206.164	1767052799999
1767052800000	123.28	123.93	122.58	123.8	212290.371	1767067199999
1767067200000	123.79	124.35	123.2	124.02	292747.345	1767081599999
1767081600000	124.02	125.15	124.0	124.3	399345.688	1767095999999
1767096000000	124.29	125.35	123.54	125.16	561575.424	1767110399999
1767110400000	125.16	126.52	123.78	124.71	695920.332	1767124799999
1767124800000	124.71	125.14	123.5	125.01	318752.356	1767139199999
1767139200000	125.02	126.09	124.41	125.82	385546.726	1767153599999
1767153600000	125.81	126.1	125.38	125.99	204182.586	1767167999999
1767168000000	125.99	126.85	125.44	126.73	254276.093	1767182399999
1767182400000	126.73	127.44	125.01	125.59	484377.049	1767196799999
1767196800000	125.58	125.74	124.31	124.39	323537.14	1767211199999
1767211200000	124.38	132.75	122.99	124.65	1289724.064	1767225599999
1767225600000	124.64	125.8	124.6	125.21	245926.338	1767239999999
1767240000000	125.22	125.32	124.22	124.24	156389.379	1767254399999
1767254400000	124.24	125.29	124.15	125.22	343252.977	1767268799999
1767268800000	125.23	125.28	124.39	124.96	310752.549	1767283199999
1767283200000	124.96	125.79	124.28	125.76	384537.993	1767297599999
1767297600000	125.76	127.25	125.31	126.9	292805.742	1767311999999
1767312000000	126.91	127.99	125.84	127.53	380568.162	1767326399999
1767326400000	127.53	127.72	126.75	127.13	180338.215	1767340799999
1767340800000	127.14	129.99	127.13	128.22	625544.285	1767355199999
1767355200000	128.21	129.65	126.82	128.98	627670.56	1767369599999
1767369600000	128.98	132.3	128.68	131.63	745970.82	1767383999999
1767384000000	131.63	133.25	130.83	132.29	364135.33	1767398399999
1767398400000	132.28	133.17	132.06	132.83	270844.665	1767412799999
1767412800000	132.83	132.93	129.6	130.1	368318.036	1767427199999
1767427200000	130.09	131.44	129.8	130.71	253605.01	1767441599999
1767441600000	130.71	132.18	130.5	131.47	238562.337	1767455999999
1767456000000	131.48	132.12	131.47	131.78	150725.729	1767470399999
1767470400000	131.78	133.99	131.35	133.37	238567.722	1767484799999
1767484800000	133.37	134.97	133.31	134.62	397085.181	1767499199999
1767499200000	134.62	135.0	133.66	133.8	302385.366	1767513599999
1767513600000	133.8	134.88	133.2	134.39	263179.193	1767527999999
1767528000000	134.39	135.35	133.75	134.91	350770.216	1767542399999
1767542400000	134.91	135.54	133.12	133.56	339599.217	1767556799999
1767556800000	133.55	134.86	133.4	134.12	156249.94	1767571199999
1767571200000	134.12	137.75	134.01	136.64	651880.993	1767585599999
1767585600000	136.64	136.79	134.63	135.45	328811.125	1767599999999
1767600000000	135.45	136.06	134.75	135.77	342758.224	1767614399999
1767614400000	135.77	136.47	133.18	136.13	798861.983	1767628799999
1767628800000	136.13	138.82	134.31	138.23	765477.737	1767643199999
1767643200000	138.23	139.87	137.72	137.9	439777.422	1767657599999
1767657600000	137.91	138.63	136.89	138.38	341713.209	1767671999999
1767672000000	138.38	140.08	137.35	137.61	507045.105	1767686399999
1767686400000	137.6	139.7	137.4	139.5	416041.928	1767700799999
1767700800000	139.5	143.48	138.72	141.6	1164131.173	1767715199999
1767715200000	141.59	141.95	136.19	137.53	841636.852	1767729599999
1767729600000	137.53	141.99	137.51	141.08	501226.85	1767743999999
1767744000000	141.08	141.4	138.52	139.58	365641.21	1767758399999
1767758400000	139.59	139.72	138.15	139.39	254909.392	1767772799999
1767772800000	139.39	139.8	136.56	137.93	475525.662	1767787199999
1767787200000	137.93	138.51	135.25	135.7	569355.221	1767801599999
1767801600000	135.7	136.68	134.41	135.76	401993.748	1767815999999
1767816000000	135.76	137.05	135.0	136.39	254216.945	1767830399999
1767830400000	136.39	138.32	136.0	136.75	382004.008	1767844799999
1767844800000	136.74	138.33	133.79	135.9	493314.371	1767859199999
1767859200000	135.9	136.22	133.92	134.79	323607.294	1767873599999
1767873600000	134.8	136.55	132.67	136.41	663928.576	1767887999999
1767888000000	136.41	139.06	136.25	137.53	635387.085	1767902399999
1767902400000	137.53	140.07	136.52	138.37	615196.501	1767916799999
1767916800000	138.37	141.17	137.74	140.81	657548.768	1767931199999
1767931200000	140.81	141.08	139.46	139.54	371513.458	1767945599999
1767945600000	139.55	139.68	137.04	138.28	621265.565	1767959999999
1767960000000	138.27	140.89	136.13	138.82	965343.639	1767974399999
1767974400000	138.82	140.25	135.44	135.81	776742.657	1767988799999
1767988800000	135.8	136.45	134.98	135.97	386133.909	1768003199999
1768003200000	135.96	136.69	135.68	136.15	206284.98	1768017599999
1768017600000	136.15	136.34	135.75	136.09	127461.094	1768031999999
1768032000000	136.09	137.05	136.0	136.58	203467.601	1768046399999
1768046400000	136.58	137.04	136.01	136.42	180816.347	1768060799999
1768060800000	136.42	136.71	135.85	136.22	163655.47	1768075199999
1768075200000	136.22	136.27	135.37	135.84	119151.512	1768089599999
1768089600000	135.85	136.47	135.75	136.26	140444.874	1768103999999
1768104000000	136.26	136.43	135.88	136.2	118593.443	1768118399999
1768118400000	136.2	136.91	136.1	136.58	197166.958	1768132799999
1768132800000	136.58	139.55	136.52	138.43	474319.406	1768147199999
1768147200000	138.44	141.6	138.43	139.43	775597.184	1768161599999
1768161600000	139.42	139.77	137.49	139.7	503791.341	1768175999999
1768176000000	139.69	144.4	138.92	142.54	1277457.951	1768190399999
1768190400000	142.54	143.35	141.36	141.41	430457.211	1768204799999
1768204800000	141.42	142.05	139.04	140.03	524699.387	1768219199999
1768219200000	140.02	142.74	138.69	142.58	532621.648	1768233599999
1768233600000	142.58	144.33	140.58	140.99	859921.736	1768247999999
1768248000000	141.0	141.86	138.34	139.22	534962.158	1768262399999
1768262400000	139.21	139.58	137.82	138.74	538089.341	1768276799999
1768276800000	138.75	140.76	138.39	139.97	420710.949	1768291199999
1768291200000	139.97	143.12	139.97	141.84	676254.562	1768305599999
1768305600000	141.84	143.84	141.21	143.51	907770.282	1768319999999
1768320000000	143.51	144.55	142.43	144.24	533027.793	1768334399999
1768334400000	144.24	148.74	143.0	145.51	1119229.541	1768348799999
1768348800000	145.52	146.6	144.33	146.29	640347.025	1768363199999
1768363200000	146.28	146.46	143.92	144.86	540588.653	1768377599999
1768377600000	144.85	145.76	143.53	143.77	379406.477	1768391999999
1768392000000	143.76	147.56	143.37	147.07	925906.865	1768406399999
1768406400000	147.07	148.44	145.32	146.8	852900.589	1768420799999
1768420800000	146.8	147.73	145.84	146.69	355927.769	1768435199999
1768435200000	146.7	146.73	143.21	143.49	481901.961	1768449599999
1768449600000	143.49	145.29	143.28	144.99	279031.191	1768463999999
1768464000000	145.0	146.0	144.02	144.86	293200.656	1768478399999
1768478400000	144.85	145.65	141.78	143.48	759898.546	1768492799999
1768492800000	143.48	144.2	140.9	141.53	449424.795	1768507199999
1768507200000	141.53	142.66	141.02	142.4	198685.99	1768521599999
1768521600000	142.41	142.82	141.68	141.97	188314.507	1768535999999
1768536000000	141.97	143.63	141.39	142.95	358079.428	1768550399999
1768550400000	142.95	143.55	142.71	143.14	220271.618	1768564799999
1768564800000	143.14	143.86	140.26	140.78	444575.491	1768579199999
1768579200000	140.77	144.52	140.65	144.18	389096.314	1768593599999
1768593600000	144.17	145.55	143.49	144.89	300541.668	1768607999999
1768608000000	144.9	144.99	144.2	144.37	183972.751	1768622399999
1768622400000	144.36	144.5	143.64	143.64	87054.038	1768636799999
1768636800000	143.64	144.65	143.32	144.0	162784.035	1768651199999
1768651200000	144.0	144.35	143.6	144.33	152306.381	1768665599999
1768665600000	144.33	144.55	143.64	144.27	136850.607	1768679999999
1768680000000	144.26	144.58	143.51	143.72	112186.949	1768694399999
1768694400000	143.73	144.0	141.95	142.83	350824.74	1768708799999
1768708800000	142.82	143.04	142.03	142.11	235941.502	1768723199999
1768723200000	142.12	142.65	141.93	142.39	161988.896	1768737599999
1768737600000	142.39	142.73	141.5	142.0	235486.159	1768751999999
1768752000000	141.99	143.25	141.75	142.27	326847.273	1768766399999
1768766400000	142.28	143.04	137.74	137.87	566350.128	1768780799999
1768780800000	137.87	137.87	130.0	133.94	1659939.961	1768795199999
1768795200000	133.93	134.09	132.71	133.47	356148.558	1768809599999
1768809600000	133.47	134.37	133.28	134.13	319123.004	1768823999999
1768824000000	134.12	134.19	133.27	133.55	237599.599	1768838399999
1768838400000	133.55	134.71	133.48	134.45	180405.16	1768852799999
1768852800000	134.46	135.16	132.74	133.44	219308.488	1768867199999
1768867200000	133.44	134.63	133.07	134.24	246904.288	1768881599999
1768881600000	134.25	134.27	130.56	130.62	620942.691	1768895999999
1768896000000	130.62	130.8	128.36	128.81	861902.149	1768910399999
1768910400000	128.81	129.77	127.24	127.86	681240.951	1768924799999
1768924800000	127.86	128.59	126.3	127.25	604031.57	1768939199999
1768939200000	127.24	128.08	124.68	125.8	517402.231	1768953599999
1768953600000	125.81	127.86	125.75	127.61	281091.101	1768967999999
1768968000000	127.61	128.75	127.45	127.62	261374.286	1768982399999
1768982400000	127.61	128.19	126.8	126.94	264176.038	1768996799999
1768996800000	126.94	131.18	126.17	130.43	921029.372	1769011199999
1769011200000	130.43	131.68	125.26	131.5	958735.821	1769025599999
1769025600000	131.49	132.17	129.16	129.54	475329.742	1769039999999
1769040000000	129.53	130.62	129.53	129.86	193930.579	1769054399999
1769054400000	129.85	130.5	129.75	129.81	159631.228	1769068799999
1769068800000	129.8	130.35	129.35	130.11	193470.625	1769083199999
1769083200000	130.11	130.94	126.73	127.41	623936.658	1769097599999
1769097600000	127.42	129.37	126.92	129.26	398309.713	1769111999999
1769112000000	129.26	129.76	128.02	128.47	242307.659	1769126399999
1769126400000	128.47	128.98	128.08	128.76	182007.469	1769140799999
1769140800000	128.76	129.29	127.23	127.93	218313.976	1769155199999
1769155200000	127.93	128.0	126.94	127.54	190897.481	1769169599999
1769169600000	127.54	128.1	125.28	127.9	536316.127	1769183999999
1769184000000	127.9	130.2	127.46	128.08	641698.867	1769198399999
1769198400000	128.08	128.26	126.54	127.43	274829.157	1769212799999
1769212800000	127.43	128.12	127.29	127.91	114727.901	1769227199999
1769227200000	127.91	128.11	126.89	127.11	180692.089	1769241599999
1769241600000	127.12	127.4	126.93	127.17	120056.338	1769255999999
1769256000000	127.17	127.41	126.8	126.85	137033.224	1769270399999
1769270400000	126.85	127.51	126.64	127.3	142790.201	1769284799999
1769284800000	127.3	127.76	127.1	127.21	112120.242	1769299199999
1769299200000	127.22	127.46	126.35	126.64	162322.356	1769313599999
1769313600000	126.64	127.0	126.35	126.47	118525.085	1769327999999
1769328000000	126.47	127.2	125.98	126.77	197673.019	1769342399999
1769342400000	126.77	127.12	125.48	125.59	225134.285	1769356799999
1769356800000	125.58	125.58	117.15	117.96	2305430.152	1769371199999
1769371200000	117.96	119.45	117.38	118.85	1531794.552	1769385599999
1769385600000	118.85	122.77	118.53	121.57	478950.112	1769399999999
1769400000000	121.58	123.62	121.57	122.89	249077.029	1769414399999
1769414400000	122.9	123.59	121.76	122.5	295031.127	1769428799999
1769428800000	122.51	125.2	122.35	123.53	594653.174	1769443199999
1769443200000	123.53	125.6	123.03	124.31	472340.453	1769457599999
1769457600000	124.31	124.88	123.42	124.24	265699.468	1769471999999
1769472000000	124.24	125.17	123.73	124.51	222042.734	1769486399999
1769486400000	124.51	125.15	124.0	124.52	197767.215	1769500799999
1769500800000	124.52	124.79	123.57	124.12	224263.439	1769515199999
1769515200000	124.12	125.06	123.12	125.01	297484.055	1769529599999
1769529600000	125.01	126.79	123.55	125.85	635375.613	1769543999999
1769544000000	125.84	127.84	125.73	127.19	459575.986	1769558399999
1769558400000	127.18	127.52	126.65	126.96	197099.29	1769572799999
1769572800000	126.96	127.54	126.45	127.1	190954.093	1769587199999
1769587200000	127.09	128.34	125.97	128.17	352797.501	1769601599999
1769601600000	128.16	128.25	125.52	126.07	516333.673	1769615999999
1769616000000	126.06	127.04	125.26	126.01	434021.822	1769630399999
1769630400000	126.0	126.68	124.78	125.35	306657.149	1769644799999
1769644800000	125.34	125.51	122.7	123.07	379002.267	1769659199999
1769659200000	123.07	123.98	122.5	123.78	182453.497	1769673599999
1769673600000	123.78	123.93	122.66	122.76	204252.171	1769687999999
1769688000000	122.76	123.34	116.12	117.69	1150715.435	1769702399999
1769702400000	117.69	119.96	115.39	116.84	1351851.927	1769716799999
1769716800000	116.84	117.91	116.56	117.82	462338.176	1769731199999
1769731200000	117.82	118.14	112.14	114.43	1234004.18	1769745599999
1769745600000	114.44	116.13	113.01	115.78	715888.113	1769759999999
1769760000000	115.78	117.28	114.67	117.08	534204.7	1769774399999
1769774400000	117.08	117.64	114.58	116.8	718933.599	1769788799999
1769788800000	116.8	119.12	114.34	118.3	1049347.959	1769803199999
1769803200000	118.29	118.43	116.52	117.59	508628.191	1769817599999
1769817600000	117.6	118.66	117.39	118.39	320657.229	1769831999999
1769832000000	118.39	118.85	117.2	117.37	436088.984	1769846399999
1769846400000	117.38	117.53	114.29	116.05	868789.917	1769860799999
1769860800000	116.06	116.19	108.23	108.65	1790442.231	1769875199999
1769875200000	108.65	109.83	96.4	101.78	4226686.938	1769889599999
1769889600000	101.77	106.55	100.4	105.58	924733.027	1769903999999
1769904000000	105.58	106.43	104.23	104.97	421440.566	1769918399999
1769918400000	104.97	106.02	103.96	105.2	396862.046	1769932799999
1769932800000	105.2	106.06	103.59	105.05	462122.883	1769947199999
1769947200000	105.06	106.69	100.21	101.69	1033943.978	1769961599999
1769961600000	101.7	104.27	100.93	101.94	674420.783	1769975999999
1769976000000	101.94	102.88	98.02	100.79	1215465.795	1769990399999
1769990400000	100.78	103.14	95.95	100.07	1510943.504	1770004799999
1770004800000	100.08	102.43	97.07	101.43	1575814.215	1770019199999
1770019200000	101.42	103.45	101.36	102.78	791326.614	1770033599999
1770033600000	102.78	106.12	102.39	104.7	886338.746	1770047999999
1770048000000	104.69	105.78	103.51	103.89	515713.965	1770062399999
1770062400000	103.88	105.2	103.32	104.55	293895.637	1770076799999
1770076800000	104.54	104.67	102.18	104.16	412975.486	1770091199999
1770091200000	104.17	105.1	102.96	104.7	302547.584	1770105599999
1770105600000	104.7	105.04	102.5	103.01	425554.138	1770119999999
1770120000000	103.01	103.65	100.41	102.56	816223.896	1770134399999
1770134400000	102.56	102.56	96.64	99.02	1469216.052	1770148799999
1770148800000	99.01	102.07	97.21	97.89	1087500.959	1770163199999
1770163200000	97.89	99.67	97.17	99.13	645253.047	1770177599999
1770177600000	99.12	99.35	96.46	97.9	561956.452	1770191999999
1770192000000	97.91	97.96	94.71	96.11	1023805.846	1770206399999
1770206400000	96.12	96.73	91.31	92.79	1307738.609	1770220799999
1770220800000	92.8	94.71	90.0	94.38	1621367.878	1770235199999
1770235200000	94.38	94.5	89.3	92.12	1091337.539	1770249599999
1770249600000	92.11	92.89	90.24	91.15	850851.31	1770263999999
1770264000000	91.14	92.11	89.68	90.54	1143660.878	1770278399999
1770278400000	90.55	93.43	88.66	89.98	1061546.234	1770292799999
1770292800000	89.98	91.43	83.44	84.61	2217771.524	1770307199999
1770307200000	84.61	86.2	81.21	81.68	1963466.057	1770321599999
1770321600000	81.68	82.3	77.6	78.35	3006059.477	1770335999999
1770336000000	78.34	80.3	67.5	76.71	4857838.166	1770350399999
1770350400000	76.71	81.65	76.22	79.59	1318254.13	1770364799999
1770364800000	79.6	82.04	78.67	81.36	1054296.776	1770379199999
1770379200000	81.36	85.19	80.85	84.49	1705060.251	1770393599999
