open_ms,open,high,low,close,volume,close_ms
1766808000000,123.67,123.74,122.9,122.99,66207.165,1766811599999
1766811600000,122.99,123.29,122.97,123.17,40541.743,1766815199999
1766815200000,123.18,123.18,122.77,123.03,26167.47,1766818799999
1766818800000,123.04,123.44,123.03,123.16,25476.394,1766822399999
1766822400000,123.15,123.34,122.83,122.84,30277.217,1766825999999
1766826000000,122.84,123.22,122.83,123.0,33476.38,1766829599999
1766829600000,123.0,123.13,122.51,122.88,35012.053,1766833199999
1766833200000,122.89,123.21,122.84,122.99,31583.751,1766836799999
1766836800000,122.98,123.21,122.75,122.89,23413.828,1766840399999
1766840400000,122.89,123.3,122.74,123.0,39170.128,1766843999999
1766844000000,123.01,123.35,122.85,123.33,24686.751,1766847599999
1766847600000,123.33,123.66,123.15,123.31,41184.886,1766851199999
1766851200000,123.32,123.44,122.93,122.97,41362.133,1766854799999
1766854800000,122.97,123.45,122.76,123.38,89372.775,1766858399999
1766858400000,123.38,123.45,123.0,123.22,43468.3,1766861999999
1766862000000,123.21,123.45,123.05,123.28,27777.749,1766865599999
1766865600000,123.27,123.81,123.27,123.59,85884.048,1766869199999
1766869200000,123.59,124.58,123.58,124.55,108600.632,1766872799999
1766872800000,124.55,124.97,123.67,123.91,119901.754,1766876399999
1766876400000,123.91,125.08,123.91,124.73,83316.48,1766879999999
1766880000000,124.74,124.9,124.28,124.38,52007.2,1766883599999
1766883600000,124.37,124.62,123.96,123.98,59759.427,1766887199999
1766887200000,123.98,124.41,123.9,124.22,43172.703,1766890799999
1766890800000,124.23,124.3,123.96,124.13,33317.814,1766894399999
1766894400000,124.12,124.32,124.0,124.1,23922.35,1766897999999
1766898000000,124.1,124.1,123.61,123.78,35443.599,1766901599999
1766901600000,123.78,124.22,123.75,124.11,30007.095,1766905199999
1766905200000,124.12,124.34,123.84,124.23,43250.853,1766908799999
1766908800000,124.23,124.69,124.17,124.28,55644.183,1766912399999
1766912400000,124.28,124.4,124.0,124.08,39324.703,1766915999999
1766916000000,124.08,124.63,124.02,124.52,68337.501,1766919599999
1766919600000,124.51,124.84,124.4,124.65,47339.01,1766923199999
1766923200000,124.65,124.78,124.38,124.42,39070.627,1766926799999
1766926800000,124.42,124.8,124.3,124.63,60035.758,1766930399999
1766930400000,124.63,124.99,124.5,124.56,64849.175,1766933999999
1766934000000,124.57,125.03,124.42,124.44,82373.837,1766937599999
1766937600000,124.44,124.67,124.18,124.3,70536.779,1766941199999
1766941200000,124.3,124.77,124.3,124.46,38039.766,1766944799999
1766944800000,124.45,124.52,123.13,123.14,266982.692,1766948399999
1766948400000,123.13,123.64,123.08,123.3,151668.585,1766951999999
1766952000000,123.3,123.69,123.1,123.43,32381.846,1766955599999
1766955600000,123.43,123.86,123.3,123.86,125940.733,1766959199999
1766959200000,123.86,124.34,123.53,124.24,163285.639,1766962799999
1766962800000,124.24,125.64,123.93,125.27,202268.576,1766966399999
1766966400000,125.27,128.18,125.01,127.01,380941.766,1766969999999
1766970000000,127.0,130.16,126.23,128.72,575234.092,1766973599999
1766973600000,128.73,129.49,128.17,128.73,265044.489,1766977199999
1766977200000,128.74,129.52,128.5,128.58,349636.739,1766980799999
1766980800000,128.58,129.15,128.22,128.57,188780.979,1766984399999
1766984400000,128.57,128.58,127.59,127.72,138116.358,1766987999999
1766988000000,127.72,128.07,127.5,127.78,94853.89,1766991599999
1766991600000,127.79,127.99,127.2,127.88,119032.276,1766995199999
1766995200000,127.88,128.47,127.71,127.9,130710.747,1766998799999
1766998800000,127.9,128.0,125.41,126.07,230033.385,1767002399999
1767002400000,126.07,126.37,125.5,125.69,167720.609,1767005999999
1767006000000,125.68,125.68,125.01,125.08,115690.94,1767009599999
1767009600000,125.08,125.41,122.91,123.71,380665.788,1767013199999
1767013200000,123.72,124.12,122.96,123.27,191311.756,1767016799999
1767016800000,123.26,124.55,122.36,123.45,304561.716,1767020399999
1767020400000,123.45,124.13,123.15,123.44,85320.439,1767023999999
1767024000000,123.43,123.73,122.63,123.48,122580.719,1767027599999
1767027600000,123.48,123.9,123.02,123.9,77258.227,1767031199999
1767031200000,123.89,123.98,122.98,123.13,79755.991,1767034799999
1767034800000,123.13,123.51,122.86,123.06,87138.035,1767038399999
1767038400000,123.07,123.62,122.86,123.34,96413.858,1767041999999
1767042000000,123.33,123.59,123.16,123.45,31609.448,1767045599999
1767045600000,123.45,123.61,123.18,123.43,34345.992,1767049199999
1767049200000,123.43,123.6,123.2,123.28,60836.866,1767052799999
1767052800000,123.28,123.34,122.9,123.1,38407.421,1767056399999
1767056400000,123.11,123.46,122.76,123.19,51325.613,1767059999999
1767060000000,123.2,123.26,122.58,122.99,50964.322,1767063599999
1767063600000,123.0,123.93,122.76,123.8,71593.015,1767067199999
1767067200000,123.79,124.22,123.6,123.95,135577.887,1767070799999
1767070800000,123.95,124.02,123.2,123.42,41703.051,1767074399999
1767074400000,123.42,124.06,123.38,123.91,35100.585,1767077999999
1767078000000,123.91,124.35,123.8,124.02,80365.822,1767081599999
1767081600000,124.02,125.15,124.0,124.81,162877.116,1767085199999
1767085200000,124.81,125.09,124.4,124.84,84828.712,1767088799999
1767088800000,124.84,124.98,124.48,124.58,43627.664,1767092399999
1767092400000,124.59,124.65,124.02,124.3,108012.196,1767095999999
1767096000000,124.29,124.65,124.1,124.28,83284.086,1767099599999
1767099600000,124.28,124.44,123.92,124.27,124177.433,1767103199999
1767103200000,124.27,125.35,123.54,125.03,180905.315,1767106799999
1767106800000,125.03,125.26,124.03,125.16,173208.59,1767110399999
1767110400000,125.16,126.52,124.88,125.67,250474.895,1767113999999
1767114000000,125.67,126.0,124.43,124.71,124562.186,1767117599999
1767117600000,124.7,124.72,124.2,124.54,167839.315,1767121199999
1767121200000,124.53,124.81,123.78,124.71,153043.936,1767124799999
1767124800000,124.71,124.82,123.86,124.03,61687.343,1767128399999
1767128400000,124.03,124.2,123.5,123.99,104400.793,1767131999999
1767132000000,123.99,124.6,123.89,124.44,51056.777,1767135599999
1767135600000,124.43,125.14,124.3,125.01,101607.443,1767139199999
1767139200000,125.02,125.07,124.41,124.95,117447.451,1767142799999
1767142800000,124.94,125.95,124.83,125.54,122215.05,1767146399999
1767146400000,125.53,126.09,125.32,126.01,83863.547,1767149999999
1767150000000,126.02,126.09,125.17,125.82,62020.678,1767153599999
1767153600000,125.81,125.96,125.38,125.46,54301.3,1767157199999
1767157200000,125.46,125.77,125.41,125.64,29055.183,1767160799999
1767160800000,125.65,126.1,125.6,125.89,57404.102,1767164399999
1767164400000,125.9,126.05,125.65,125.99,63422.001,1767167999999
1767168000000,125.99,126.3,125.44,125.57,63080.407,1767171599999
1767171600000,125.57,126.4,125.56,126.3,51221.997,1767175199999
1767175200000,126.3,126.42,126.0,126.4,73234.422,1767178799999
1767178800000,126.39,126.85,126.23,126.73,66739.267,1767182399999
1767182400000,126.73,126.77,126.07,126.18,43606.797,1767185999999
1767186000000,126.19,126.51,125.95,126.29,59678.577,1767189599999
1767189600000,126.29,127.44,125.38,125.79,157292.319,1767193199999
1767193200000,125.79,125.84,125.01,125.59,223799.356,1767196799999
1767196800000,125.58,125.74,124.31,124.84,106785.748,1767200399999
1767200400000,124.84,125.24,124.57,125.04,74452.503,1767203999999
1767204000000,125.05,125.53,124.64,124.79,76853.628,1767207599999
1767207600000,124.79,125.22,124.37,124.39,65445.261,1767211199999
1767211200000,124.38,132.75,122.99,124.19,1058788.321,1767214799999
1767214800000,124.19,124.48,123.98,124.46,90506.438,1767218399999
1767218400000,124.45,125.16,124.25,124.86,88871.076,1767221999999
1767222000000,124.86,125.05,124.6,124.65,51558.229,1767225599999
1767225600000,124.64,125.25,124.6,125.15,51890.427,1767229199999
1767229200000,125.15,125.8,124.91,124.99,89320.416,1767232799999
1767232800000,124.98,125.22,124.79,125.18,53034.168,1767236399999
1767236400000,125.18,125.41,125.01,125.21,51681.327,1767239999999
1767240000000,125.22,125.27,124.8,124.96,46321.071,1767243599999
1767243600000,124.95,125.32,124.95,125.3,30922.782,1767247199999
1767247200000,125.3,125.32,124.88,124.89,20148.98,1767250799999
1767250800000,124.89,125.0,124.22,124.24,58996.546,1767254399999
1767254400000,124.24,124.72,124.15,124.68,67204.307,1767257999999
1767258000000,124.69,125.14,124.59,125.05,130236.679,1767261599999
1767261600000,125.05,125.29,124.98,125.05,102698.871,1767265199999
1767265200000,125.05,125.23,124.76,125.22,43113.12,1767268799999
1767268800000,125.23,125.28,125.01,125.02,56707.556,1767272399999
1767272400000,125.03,125.13,124.71,124.73,51727.981,1767275999999
1767276000000,124.73,124.92,124.39,124.71,127476.025,1767279599999
1767279600000,124.71,125.23,124.58,124.96,74840.987,1767283199999
1767283200000,124.96,125.02,124.28,124.45,83420.803,1767286799999
1767286800000,124.44,125.65,124.3,125.2,195309.961,1767290399999
1767290400000,125.2,125.39,125.03,125.35,70465.58,1767293999999
1767294000000,125.34,125.79,125.22,125.76,35341.649,1767297599999
1767297600000,125.76,125.95,125.31,125.39,53454.868,1767301199999
1767301200000,125.39,125.69,125.31,125.41,19874.928,1767304799999
1767304800000,125.41,126.25,125.37,126.08,49625.229,1767308399999
1767308400000,126.08,127.25,125.75,126.9,169850.717,1767311999999
1767312000000,126.91,127.16,126.44,126.79,74686.492,1767315599999
1767315600000,126.79,126.95,126.05,126.18,117222.17,1767319199999
1767319200000,126.18,126.67,125.84,126.58,65348.775,1767322799999
1767322800000,126.57,127.99,126.41,127.53,123310.725,1767326399999
1767326400000,127.53,127.72,126.95,126.98,44989.199,1767329999999
1767330000000,126.98,127.42,126.75,127.34,35007.511,1767333599999
1767333600000,127.34,127.72,127.25,127.32,55279.25,1767337199999
1767337200000,127.33,127.58,126.91,127.13,45062.255,1767340799999
1767340800000,127.14,127.97,127.13,127.96,69445.744,1767344399999
1767344400000,127.96,129.89,127.81,129.4,275803.639,1767347999999
1767348000000,129.39,129.99,128.88,128.94,170117.095,1767351599999
1767351600000,128.95,128.98,128.0,128.22,110177.807,1767355199999
1767355200000,128.21,128.65,127.91,128.42,91303.144,1767358799999
1767358800000,128.43,128.8,128.28,128.37,64831.513,1767362399999
1767362400000,128.37,129.65,126.82,128.73,263476.222,1767365999999
1767366000000,128.74,129.53,127.41,128.98,208059.681,1767369599999
1767369600000,128.98,131.79,128.68,130.92,346163.77,1767373199999
1767373200000,130.92,132.3,130.69,131.44,189737.838,1767376799999
1767376800000,131.44,132.03,130.35,130.8,116804.848,1767380399999
1767380400000,130.8,131.79,130.64,131.63,93264.364,1767383999999
1767384000000,131.63,132.13,130.83,131.14,93661.784,1767387599999
1767387600000,131.14,132.16,131.14,131.92,50749.63,1767391199999
1767391200000,131.93,133.25,131.9,132.64,139843.755,1767394799999
1767394800000,132.63,132.75,131.92,132.29,79880.161,1767398399999
1767398400000,132.28,132.93,132.24,132.53,65120.039,1767401999999
1767402000000,132.53,132.97,132.36,132.64,39194.72,1767405599999
1767405600000,132.64,133.11,132.06,132.85,100264.947,1767409199999
1767409200000,132.85,133.17,132.19,132.83,66264.959,1767412799999
1767412800000,132.83,132.93,132.19,132.37,50009.13,1767416399999
1767416400000,132.37,132.54,131.63,131.9,73601.026,1767419999999
1767420000000,131.89,132.28,131.05,131.18,66266.224,1767423599999
1767423600000,131.18,131.4,129.6,130.1,178441.656,1767427199999
1767427200000,130.09,131.03,129.8,130.69,76819.741,1767430799999
1767430800000,130.69,131.44,130.38,131.17,75803.726,1767434399999
1767434400000,131.17,131.23,130.8,130.96,57389.673,1767437999999
1767438000000,130.96,131.0,130.46,130.71,43591.87,1767441599999
1767441600000,130.71,130.94,130.5,130.91,47052.305,1767445199999
1767445200000,130.9,131.4,130.8,131.29,55206.355,1767448799999
1767448800000,131.3,132.18,131.13,131.99,61438.627,1767452399999
1767452400000,132.0,132.03,131.23,131.47,74865.05,1767455999999
1767456000000,131.48,132.0,131.47,131.78,55959.567,1767459599999
1767459600000,131.77,132.04,131.65,131.89,27187.871,1767463199999
1767463200000,131.9,132.12,131.61,131.97,44069.506,1767466799999
1767466800000,131.97,131.97,131.66,131.78,23508.785,1767470399999
1767470400000,131.78,132.03,131.35,131.99,39065.219,1767473999999
1767474000000,131.99,133.07,131.81,132.87,71888.136,1767477599999
1767477600000,132.87,133.99,132.59,133.43,84528.122,1767481199999
1767481200000,133.43,133.76,133.1,133.37,43086.245,1767484799999
1767484800000,133.37,134.97,133.31,134.57,156334.505,1767488399999
1767488400000,134.57,134.75,133.42,133.96,79064.376,1767491999999
1767492000000,133.96,134.02,133.48,133.73,61968.019,1767495599999
1767495600000,133.73,134.7,133.66,134.62,99718.281,1767499199999
1767499200000,134.62,134.87,134.24,134.3,70514.846,1767502799999
1767502800000,134.31,134.62,134.26,134.57,29719.635,1767506399999
1767506400000,134.56,135.0,133.7,133.76,117636.352,1767509999999
1767510000000,133.76,134.14,133.66,133.8,84514.533,1767513599999
1767513600000,133.8,134.18,133.2,134.12,85882.019,1767517199999
1767517200000,134.11,134.57,133.84,134.32,55854.953,1767520799999
1767520800000,134.32,134.88,134.23,134.7,79656.023,1767524399999
1767524400000,134.7,134.7,134.16,134.39,41786.198,1767527999999
1767528000000,134.39,134.9,134.2,134.34,81045.065,1767531599999
1767531600000,134.34,134.56,133.75,134.52,59178.133,1767535199999
1767535200000,134.53,135.0,134.25,134.96,79310.873,1767538799999
1767538800000,134.97,135.35,134.29,134.91,131236.145,1767542399999
1767542400000,134.91,135.54,134.75,135.11,71149.421,1767545999999
1767546000000,135.11,135.37,134.81,134.83,55598.271,1767549599999
1767549600000,134.83,134.88,133.71,134.21,102170.835,1767553199999
1767553200000,134.2,134.21,133.12,133.56,110680.69,1767556799999
1767556800000,133.55,134.26,133.4,134.03,31281.258,1767560399999
1767560400000,134.04,134.58,133.72,133.94,35042.907,1767563999999
1767564000000,133.93,134.44,133.79,134.16,28429.871,1767567599999
1767567600000,134.17,134.86,133.66,134.12,61495.904,1767571199999
1767571200000,134.12,135.84,134.01,135.55,192370.707,1767574799999
1767574800000,135.55,137.75,135.28,136.75,256690.596,1767578399999
1767578400000,136.76,137.23,135.69,136.87,127983.224,1767581999999
1767582000000,136.88,137.33,136.58,136.64,74836.466,1767585599999
1767585600000,136.64,136.79,135.0,135.69,102719.319,1767589199999
1767589200000,135.69,136.32,135.03,135.07,62378.048,1767592799999
1767592800000,135.06,135.71,134.63,135.63,103250.587,1767596399999
1767596400000,135.63,135.76,135.09,135.45,60463.171,1767599999999
1767600000000,135.45,135.95,135.21,135.22,85947.101,1767603599999
1767603600000,135.21,135.69,134.75,135.45,110133.715,1767607199999
1767607200000,135.45,136.06,135.27,135.8,80563.912,1767610799999
1767610800000,135.81,135.82,135.24,135.77,66113.496,1767614399999
1767614400000,135.77,135.83,134.91,135.13,80342.282,1767617999999
1767618000000,135.13,135.4,133.26,133.81,204636.64,1767621599999
1767621600000,133.81,135.62,133.18,134.99,276200.464,1767625199999
1767625200000,134.99,136.47,134.14,136.13,237682.597,1767628799999
1767628800000,136.13,136.3,134.98,135.4,136963.204,1767632399999
1767632400000,135.41,136.85,134.31,136.52,174002.666,1767635999999
1767636000000,136.53,137.58,135.7,137.37,203397.958,1767639599999
1767639600000,137.38,138.82,137.1,138.23,251113.909,1767643199999
1767643200000,138.23,139.87,137.72,137.87,214126.265,1767646799999
1767646800000,137.87,138.75,137.87,138.41,98836.39,1767650399999
1767650400000,138.4,139.16,138.29,138.8,61748.413,1767653999999
1767654000000,138.8,138.95,137.88,137.9,65066.354,1767657599999
1767657600000,137.91,138.2,136.89,137.72,126620.607,1767661199999
1767661200000,137.72,138.53,137.35,137.58,95407.638,1767664799999
1767664800000,137.58,138.01,137.32,137.61,64469.316,1767668399999
1767668400000,137.6,138.63,137.57,138.38,55215.648,1767671999999
1767672000000,138.38,139.0,138.2,138.45,79499.076,1767675599999
1767675600000,138.45,140.08,138.08,139.56,158530.236,1767679199999
1767679200000,139.56,139.78,138.85,139.02,133150.564,1767682799999
1767682800000,139.02,139.11,137.35,137.61,135865.229,1767686399999
1767686400000,137.6,138.13,137.4,137.62,86925.446,1767689999999
1767690000000,137.61,138.42,137.5,137.79,81500.842,1767693599999
1767693600000,137.79,138.11,137.42,137.74,76434.415,1767697199999
1767697200000,137.74,139.7,137.65,139.5,171181.225,1767700799999
1767700800000,139.5,139.62,138.86,139.09,84117.456,1767704399999
1767704400000,139.08,139.45,138.72,139.1,95082.392,1767707999999
1767708000000,139.11,143.48,139.11,142.0,648244.591,1767711599999
1767711600000,142.0,143.22,141.12,141.6,336686.734,1767715199999
1767715200000,141.59,141.95,138.15,138.92,311241.547,1767718799999
1767718800000,138.91,139.17,136.42,136.52,318451.56,1767722399999
1767722400000,136.51,138.0,136.19,137.57,154970.922,1767725999999
1767726000000,137.57,138.08,137.31,137.53,56972.823,1767729599999
1767729600000,137.53,139.19,137.51,138.95,115009.652,1767733199999
1767733200000,138.96,141.99,138.68,140.24,216177.402,1767736799999
1767736800000,140.23,141.0,139.51,140.03,91267.491,1767740399999
1767740400000,140.04,141.37,140.03,141.08,78772.305,1767743999999
1767744000000,141.08,141.4,139.78,139.85,86612.488,1767747599999
1767747600000,139.85,140.63,138.8,138.91,107125.19,1767751199999
1767751200000,138.9,140.1,138.52,139.95,120744.729,1767754799999
1767754800000,139.95,140.55,139.38,139.58,51158.803,1767758399999
1767758400000,139.59,139.72,138.72,138.78,45514.311,1767761999999
1767762000000,138.78,139.34,138.15,138.52,80758.31,1767765599999
1767765600000,138.52,139.08,138.47,138.79,70474.704,1767769199999
1767769200000,138.8,139.45,138.79,139.39,58162.067,1767772799999
1767772800000,139.39,139.8,139.09,139.41,73725.198,1767776399999
1767776400000,139.4,139.49,136.56,136.89,243466.145,1767779999999
1767780000000,136.89,137.71,136.75,137.57,103091.593,1767783599999
1767783600000,137.58,138.21,137.51,137.93,55242.726,1767787199999
1767787200000,137.93,138.21,137.61,137.92,48477.937,1767790799999
1767790800000,137.93,138.51,137.55,138.13,72559.766,1767794399999
1767794400000,138.14,138.21,136.58,138.02,180577.066,1767797999999
1767798000000,138.03,138.08,135.25,135.7,267740.452,1767801599999
1767801600000,135.7,136.68,135.32,135.7,128986.947,1767805199999
1767805200000,135.7,136.48,135.39,135.6,78599.63,1767808799999
1767808800000,135.6,135.91,134.73,135.26,130696.421,1767812399999
1767812400000,135.25,136.0,134.41,135.76,63710.75,1767815999999
1767816000000,135.76,136.0,135.0,135.79,50598.477,1767819599999
1767819600000,135.79,136.35,135.68,136.19,44424.622,1767823199999
1767823200000,136.18,136.82,135.77,136.5,65380.96,1767826799999
1767826800000,136.5,137.05,135.86,136.39,93812.886,1767830399999
1767830400000,136.39,136.97,136.0,136.83,50559.873,1767833999999
1767834000000,136.83,137.42,136.7,136.82,57996.739,1767837599999
1767837600000,136.82,138.0,136.58,137.93,176153.474,1767841199999
1767841200000,137.93,138.32,136.59,136.75,97293.922,1767844799999
1767844800000,136.74,138.33,136.43,137.65,101238.127,1767848399999
1767848400000,137.65,138.07,136.5,136.64,67911.072,1767851999999
1767852000000,136.65,136.76,134.74,134.85,145510.575,1767855599999
1767855600000,134.86,135.99,133.79,135.9,178654.597,1767859199999
1767859200000,135.9,136.22,135.05,135.11,67713.592,1767862799999
1767862800000,135.12,135.52,134.36,134.47,74168.63,1767866399999
1767866400000,134.48,135.44,133.92,135.1,113503.182,1767869999999
1767870000000,135.1,135.29,134.28,134.79,68221.89,1767873599999
1767873600000,134.8,134.83,133.72,134.14,85890.651,1767877199999
1767877200000,134.13,134.59,133.72,134.46,66373.583,1767880799999
1767880800000,134.46,134.5,132.67,134.04,302785.642,1767884399999
1767884400000,134.03,136.55,133.4,136.41,208878.7,1767887999999
1767888000000,136.41,138.22,136.25,138.19,200574.021,1767891599999
1767891600000,138.19,138.83,137.27,138.72,178988.651,1767895199999
1767895200000,138.72,139.06,137.9,138.08,142072.66,1767898799999
1767898800000,138.09,138.41,137.2,137.53,113751.753,1767902399999
1767902400000,137.53,137.86,136.52,137.69,132032.944,1767905999999
1767906000000,137.69,139.84,137.69,139.61,143222.135,1767909599999
1767909600000,139.61,140.07,138.3,138.87,189954.697,1767913199999
1767913200000,138.87,139.19,138.24,138.37,149986.725,1767916799999
1767916800000,138.37,139.35,138.28,139.13,103915.389,1767920399999
1767920400000,139.13,139.6,137.74,138.29,162596.573,1767923999999
1767924000000,138.28,139.54,138.21,138.98,113541.932,1767927599999
1767927600000,138.97,141.17,138.9,140.81,277494.874,1767931199999
1767931200000,140.81,141.08,139.65,139.76,135037.317,1767934799999
1767934800000,139.75,140.16,139.46,139.95,69128.256,1767938399999
1767938400000,139.95,140.86,139.66,140.7,67231.412,1767941999999
1767942000000,140.71,140.73,139.54,139.54,100116.473,1767945599999
1767945600000,139.55,139.68,137.04,137.93,291724.205,1767949199999
1767949200000,137.94,139.08,137.9,138.43,140247.94,1767952799999
1767952800000,138.43,139.0,138.13,138.72,62350.548,1767956399999
1767956400000,138.73,138.91,138.07,138.28,126942.872,1767959999999
1767960000000,138.27,138.64,137.58,137.72,71511.069,1767963599999
1767963600000,137.72,139.44,137.66,138.64,219601.688,1767967199999
1767967200000,138.64,138.64,136.46,136.87,241081.187,1767970799999
1767970800000,136.86,140.89,136.13,138.82,433149.695,1767974399999
1767974400000,138.82,140.25,138.72,139.95,154716.873,1767977999999
1767978000000,139.95,140.08,137.35,138.5,219286.104,1767981599999
1767981600000,138.5,138.5,135.79,136.83,319016.542,1767985199999
1767985200000,136.83,136.83,135.44,135.81,83723.138,1767988799999
1767988800000,135.8,136.07,134.98,135.61,196665.748,1767992399999
1767992400000,135.61,136.45,135.4,136.0,70179.71,1767995999999
1767996000000,136.01,136.23,135.57,136.17,45662.573,1767999599999
1767999600000,136.16,136.45,135.77,135.97,73625.878,1768003199999
1768003200000,135.96,136.13,135.68,135.9,46804.167,1768006799999
1768006800000,135.9,136.49,135.76,136.47,54354.726,1768010399999
1768010400000,136.46,136.69,135.92,136.39,53371.958,1768013999999
1768014000000,136.4,136.4,135.92,136.15,51754.129,1768017599999
1768017600000,136.15,136.19,135.75,135.86,27102.894,1768021199999
1768021200000,135.86,136.34,135.78,135.94,25916.619,1768024799999
1768024800000,135.95,136.2,135.75,135.99,40571.232,1768028399999
1768028400000,136.0,136.26,135.96,136.09,33870.349,1768031999999
1768032000000,136.09,136.38,136.0,136.23,23629.925,1768035599999
1768035600000,136.23,136.66,136.1,136.62,61219.46,1768039199999
1768039200000,136.63,137.05,136.42,137.01,84107.478,1768042799999
1768042800000,137.01,137.01,136.4,136.58,34510.738,1768046399999
1768046400000,136.58,137.04,136.55,136.64,45814.895,1768049999999
1768050000000,136.64,136.64,136.07,136.35,47479.274,1768053599999
1768053600000,136.35,136.46,136.01,136.13,47292.253,1768057199999
1768057200000,136.14,136.54,136.06,136.42,40229.925,1768060799999
1768060800000,136.42,136.64,136.16,136.41,26141.262,1768064399999
1768064400000,136.41,136.71,136.13,136.15,28181.495,1768067999999
1768068000000,136.16,136.33,135.85,136.16,77259.655,1768071599999
1768071600000,136.16,136.24,135.99,136.22,32073.058,1768075199999
1768075200000,136.22,136.27,135.99,136.08,24107.533,1768078799999
1768078800000,136.08,136.09,135.72,135.75,31970.582,1768082399999
1768082400000,135.76,135.94,135.37,135.56,36910.368,1768085999999
1768086000000,135.56,136.06,135.5,135.84,26163.029,1768089599999
1768089600000,135.85,136.45,135.75,136.39,45546.79,1768093199999
1768093200000,136.39,136.47,136.1,136.3,21840.668,1768096799999
1768096800000,136.3,136.46,135.94,136.01,36339.984,1768100399999
1768100400000,136.01,136.33,135.83,136.26,36717.432,1768103999999
1768104000000,136.26,136.4,135.97,136.2,29898.733,1768107599999
1768107600000,136.19,136.43,136.0,136.28,31454.389,1768111199999
1768111200000,136.28,136.4,135.88,136.15,40724.646,1768114799999
1768114800000,136.15,136.26,135.98,136.2,16515.675,1768118399999
1768118400000,136.2,136.91,136.1,136.76,59048.204,1768121999999
1768122000000,136.76,136.86,136.37,136.5,72588.27,1768125599999
1768125600000,136.5,136.74,136.3,136.57,37319.109,1768129199999
1768129200000,136.57,136.79,136.48,136.58,28211.375,1768132799999
1768132800000,136.58,137.28,136.52,137.1,68357.434,1768136399999
1768136400000,137.1,137.35,136.93,137.24,66430.416,1768139999999
1768140000000,137.24,139.47,137.23,139.21,129425.141,1768143599999
1768143600000,139.21,139.55,137.83,138.43,210106.415,1768147199999
1768147200000,138.44,141.6,138.43,140.04,513335.182,1768150799999
1768150800000,140.04,140.21,138.75,139.69,111659.454,1768154399999
1768154400000,139.68,140.2,139.12,140.03,57797.291,1768157999999
1768158000000,140.02,140.14,139.05,139.43,92805.257,1768161599999
1768161600000,139.42,139.43,137.97,138.54,182631.953,1768165199999
1768165200000,138.54,138.95,137.97,138.69,85066.669,1768168799999
1768168800000,138.69,138.69,137.71,138.23,66771.636,1768172399999
1768172400000,138.22,139.77,137.49,139.7,169321.083,1768175999999
1768176000000,139.69,141.36,138.92,141.33,468967.518,1768179599999
1768179600000,141.32,141.95,140.73,141.05,308958.671,1768183199999
1768183200000,141.06,142.76,140.96,142.42,183546.831,1768186799999
1768186800000,142.42,144.4,142.39,142.54,315984.931,1768190399999
1768190400000,142.54,143.09,142.46,142.75,89250.697,1768193999999
1768194000000,142.74,143.23,142.48,142.79,68717.116,1768197599999
1768197600000,142.79,143.35,141.86,142.0,119910.881,1768201199999
1768201200000,142.01,142.46,141.36,141.41,152578.517,1768204799999
1768204800000,141.42,142.05,139.05,140.06,201499.226,1768208399999
1768208400000,140.05,140.26,139.15,139.57,154582.097,1768211999999
1768212000000,139.57,140.2,139.04,139.26,93262.811,1768215599999
1768215600000,139.26,140.16,139.18,140.03,75355.253,1768219199999
1768219200000,140.02,140.3,139.68,139.77,65183.519,1768222799999
1768222800000,139.76,140.14,139.37,139.77,67382.761,1768226399999
1768226400000,139.76,140.82,138.69,140.44,206570.596,1768229999999
1768230000000,140.45,142.74,140.05,142.58,193484.772,1768233599999
1768233600000,142.58,144.33,142.11,142.97,370806.035,1768237199999
1768237200000,142.98,143.71,141.15,141.94,199143.308,1768240799999
1768240800000,141.94,142.88,140.58,141.23,182146.816,1768244399999
1768244400000,141.22,141.48,140.63,140.99,107825.577,1768247999999
1768248000000,141.0,141.86,140.0,140.23,91997.558,1768251599999
1768251600000,140.23,140.25,138.34,138.81,160216.389,1768255199999
1768255200000,138.82,139.85,138.78,139.17,108863.684,1768258799999
1768258800000,139.17,139.52,138.62,139.22,173884.527,1768262399999
1768262400000,139.21,139.45,138.69,139.3,125493.613,1768265999999
1768266000000,139.3,139.58,138.46,138.88,162597.996,1768269599999
1768269600000,138.88,139.31,138.12,138.38,165662.265,1768273199999
1768273200000,138.37,138.79,137.82,138.74,84335.467,1768276799999
1768276800000,138.75,139.15,138.39,139.14,44572.816,1768280399999
1768280400000,139.14,140.51,138.81,139.95,200246.139,1768283999999
1768284000000,139.95,140.76,139.83,140.62,116065.513,1768287599999
1768287600000,140.62,140.69,139.97,139.97,59826.481,1768291199999
1768291200000,139.97,141.85,139.97,141.6,85091.754,1768294799999
1768294800000,141.59,143.12,141.27,141.96,298962.127,1768298399999
1768298400000,141.96,142.62,141.7,142.09,208453.467,1768301999999
1768302000000,142.1,142.27,141.53,141.84,83747.214,1768305599999
1768305600000,141.84,142.36,141.37,142.24,76441.87,1768309199999
1768309200000,142.24,143.46,141.79,142.46,353071.183,1768312799999
1768312800000,142.45,143.84,141.66,142.06,246327.069,1768316399999
1768316400000,142.05,143.53,141.21,143.51,231930.16,1768319999999
1768320000000,143.51,144.55,142.87,143.17,223050.402,1768323599999
1768323600000,143.17,143.63,142.43,142.9,128020.992,1768327199999
1768327200000,142.89,143.89,142.68,143.47,85579.693,1768330799999
1768330800000,143.47,144.44,143.08,144.24,96376.706,1768334399999
1768334400000,144.24,144.43,143.0,143.82,119304.123,1768337999999
1768338000000,143.82,144.3,143.37,143.38,74674.336,1768341599999
1768341600000,143.39,148.74,143.39,146.96,651459.789,1768345199999
1768345200000,146.96,147.6,144.63,145.51,273791.293,1768348799999
1768348800000,145.52,145.88,144.33,145.05,219968.567,1768352399999
1768352400000,145.05,146.2,144.93,145.7,151934.946,1768355999999
1768356000000,145.69,146.6,145.32,145.51,117888.759,1768359599999
1768359600000,145.5,146.37,145.17,146.29,150554.753,1768363199999
1768363200000,146.28,146.46,144.81,144.91,147571.765,1768366799999
1768366800000,144.91,145.19,144.34,144.47,108928.396,1768370399999
1768370400000,144.47,144.72,143.92,144.7,144819.292,1768373999999
1768374000000,144.7,145.06,144.15,144.86,139269.2,1768377599999
1768377600000,144.85,145.19,144.64,144.91,88516.679,1768381199999
1768381200000,144.91,145.63,144.86,145.5,89044.976,1768384799999
1768384800000,145.49,145.76,144.55,144.74,103057.587,1768388399999
1768388400000,144.74,144.74,143.53,143.77,98787.235,1768391999999
1768392000000,143.76,144.78,143.37,144.57,120304.728,1768395599999
1768395600000,144.57,144.92,144.04,144.24,181116.414,1768399199999
1768399200000,144.23,147.56,144.23,146.64,341295.909,1768402799999
1768402800000,146.64,147.55,145.95,147.07,283189.814,1768406399999
1768406400000,147.07,148.44,146.84,147.08,401069.463,1768409999999
1768410000000,147.07,147.65,145.73,145.98,173793.257,1768413599999
1768413600000,145.98,147.46,145.32,146.35,134813.384,1768417199999
1768417200000,146.35,147.58,146.14,146.8,143224.485,1768420799999
1768420800000,146.8,147.73,146.56,147.52,105589.515,1768424399999
1768424400000,147.53,147.53,146.27,146.93,74112.752,1768427999999
1768428000000,146.93,147.17,145.84,146.18,83089.698,1768431599999
1768431600000,146.19,147.11,146.05,146.69,93135.804,1768435199999
1768435200000,146.7,146.73,145.49,146.05,83594.113,1768438799999
1768438800000,146.06,146.51,144.76,145.18,115903.858,1768442399999
1768442400000,145.17,145.53,144.28,144.52,123493.301,1768445999999
1768446000000,144.53,144.73,143.21,143.49,158910.689,1768449599999
1768449600000,143.49,144.46,143.28,144.45,101399.363,1768453199999
1768453200000,144.45,144.83,144.3,144.6,51200.558,1768456799999
1768456800000,144.6,144.89,144.07,144.19,63020.557,1768460399999
1768460400000,144.2,145.29,144.08,144.99,63410.713,1768463999999
1768464000000,145.0,145.25,144.02,144.89,89288.783,1768467599999
1768467600000,144.89,146.0,144.46,145.63,83355.258,1768471199999
1768471200000,145.63,145.68,145.19,145.43,58879.816,1768474799999
1768474800000,145.42,145.69,144.82,144.86,61676.799,1768478399999
1768478400000,144.85,145.07,144.32,144.88,105925.383,1768481999999
1768482000000,144.88,145.34,144.51,145.19,141167.317,1768485599999
1768485600000,145.19,145.65,143.21,143.94,206045.784,1768489199999
1768489200000,143.93,144.36,141.78,143.48,306760.062,1768492799999
1768492800000,143.48,144.03,142.8,143.54,115664.148,1768496399999
1768496400000,143.54,144.2,142.5,142.66,86540.913,1768499999999
1768500000000,142.67,143.03,141.46,141.57,142585.059,1768503599999
1768503600000,141.56,141.85,140.9,141.53,104634.675,1768507199999
1768507200000,141.53,141.91,141.02,141.45,82328.273,1768510799999
1768510800000,141.45,142.27,141.3,142.1,39102.477,1768514399999
1768514400000,142.1,142.58,141.98,142.41,35220.174,1768517999999
1768518000000,142.4,142.66,142.06,142.4,42035.066,1768521599999
1768521600000,142.41,142.82,142.23,142.46,46380.845,1768525199999
1768525200000,142.45,142.73,141.98,142.35,38518.92,1768528799999
1768528800000,142.35,142.35,141.68,142.19,55342.567,1768532399999
1768532400000,142.2,142.47,141.87,141.97,48072.175,1768535999999
1768536000000,141.97,142.74,141.39,141.68,129512.982,1768539599999
1768539600000,141.67,143.63,141.4,143.19,119303.573,1768543199999
1768543200000,143.19,143.38,142.74,143.32,49600.344,1768546799999
1768546800000,143.32,143.33,142.6,142.95,59662.529,1768550399999
1768550400000,142.95,143.46,142.93,143.16,62351.588,1768553999999
1768554000000,143.15,143.47,142.88,143.06,41938.072,1768557599999
1768557600000,143.05,143.17,142.71,143.09,30512.4,1768561199999
1768561200000,143.1,143.55,142.8,143.14,85469.558,1768564799999
1768564800000,143.14,143.86,143.11,143.66,104014.669,1768568399999
1768568400000,143.66,143.66,142.68,143.07,56983.085,1768571999999
1768572000000,143.07,143.75,142.83,143.02,71843.642,1768575599999
1768575600000,143.01,143.67,140.26,140.78,211734.095,1768579199999
1768579200000,140.77,142.0,140.65,141.91,106520.206,1768582799999
1768582800000,141.92,143.42,141.41,143.31,92724.775,1768586399999
1768586400000,143.31,144.19,142.98,143.53,116011.278,1768589999999
1768590000000,143.53,144.52,143.01,144.18,73840.055,1768593599999
1768593600000,144.17,145.0,143.49,144.95,73945.836,1768597199999
1768597200000,144.95,145.55,144.69,145.03,98084.811,1768600799999
1768600800000,145.03,145.13,144.58,144.92,77066.726,1768604399999
1768604400000,144.93,145.2,144.73,144.89,51444.295,1768607999999
1768608000000,144.9,144.99,144.2,144.32,43065.201,1768611599999
1768611600000,144.33,144.82,144.22,144.66,98048.343,1768615199999
1768615200000,144.65,144.68,144.25,144.59,22399.0,1768618799999
1768618800000,144.59,144.62,144.24,144.37,20460.207,1768622399999
1768622400000,144.36,144.5,144.23,144.33,21696.789,1768625999999
1768626000000,144.33,144.37,143.94,143.96,26863.513,1768629599999
1768629600000,143.97,144.1,143.76,143.85,18570.345,1768633199999
1768633200000,143.86,143.97,143.64,143.64,19923.391,1768636799999
1768636800000,143.64,144.28,143.6,144.21,31291.306,1768640399999
1768640400000,144.22,144.65,143.99,144.45,36944.737,1768643999999
1768644000000,144.46,144.63,143.92,143.96,37234.823,1768647599999
1768647600000,143.95,144.19,143.32,144.0,57313.169,1768651199999
1768651200000,144.0,144.08,143.67,143.76,23242.728,1768654799999
1768654800000,143.77,144.05,143.6,143.99,33223.901,1768658399999
1768658400000,144.0,144.26,143.74,143.92,53532.724,1768661999999
1768662000000,143.91,144.35,143.7,144.33,42307.028,1768665599999
1768665600000,144.33,144.33,143.64,143.89,67847.953,1768669199999
1768669200000,143.89,144.25,143.83,144.07,26003.955,1768672799999
1768672800000,144.07,144.29,143.98,144.28,16887.898,1768676399999
1768676400000,144.28,144.55,144.12,144.27,26110.801,1768679999999
1768680000000,144.26,144.58,144.19,144.51,19865.153,1768683599999
1768683600000,144.51,144.58,144.22,144.26,26901.178,1768687199999
1768687200000,144.25,144.26,143.51,143.76,30788.049,1768690799999
1768690800000,143.76,144.1,143.65,143.72,34632.569,1768694399999
1768694400000,143.73,144.0,143.07,143.23,89537.908,1768697999999
1768698000000,143.23,143.41,142.08,142.77,134176.09,1768701599999
1768701600000,142.76,143.04,141.95,142.54,85758.377,1768705199999
1768705200000,142.55,142.95,142.36,142.83,41352.365,1768708799999
1768708800000,142.82,142.94,142.54,142.83,27137.771,1768712399999
1768712400000,142.83,143.0,142.54,142.84,69150.81,1768715999999
1768716000000,142.85,143.04,142.55,142.7,75252.276,1768719599999
1768719600000,142.71,142.72,142.03,142.11,64400.645,1768723199999
1768723200000,142.12,142.46,141.93,142.43,57490.394,1768726799999
1768726800000,142.43,142.65,142.32,142.54,34931.139,1768730399999
1768730400000,142.53,142.55,142.17,142.43,44702.173,1768733999999
1768734000000,142.42,142.49,142.19,142.39,24865.19,1768737599999
1768737600000,142.39,142.53,142.17,142.24,35991.344,1768741199999
1768741200000,142.24,142.5,142.0,142.38,55892.74,1768744799999
1768744800000,142.37,142.73,141.62,141.72,88440.84,1768748399999
1768748400000,141.73,142.13,141.5,142.0,55161.235,1768751999999
1768752000000,141.99,142.23,141.75,142.03,29577.665,1768755599999
1768755600000,142.02,142.52,141.85,142.36,110528.815,1768759199999
1768759200000,142.35,142.97,142.08,142.76,99369.128,1768762799999
1768762800000,142.76,143.25,142.1,142.27,87371.665,1768766399999
1768766400000,142.28,142.56,141.94,142.46,37109.285,1768769999999
1768770000000,142.47,142.79,142.4,142.65,20372.618,1768773599999
1768773600000,142.66,143.04,142.48,142.86,101328.624,1768777199999
1768777200000,142.86,142.86,137.74,137.87,407539.601,1768780799999
1768780800000,137.87,137.87,130.0,133.77,1224549.27,1768784399999
1768784400000,133.76,134.46,133.42,133.8,245111.52,1768787999999
1768788000000,133.8,134.11,133.47,133.82,96915.874,1768791599999
1768791600000,133.81,134.12,133.61,133.94,93363.297,1768795199999
1768795200000,133.93,134.09,133.5,133.69,90622.553,1768798799999
1768798800000,133.69,133.99,133.34,133.35,117106.412,1768802399999
1768802400000,133.36,133.44,132.71,133.28,96467.946,1768805999999
1768806000000,133.28,133.57,133.2,133.47,51951.647,1768809599999
1768809600000,133.47,134.05,133.28,133.87,110205.607,1768813199999
1768813200000,133.86,134.03,133.54,133.75,80968.947,1768816799999
1768816800000,133.75,133.85,133.53,133.8,58949.717,1768820399999
1768820400000,133.8,134.37,133.63,134.13,68998.733,1768823999999
1768824000000,134.12,134.19,133.71,134.13,64466.467,1768827599999
1768827600000,134.13,134.16,133.58,133.73,54556.597,1768831199999
1768831200000,133.73,133.78,133.27,133.51,58745.107,1768834799999
1768834800000,133.51,133.93,133.42,133.55,59831.428,1768838399999
1768838400000,133.55,134.65,133.48,134.46,67821.696,1768841999999
1768842000000,134.47,134.52,134.08,134.29,50323.274,1768845599999
1768845600000,134.3,134.43,133.89,134.28,34538.12,1768849199999
1768849200000,134.28,134.71,134.24,134.45,27722.07,1768852799999
1768852800000,134.46,135.16,134.45,134.69,35874.411,1768856399999
1768856400000,134.69,134.99,134.07,134.09,27738.892,1768859999999
1768860000000,134.09,134.21,132.91,132.97,86603.826,1768863599999
1768863600000,132.97,133.94,132.74,133.44,69091.359,1768867199999
1768867200000,133.44,133.95,133.07,133.73,46933.257,1768870799999
1768870800000,133.72,134.28,133.29,133.86,33309.578,1768874399999
1768874400000,133.87,134.15,133.35,133.84,54643.631,1768877999999
1768878000000,133.84,134.63,133.49,134.24,112017.822,1768881599999
1768881600000,134.25,134.27,133.21,133.39,79047.107,1768885199999
1768885200000,133.39,133.53,132.4,133.03,121125.296,1768888799999
1768888800000,133.03,133.03,131.07,131.23,271732.467,1768892399999
1768892400000,131.23,131.78,130.56,130.62,149037.821,1768895999999
1768896000000,130.62,130.8,128.36,129.09,545824.977,1768899599999
1768899600000,129.08,129.15,128.55,128.91,148367.883,1768903199999
1768903200000,128.91,129.35,128.73,128.91,89562.351,1768906799999
1768906800000,128.9,129.47,128.72,128.81,78146.938,1768910399999
1768910400000,128.81,129.52,128.73,129.34,81875.599,1768913999999
1768914000000,129.34,129.36,128.4,128.43,111135.014,1768917599999
1768917600000,128.43,129.77,127.97,128.87,233867.727,1768921199999
1768921200000,128.87,128.97,127.24,127.86,254362.611,1768924799999
1768924800000,127.86,128.59,126.3,127.07,272307.429,1768928399999
1768928400000,127.08,127.95,126.36,126.98,140397.772,1768931999999
1768932000000,126.97,127.71,126.84,126.97,132571.957,1768935599999
1768935600000,126.96,127.53,126.59,127.25,58754.412,1768939199999
1768939200000,127.24,128.08,127.0,127.82,97927.429,1768942799999
1768942800000,127.82,127.96,126.95,126.96,40542.757,1768946399999
1768946400000,126.96,127.48,124.68,126.1,261340.303,1768949999999
1768950000000,126.09,126.5,125.6,125.8,117591.742,1768953599999
1768953600000,125.81,127.5,125.75,127.31,89787.895,1768957199999
1768957200000,127.31,127.86,127.2,127.35,77415.642,1768960799999
1768960800000,127.36,127.8,126.78,126.93,62484.625,1768964399999
1768964400000,126.93,127.84,126.88,127.61,51402.939,1768967999999
1768968000000,127.61,128.04,127.45,127.77,40569.416,1768971599999
1768971600000,127.77,128.75,127.74,128.52,95036.437,1768975199999
1768975200000,128.51,128.62,128.02,128.24,57434.736,1768978799999
1768978800000,128.24,128.45,127.5,127.62,68333.697,1768982399999
1768982400000,127.61,127.69,127.0,127.17,57353.607,1768985999999
1768986000000,127.16,127.78,127.05,127.47,72434.253,1768989599999
1768989600000,127.46,128.19,127.42,127.73,61664.344,1768993199999
1768993200000,127.74,127.91,126.8,126.94,72723.834,1768996799999
1768996800000,126.94,127.44,126.17,127.42,130888.221,1769000399999
1769000400000,127.42,127.63,126.81,127.1,76221.51,1769003999999
1769004000000,127.1,129.75,126.96,129.55,358370.208,1769007599999
1769007600000,129.55,131.18,129.37,130.43,355549.433,1769011199999
1769011200000,130.43,130.47,125.51,125.59,264324.287,1769014799999
1769014800000,125.58,127.05,125.26,126.92,222449.597,1769018399999
1769018400000,126.92,127.86,126.35,127.62,109162.995,1769021999999
1769022000000,127.61,131.68,127.2,131.5,362798.942,1769025599999
1769025600000,131.49,131.65,130.01,131.15,188285.576,1769029199999
1769029200000,131.15,132.17,130.75,131.05,107730.865,1769032799999
1769032800000,131.06,131.76,130.59,130.61,86630.358,1769036399999
1769036400000,130.61,131.05,129.16,129.54,92682.943,1769039999999
1769040000000,129.53,130.36,129.53,130.01,43551.628,1769043599999
1769043600000,130.01,130.62,129.88,130.25,60620.127,1769047199999
1769047200000,130.24,130.62,129.73,129.8,48014.113,1769050799999
1769050800000,129.8,130.3,129.54,129.86,41744.711,1769054399999
1769054400000,129.85,130.5,129.8,130.36,51765.302,1769057999999
1769058000000,130.36,130.45,129.97,130.11,25118.506,1769061599999
1769061600000,130.12,130.43,129.75,130.35,46026.269,1769065199999
1769065200000,130.36,130.44,129.77,129.81,36721.151,1769068799999
1769068800000,129.8,130.1,129.35,129.94,59426.732,1769072399999
1769072400000,129.93,130.27,129.6,130.16,45100.854,1769075999999
1769076000000,130.16,130.35,130.02,130.16,36724.933,1769079599999
1769079600000,130.16,130.34,129.72,130.11,52218.106,1769083199999
1769083200000,130.11,130.45,129.98,130.1,49086.166,1769086799999
1769086800000,130.09,130.94,129.1,129.37,109079.818,1769090399999
1769090400000,129.36,129.5,127.84,127.91,191547.35,1769093999999
1769094000000,127.91,128.63,126.73,127.41,274223.324,1769097599999
1769097600000,127.42,128.33,126.92,127.9,135459.053,1769101199999
1769101200000,127.9,128.82,127.55,128.7,82632.671,1769104799999
1769104800000,128.7,128.8,127.63,127.73,88755.307,1769108399999
1769108400000,127.74,129.37,127.45,129.26,91462.682,1769111999999
1769112000000,129.26,129.76,128.33,128.49,80006.677,1769115599999
1769115600000,128.5,129.07,128.22,128.31,62674.628,1769119199999
1769119200000,128.32,128.78,128.02,128.71,71075.18,1769122799999
1769122800000,128.71,128.72,128.12,128.47,28551.174,1769126399999
1769126400000,128.47,128.52,128.08,128.35,20335.598,1769129999999
1769130000000,128.36,128.94,128.29,128.9,50300.829,1769133599999
1769133600000,128.91,128.98,128.18,128.19,87449.146,1769137199999
1769137200000,128.18,128.78,128.14,128.76,23921.896,1769140799999
1769140800000,128.76,129.29,128.62,129.12,51597.83,1769144399999
1769144400000,129.13,129.13,128.36,128.67,32387.492,1769147999999
1769148000000,128.68,129.14,127.23,127.5,92786.786,1769151599999
1769151600000,127.51,128.1,127.51,127.93,41541.868,1769155199999
1769155200000,127.93,128.0,127.0,127.11,52730.908,1769158799999
1769158800000,127.11,127.39,126.94,127.08,56779.19,1769162399999
1769162400000,127.08,127.5,127.02,127.28,42307.324,1769165999999
1769166000000,127.29,127.76,127.23,127.54,39080.059,1769169599999
1769169600000,127.54,127.54,127.16,127.19,31937.548,1769173199999
1769173200000,127.19,127.4,126.76,126.83,104557.343,1769176799999
1769176800000,126.84,127.37,125.28,126.11,220683.568,1769180399999
1769180400000,126.11,128.1,125.53,127.9,179137.668,1769183999999
1769184000000,127.9,129.2,127.46,128.46,258702.171,1769187599999
1769187600000,128.46,130.2,127.88,128.45,179723.029,1769191199999
1769191200000,128.45,129.56,128.26,129.05,88852.2,1769194799999
1769194800000,129.05,129.13,127.77,128.08,114421.467,1769198399999
1769198400000,128.08,128.26,126.54,126.97,117205.542,1769201999999
1769202000000,126.97,127.57,126.89,127.15,39357.237,1769205599999
1769205600000,127.14,127.89,127.11,127.68,34580.728,1769209199999
1769209200000,127.67,127.67,127.26,127.43,83685.65,1769212799999
1769212800000,127.43,127.75,127.37,127.41,30867.441,1769216399999
1769216400000,127.4,127.57,127.29,127.55,21845.976,1769219999999
1769220000000,127.55,127.8,127.49,127.72,24715.929,1769223599999
1769223600000,127.72,128.12,127.6,127.91,37298.555,1769227199999
1769227200000,127.91,128.11,127.69,127.85,36257.043,1769230799999
1769230800000,127.85,127.91,127.64,127.81,25243.285,1769234399999
1769234400000,127.82,127.83,127.54,127.66,15150.565,1769237999999
1769238000000,127.66,127.68,126.89,127.11,104041.196,1769241599999
1769241600000,127.12,127.4,126.99,127.36,35736.729,1769245199999
1769245200000,127.36,127.36,127.0,127.09,31043.616,1769248799999
1769248800000,127.1,127.25,126.93,127.19,30637.278,1769252399999
1769252400000,127.19,127.37,127.12,127.17,22638.715,1769255999999
1769256000000,127.17,127.38,127.09,127.31,31336.463,1769259599999
1769259600000,127.3,127.31,126.94,126.94,36123.535,1769263199999
1769263200000,126.94,127.28,126.81,127.16,32917.114,1769266799999
1769266800000,127.16,127.41,126.8,126.85,36656.112,1769270399999
1769270400000,126.85,127.13,126.64,127.01,39338.257,1769273999999
1769274000000,127.02,127.29,126.96,127.26,21514.488,1769277599999
1769277600000,127.26,127.47,127.16,127.39,38254.84,1769281199999
1769281200000,127.39,127.51,127.24,127.3,43682.616,1769284799999
1769284800000,127.3,127.51,127.26,127.29,17456.938,1769288399999
1769288400000,127.3,127.34,127.1,127.13,34314.235,1769291999999
1769292000000,127.13,127.71,127.12,127.64,31966.369,1769295599999
1769295600000,127.64,127.76,127.17,127.21,28382.7,1769299199999
1769299200000,127.22,127.46,126.82,127.34,39333.833,1769302799999
1769302800000,127.33,127.42,126.96,127.14,35681.151,1769306399999
1769306400000,127.15,127.42,126.92,127.05,37772.36,1769309999999
1769310000000,127.06,127.13,126.35,126.64,49535.012,1769313599999
1769313600000,126.64,127.0,126.5,126.77,34334.071,1769317199999
1769317200000,126.77,126.96,126.63,126.94,24859.006,1769320799999
1769320800000,126.94,126.94,126.43,126.72,25678.709,1769324399999
1769324400000,126.72,126.72,126.35,126.47,33653.299,1769327999999
1769328000000,126.47,126.83,125.98,126.23,78413.62,1769331599999
1769331600000,126.23,126.9,126.11,126.7,62316.979,1769335199999
1769335200000,126.69,127.2,126.61,126.94,39173.012,1769338799999
1769338800000,126.95,126.97,126.56,126.77,17769.408,1769342399999
1769342400000,126.77,127.04,126.58,127.03,40222.812,1769345999999
1769346000000,127.03,127.12,126.48,126.96,36667.013,1769349599999
1769349600000,126.97,126.98,125.68,126.09,65097.286,1769353199999
1769353200000,126.09,126.32,125.48,125.59,83147.174,1769356799999
1769356800000,125.58,125.58,122.2,122.78,745309.57,1769360399999
1769360400000,122.78,122.99,121.6,122.22,279850.173,1769363999999
1769364000000,122.22,122.31,120.74,121.69,320298.732,1769367599999
1769367600000,121.69,121.87,117.15,117.96,959971.677,1769371199999
1769371200000,117.96,118.7,117.38,118.33,843492.715,1769374799999
1769374800000,118.33,118.95,117.62,118.83,351319.287,1769378399999
1769378400000,118.83,118.85,117.9,118.42,132522.112,1769381999999
1769382000000,118.42,119.45,117.53,118.85,204460.438,1769385599999
1769385600000,118.85,119.8,118.53,119.65,144927.541,1769389199999
1769389200000,119.65,122.77,119.57,122.4,175806.348,1769392799999
1769392800000,122.4,122.68,121.29,122.03,77299.779,1769396399999
1769396400000,122.03,122.33,121.11,121.57,80916.444,1769399999999
1769400000000,121.58,123.62,121.57,122.59,104472.386,1769403599999
1769403600000,122.59,122.9,122.41,122.48,42577.681,1769407199999
1769407200000,122.48,122.77,122.19,122.48,46486.887,1769410799999
1769410800000,122.49,123.01,122.23,122.89,55540.075,1769414399999
1769414400000,122.9,123.59,122.27,122.69,97546.898,1769417999999
1769418000000,122.7,122.74,121.76,121.93,83548.744,1769421599999
1769421600000,121.94,122.7,121.94,122.45,72701.762,1769425199999
1769425200000,122.46,122.7,122.41,122.5,41233.723,1769428799999
1769428800000,122.51,122.99,122.35,122.68,88321.94,1769432399999
1769432400000,122.69,123.28,122.53,123.16,69724.092,1769435999999
1769436000000,123.16,124.26,122.66,123.8,190226.062,1769439599999
1769439600000,123.8,125.2,123.04,123.53,246381.08,1769443199999
1769443200000,123.53,124.88,123.17,124.3,127507.632,1769446799999
1769446800000,124.31,124.67,123.03,124.28,130365.53,1769450399999
1769450400000,124.29,125.6,123.96,124.9,155853.931,1769453999999
1769454000000,124.91,125.13,124.18,124.31,58613.36,1769457599999
1769457600000,124.31,124.47,123.42,123.7,85142.478,1769461199999
1769461200000,123.7,124.81,123.52,124.52,81675.694,1769464799999
1769464800000,124.52,124.88,124.26,124.54,47220.758,1769468399999
1769468400000,124.53,124.87,124.13,124.24,51660.538,1769471999999
1769472000000,124.24,124.42,123.88,124.09,35086.727,1769475599999
1769475600000,124.09,124.58,123.73,124.34,54064.276,1769479199999
1769479200000,124.35,125.12,124.32,125.04,74452.009,1769482799999
1769482800000,125.04,125.17,124.4,124.51,58439.722,1769486399999
1769486400000,124.51,125.15,124.27,124.42,48741.123,1769489999999
1769490000000,124.43,124.53,124.15,124.47,52340.971,1769493599999
1769493600000,124.47,124.74,124.0,124.21,36585.913,1769497199999
1769497200000,124.22,124.65,124.04,124.52,60099.208,1769500799999
1769500800000,124.52,124.79,123.99,124.06,73380.186,1769504399999
1769504400000,124.06,124.08,123.57,123.74,85718.06,1769507999999
1769508000000,123.75,124.14,123.69,123.72,32290.299,1769511599999
1769511600000,123.72,124.29,123.61,124.12,32874.894,1769515199999
1769515200000,124.12,124.34,123.83,123.89,38733.447,1769518799999
1769518800000,123.89,123.93,123.12,123.2,41637.018,1769522399999
1769522400000,123.2,124.52,123.17,123.64,118292.719,1769525999999
1769526000000,123.65,125.06,123.45,125.01,98820.871,1769529599999
1769529600000,125.01,126.79,124.99,126.32,241959.356,1769533199999
1769533200000,126.31,126.33,123.55,124.05,172575.78,1769536799999
1769536800000,124.05,126.3,123.8,125.81,132642.282,1769540399999
1769540400000,125.82,126.27,125.4,125.85,88198.195,1769543999999
1769544000000,125.84,127.52,125.73,127.36,213405.074,1769547599999
1769547600000,127.36,127.84,126.93,127.06,121165.487,1769551199999
1769551200000,127.07,127.8,126.98,127.62,67943.242,1769554799999
1769554800000,127.62,127.65,127.12,127.19,57062.183,1769558399999
1769558400000,127.18,127.31,126.65,127.26,69587.438,1769561999999
1769562000000,127.26,127.52,126.71,127.09,49972.438,1769565599999
1769565600000,127.08,127.4,126.7,127.07,41292.057,1769569199999
1769569200000,127.07,127.25,126.71,126.96,36247.357,1769572799999
1769572800000,126.96,127.03,126.47,126.84,54792.494,1769576399999
1769576400000,126.84,126.99,126.45,126.77,39744.009,1769579999999
1769580000000,126.77,127.53,126.77,127.4,48840.519,1769583599999
1769583600000,127.41,127.54,126.95,127.1,47577.071,1769587199999
1769587200000,127.09,127.29,126.61,126.67,60888.168,1769590799999
1769590800000,126.68,127.61,125.97,127.6,113796.574,1769594399999
1769594400000,127.61,128.13,127.29,127.32,71196.706,1769597999999
1769598000000,127.32,128.34,127.17,128.17,106916.053,1769601599999
1769601600000,128.16,128.25,127.03,127.25,93775.526,1769605199999
1769605200000,127.25,127.87,126.87,127.35,124448.169,1769608799999
1769608800000,127.35,127.35,126.48,126.87,138652.417,1769612399999
1769612400000,126.86,127.17,125.52,126.07,159457.561,1769615999999
1769616000000,126.06,126.64,125.6,126.09,77690.154,1769619599999
1769619600000,126.09,127.04,125.26,126.53,116096.454,1769623199999
1769623200000,126.53,126.55,125.7,126.09,75739.898,1769626799999
1769626800000,126.09,126.72,125.3,126.01,164495.316,1769630399999
1769630400000,126.0,126.68,125.34,125.44,117569.402,1769633999999
1769634000000,125.44,125.84,124.78,125.48,96195.112,1769637599999
1769637600000,125.49,125.85,125.16,125.73,37148.61,1769641199999
1769641200000,125.73,125.78,125.07,125.35,55744.025,1769644799999
1769644800000,125.34,125.51,124.57,125.13,54357.452,1769648399999
1769648400000,125.12,125.24,124.13,124.33,72618.165,1769651999999
1769652000000,124.33,124.82,123.14,123.52,146265.486,1769655599999
1769655600000,123.51,123.79,122.7,123.07,105761.164,1769659199999
1769659200000,123.07,123.52,122.5,123.42,57827.31,1769662799999
1769662800000,123.42,123.82,123.15,123.26,47319.808,1769666399999
1769666400000,123.25,123.72,123.11,123.69,37534.722,1769669999999
1769670000000,123.69,123.98,123.65,123.78,39771.657,1769673599999
1769673600000,123.78,123.93,123.16,123.3,54359.578,1769677199999
1769677200000,123.3,123.38,122.96,123.03,39351.242,1769680799999
1769680800000,123.03,123.3,122.92,123.21,40721.49,1769684399999
1769684400000,123.21,123.3,122.66,122.76,69819.861,1769687999999
1769688000000,122.76,123.18,122.45,122.85,57908.852,1769691599999
1769691600000,122.85,123.34,122.68,122.91,56247.176,1769695199999
1769695200000,122.91,123.09,120.29,120.37,214142.814,1769698799999
1769698800000,120.38,120.44,116.12,117.69,822416.593,1769702399999
1769702400000,117.69,118.99,116.74,118.96,373616.32,1769705999999
1769706000000,118.95,119.96,117.68,117.91,282061.164,1769709599999
1769709600000,117.92,118.19,115.39,115.78,407264.532,1769713199999
1769713200000,115.77,117.21,115.43,116.84,288909.911,1769716799999
1769716800000,116.84,117.47,116.56,116.95,181237.678,1769720399999
1769720400000,116.95,117.72,116.92,117.45,119123.654,1769723999999
1769724000000,117.46,117.79,117.32,117.58,70192.149,1769727599999
1769727600000,117.58,117.91,117.27,117.82,91784.695,1769731199999
1769731200000,117.82,118.14,117.5,117.63,72173.697,1769734799999
1769734800000,117.64,117.91,112.14,115.22,700460.015,1769738399999
1769738400000,115.22,115.37,112.78,114.12,304132.802,1769741999999
1769742000000,114.12,114.68,113.55,114.43,157237.666,1769745599999
1769745600000,114.44,115.83,114.29,115.58,206669.169,1769749199999
1769749200000,115.58,116.1,115.44,115.46,92621.64,1769752799999
1769752800000,115.47,115.47,113.01,113.86,186173.894,1769756399999
1769756400000,113.87,116.13,113.87,115.78,230423.41,1769759999999
1769760000000,115.78,116.18,115.17,115.39,98998.314,1769763599999
1769763600000,115.39,116.04,114.67,115.37,187833.933,1769767199999
1769767200000,115.37,115.99,115.08,115.92,135180.293,1769770799999
1769770800000,115.91,117.28,115.77,117.08,112192.16,1769774399999
1769774400000,117.08,117.33,115.96,116.27,125964.165,1769777999999
1769778000000,116.28,116.4,115.21,115.81,158022.987,1769781599999
1769781600000,115.81,117.64,115.78,116.36,205040.888,1769785199999
1769785200000,116.36,117.14,114.58,116.8,229905.559,1769788799999
1769788800000,116.8,117.99,116.21,117.14,197452.451,1769792399999
1769792400000,117.14,117.77,116.55,116.64,135370.509,1769795999999
1769796000000,116.63,118.6,114.34,118.1,407588.867,1769799599999
1769799600000,118.1,119.12,118.1,118.3,308936.132,1769803199999
1769803200000,118.29,118.43,116.52,117.01,287832.556,1769806799999
1769806800000,117.01,118.0,116.86,117.38,111021.08,1769810399999
1769810400000,117.38,117.56,116.58,117.4,51433.974,1769813999999
1769814000000,117.39,117.63,116.9,117.59,58340.581,1769817599999
1769817600000,117.6,117.98,117.39,117.55,74010.134,1769821199999
1769821200000,117.54,118.37,117.54,118.17,88350.516,1769824799999
1769824800000,118.17,118.56,117.6,118.31,91171.039,1769828399999
1769828400000,118.31,118.66,118.18,118.39,67125.54,1769831999999
1769832000000,118.39,118.85,118.28,118.44,71708.237,1769835599999
1769835600000,118.44,118.77,118.01,118.62,113508.253,1769839199999
1769839200000,118.62,118.8,117.9,118.54,127097.967,1769842799999
1769842800000,118.55,118.6,117.2,117.37,123774.527,1769846399999
1769846400000,117.38,117.53,114.29,115.62,515928.384,1769849999999
1769850000000,115.62,116.83,115.39,116.36,159270.208,1769853599999
1769853600000,116.35,116.92,116.04,116.78,95584.744,1769857199999
1769857200000,116.79,116.79,115.97,116.05,98006.581,1769860799999
1769860800000,116.06,116.19,115.01,115.19,149919.939,1769864399999
1769864400000,115.19,115.23,113.61,114.16,233995.442,1769867999999
1769868000000,114.16,114.43,108.23,109.14,1084375.261,1769871599999
1769871600000,109.14,110.2,108.39,108.65,322151.589,1769875199999
1769875200000,108.65,109.83,105.61,106.28,714247.32,1769878799999
1769878800000,106.27,106.73,100.26,103.31,1607334.106,1769882399999
1769882400000,103.3,103.88,96.4,101.96,1364930.58,1769885999999
1769886000000,101.96,103.49,101.5,101.78,540174.932,1769889599999
1769889600000,101.77,102.58,100.4,101.99,248996.895,1769893199999
1769893200000,101.99,103.8,101.31,103.49,272806.794,1769896799999
1769896800000,103.5,104.39,103.32,104.12,144380.854,1769900399999
1769900400000,104.11,106.55,103.86,105.58,258548.484,1769903999999
1769904000000,105.58,106.43,105.32,105.67,126041.394,1769907599999
1769907600000,105.67,105.81,104.23,104.99,134368.769,1769911199999
1769911200000,104.99,105.99,104.77,105.56,86468.395,1769914799999
1769914800000,105.56,105.68,104.53,104.97,74562.008,1769918399999
1769918400000,104.97,105.51,104.8,105.2,70836.341,1769921999999
1769922000000,105.21,105.71,104.5,104.69,107662.538,1769925599999
1769925600000,104.69,105.44,104.53,105.07,67431.943,1769929199999
1769929200000,105.08,106.02,103.96,105.2,150931.224,1769932799999
1769932800000,105.2,106.06,104.81,105.52,104946.087,1769936399999
1769936400000,105.52,105.94,104.96,105.79,70479.476,1769939999999
1769940000000,105.8,105.85,103.59,103.75,172599.2,1769943599999
1769943600000,103.76,105.4,103.73,105.05,114098.12,1769947199999
1769947200000,105.06,105.19,104.13,105.05,112117.409,1769950799999
1769950800000,105.04,106.69,104.08,104.45,239797.437,1769954399999
1769954400000,104.45,104.81,101.75,102.95,396592.179,1769957999999
1769958000000,102.96,102.96,100.21,101.69,285436.953,1769961599999
1769961600000,101.7,102.89,100.93,101.73,193048.485,1769965199999
1769965200000,101.73,102.5,101.13,102.44,138966.924,1769968799999
1769968800000,102.44,104.27,102.43,103.45,221112.844,1769972399999
1769972400000,103.44,103.77,101.56,101.94,121292.53,1769975999999
1769976000000,101.94,102.87,100.19,101.59,243862.735,1769979599999
1769979600000,101.59,101.71,100.13,100.85,173272.634,1769983199999
1769983200000,100.85,102.88,100.82,101.8,148936.336,1769986799999
1769986800000,101.79,102.05,98.02,100.79,649394.09,1769990399999
1769990400000,100.78,102.9,99.65,102.28,388170.014,1769993999999
1769994000000,102.28,103.14,100.41,102.09,200480.789,1769997599999
1769997600000,102.1,102.74,100.57,100.75,171221.396,1770001199999
1770001200000,100.75,100.88,95.95,100.07,751071.305,1770004799999
1770004800000,100.08,101.79,98.66,100.31,256969.433,1770008399999
1770008400000,100.3,100.46,97.67,98.3,320609.52,1770011999999
1770012000000,98.3,101.4,97.07,100.72,663349.31,1770015599999
1770015600000,100.72,102.43,100.46,101.43,334885.952,1770019199999
1770019200000,101.42,102.49,101.36,101.7,265638.565,1770022799999
1770022800000,101.71,103.19,101.42,102.79,271740.85,1770026399999
1770026400000,102.79,103.45,102.62,102.88,128297.428,1770029999999
1770030000000,102.89,103.44,102.65,102.78,125649.771,1770033599999
1770033600000,102.78,103.78,102.78,103.3,103997.092,1770037199999
1770037200000,103.29,103.7,102.83,103.33,94483.569,1770040799999
1770040800000,103.33,105.14,102.39,103.97,326326.232,1770044399999
1770044400000,103.97,106.12,103.56,104.7,361531.853,1770047999999
1770048000000,104.69,105.78,104.28,105.0,168382.676,1770051599999
1770051600000,105.0,105.58,104.45,104.81,139614.847,1770055199999
1770055200000,104.81,105.04,103.88,104.72,110398.202,1770058799999
1770058800000,104.72,104.84,103.51,103.89,97318.24,1770062399999
1770062400000,103.88,104.26,103.32,103.84,117301.349,1770065999999
1770066000000,103.85,104.99,103.8,104.84,71731.119,1770069599999
1770069600000,104.84,105.2,104.55,105.02,50345.646,1770073199999
1770073200000,105.02,105.07,104.41,104.55,54517.523,1770076799999
1770076800000,104.54,104.67,103.7,104.18,104401.334,1770080399999
1770080400000,104.17,104.4,103.56,104.39,74503.014,1770083999999
1770084000000,104.4,104.4,102.35,102.44,94235.257,1770087599999
1770087600000,102.44,104.42,102.18,104.16,139835.881,1770091199999
1770091200000,104.17,105.1,103.86,104.68,65013.811,1770094799999
1770094800000,104.68,104.73,103.65,103.72,59729.763,1770098399999
1770098400000,103.72,104.08,102.96,103.98,93535.533,1770101999999
1770102000000,103.98,104.91,103.75,104.7,84268.477,1770105599999
1770105600000,104.7,105.04,104.07,104.11,91071.169,1770109199999
1770109200000,104.11,104.21,102.54,103.15,169415.452,1770112799999
1770112800000,103.14,103.35,102.5,102.9,94786.204,1770116399999
1770116400000,102.91,103.42,102.83,103.01,70281.313,1770119999999
1770120000000,103.01,103.38,102.53,103.13,120153.518,1770123599999
1770123600000,103.13,103.59,102.74,103.42,92001.779,1770127199999
1770127200000,103.41,103.65,100.75,100.86,240476.164,1770130799999
1770130800000,100.85,102.79,100.41,102.56,363592.435,1770134399999
1770134400000,102.56,102.56,99.96,100.73,292972.486,1770137999999
1770138000000,100.72,100.97,99.03,99.11,261309.985,1770141599999
1770141600000,99.11,99.43,96.64,96.84,492016.125,1770145199999
1770145200000,96.83,100.1,96.7,99.02,422917.456,1770148799999
1770148800000,99.01,102.07,98.31,101.14,463864.095,1770152399999
1770152400000,101.14,101.85,100.0,100.2,217826.199,1770155999999
1770156000000,100.21,100.29,98.15,98.48,174220.531,1770159599999
1770159600000,98.48,98.6,97.21,97.89,231590.134,1770163199999
1770163200000,97.89,98.8,97.17,97.99,159961.645,1770166799999
1770166800000,97.99,99.67,97.99,99.12,218613.585,1770170399999
1770170400000,99.12,99.2,97.41,97.93,114405.673,1770173999999
1770174000000,97.94,99.64,97.92,99.13,152272.144,1770177599999
1770177600000,99.12,99.35,98.04,98.09,92965.528,1770181199999
1770181200000,98.1,98.46,96.46,97.02,179530.995,1770184799999
1770184800000,97.02,98.8,96.78,98.25,152204.959,1770188399999
1770188400000,98.25,98.25,97.41,97.9,137254.97,1770191999999
1770192000000,97.91,97.96,96.77,97.73,129646.36,1770195599999
1770195600000,97.72,97.79,96.76,97.14,218414.914,1770199199999
1770199200000,97.14,97.29,96.76,97.03,137721.348,1770202799999
1770202800000,97.03,97.07,94.71,96.11,538023.224,1770206399999
1770206400000,96.12,96.73,95.86,96.47,115606.188,1770209999999
1770210000000,96.47,96.48,94.17,94.39,239663.684,1770213599999
1770213600000,94.38,95.04,92.95,93.13,424135.443,1770217199999
1770217200000,93.12,94.2,91.31,92.79,528333.294,1770220799999
1770220800000,92.8,93.13,90.98,91.97,433203.065,1770224399999
1770224400000,91.97,92.63,90.0,91.44,421163.314,1770227999999
1770228000000,91.45,93.24,90.35,92.3,451732.674,1770231599999
1770231600000,92.3,94.71,92.28,94.38,315268.825,1770235199999
1770235200000,94.38,94.5,93.0,93.24,165959.333,1770238799999
1770238800000,93.24,93.39,90.73,91.32,329000.461,1770242399999
1770242400000,91.33,92.9,89.3,90.82,348795.709,1770245999999
1770246000000,90.82,92.94,90.26,92.12,247582.036,1770249599999
1770249600000,92.11,92.76,91.37,91.74,135956.978,1770253199999
1770253200000,91.75,92.89,90.52,91.94,229315.953,1770256799999
1770256800000,91.94,92.72,90.7,90.93,251723.337,1770260399999
1770260400000,90.92,91.69,90.24,91.15,233855.042,1770263999999
1770264000000,91.14,91.92,90.32,91.13,309041.126,1770267599999
1770267600000,91.13,92.11,89.92,91.17,338190.784,1770271199999
1770271200000,91.17,91.24,89.68,90.21,290107.668,1770274799999
1770274800000,90.22,91.66,90.16,90.54,206321.3,1770278399999
1770278400000,90.55,92.46,90.55,91.77,187136.515,1770281999999
1770282000000,91.77,93.43,91.74,92.5,221009.002,1770285599999
1770285600000,92.51,92.66,89.8,90.31,256513.571,1770289199999
1770289200000,90.31,90.82,88.66,89.98,396887.146,1770292799999
1770292800000,89.98,90.76,88.68,89.53,335956.945,1770296399999
1770296400000,89.52,90.06,88.2,88.48,235626.321,1770299999999
1770300000000,88.48,91.43,88.31,88.6,402176.134,1770303599999
1770303600000,88.6,88.99,83.44,84.61,1244012.124,1770307199999
1770307200000,84.61,86.2,83.69,85.55,620015.939,1770310799999
1770310800000,85.55,85.73,82.44,82.7,566133.877,1770314399999
1770314400000,82.7,83.34,81.21,82.96,519726.287,1770317999999
1770318000000,82.96,83.31,81.41,81.68,257589.954,1770321599999
1770321600000,81.68,82.3,77.68,78.84,1411253.151,1770325199999
1770325200000,78.84,81.2,78.38,79.0,617082.215,1770328799999
1770328800000,79.01,80.68,77.6,79.81,540957.902,1770332399999
1770332400000,79.81,81.63,78.08,78.35,436766.209,1770335999999
1770336000000,78.34,78.8,67.5,75.51,3089489.443,1770339599999
1770339600000,75.51,79.79,75.48,79.6,700827.467,1770343199999
1770343200000,79.6,80.3,76.4,76.95,611199.893,1770346799999
1770346800000,76.95,77.4,75.73,76.71,456321.363,1770350399999
1770350400000,76.71,78.03,76.22,77.76,253885.587,1770353999999
1770354000000,77.75,81.65,77.59,81.15,395672.114,1770357599999
1770357600000,81.15,81.6,79.39,79.5,345800.297,1770361199999
1770361200000,79.51,80.61,78.76,79.59,322896.132,1770364799999
1770364800000,79.6,80.23,78.67,79.07,298250.313,1770368399999
1770368400000,79.07,81.69,78.95,81.34,275609.175,1770371999999
1770372000000,81.34,82.04,80.74,80.81,287047.944,1770375599999
1770375600000,80.81,81.75,80.46,81.36,193389.344,1770379199999
1770379200000,81.36,81.96,80.85,81.89,194847.569,1770382799999
1770382800000,81.9,83.85,81.7,83.11,478357.397,1770386399999
1770386400000,83.11,85.19,81.9,84.18,557554.302,1770389999999
1770390000000,84.18,85.06,83.4,84.49,474300.983,1770393599999
1770393600000,84.48,87.23,83.66,86.74,556817.838,1770397199999
1770397200000,86.74,88.72,86.16,86.73,528459.779,1770400799999
1770400800000,86.73,86.87,85.23,86.17,327231.78,1770404399999
