open_ms,open,high,low,close,volume,close_ms
1767819600000,5.661,5.683,5.656,5.675,149384.91,1767823199999
1767823200000,5.675,5.723,5.657,5.696,137492.43,1767826799999
1767826800000,5.694,5.757,5.667,5.726,104826.97,1767830399999
1767830400000,5.727,5.758,5.69,5.753,109111.26,1767833999999
1767834000000,5.753,5.81,5.736,5.807,206814.42,1767837599999
1767837600000,5.807,5.819,5.733,5.739,157601.08,1767841199999
1767841200000,5.739,5.77,5.667,5.68,123930.98,1767844799999
1767844800000,5.682,5.738,5.667,5.706,129958.66,1767848399999
1767848400000,5.707,5.731,5.7,5.717,112049.85,1767851999999
1767852000000,5.716,5.726,5.513,5.526,404140.4,1767855599999
1767855600000,5.524,5.625,5.485,5.614,642933.35,1767859199999
1767859200000,5.614,5.624,5.54,5.551,217994.09,1767862799999
1767862800000,5.551,5.585,5.493,5.504,306081.01,1767866399999
1767866400000,5.505,5.528,5.454,5.516,384336.38,1767869999999
1767870000000,5.515,5.518,5.441,5.486,441430.63,1767873599999
1767873600000,5.486,5.491,5.449,5.467,182880.5,1767877199999
1767877200000,5.467,5.49,5.456,5.471,124551.44,1767880799999
1767880800000,5.47,5.481,5.39,5.438,542576.4,1767884399999
1767884400000,5.438,5.503,5.401,5.494,333621.62,1767887999999
1767888000000,5.493,5.505,5.413,5.5,292410.79,1767891599999
1767891600000,5.5,5.529,5.472,5.52,256741.44,1767895199999
1767895200000,5.519,5.53,5.485,5.498,175853.43,1767898799999
1767898800000,5.498,5.512,5.447,5.456,124703.81,1767902399999
1767902400000,5.457,5.463,5.406,5.455,115814.0,1767905999999
1767906000000,5.457,5.515,5.456,5.504,73205.79,1767909599999
1767909600000,5.505,5.529,5.465,5.498,108918.03,1767913199999
1767913200000,5.498,5.516,5.48,5.488,66642.29,1767916799999
1767916800000,5.489,5.512,5.486,5.5,86752.31,1767920399999
1767920400000,5.502,5.546,5.445,5.478,219938.3,1767923999999
1767924000000,5.477,5.518,5.463,5.467,105648.56,1767927599999
1767927600000,5.467,5.527,5.46,5.519,115050.22,1767931199999
1767931200000,5.519,5.523,5.482,5.485,120522.56,1767934799999
1767934800000,5.484,5.502,5.469,5.486,56596.76,1767938399999
1767938400000,5.484,5.512,5.466,5.505,109120.49,1767941999999
1767942000000,5.503,5.503,5.467,5.468,109864.26,1767945599999
1767945600000,5.47,5.479,5.35,5.414,1272462.79,1767949199999
1767949200000,5.414,5.47,5.411,5.436,168366.92,1767952799999
1767952800000,5.436,5.47,5.424,5.466,84824.04,1767956399999
1767956400000,5.467,5.478,5.446,5.453,77651.15,1767959999999
1767960000000,5.452,5.461,5.426,5.452,50418.11,1767963599999
1767963600000,5.451,5.511,5.449,5.472,184746.83,1767967199999
1767967200000,5.472,5.483,5.415,5.433,153317.44,1767970799999
1767970800000,5.434,5.57,5.409,5.498,365266.76,1767974399999
1767974400000,5.499,5.568,5.465,5.52,454337.05,1767977999999
1767978000000,5.521,5.635,5.455,5.535,840437.3,1767981599999
1767981600000,5.534,5.539,5.44,5.488,131280.61,1767985199999
1767985200000,5.488,5.488,5.434,5.443,70753.11,1767988799999
1767988800000,5.441,5.482,5.436,5.461,35047.55,1767992399999
1767992400000,5.46,5.492,5.444,5.487,55245.96,1767995999999
1767996000000,5.487,5.49,5.451,5.487,61279.36,1767999599999
1767999600000,5.487,5.492,5.46,5.467,101560.1,1768003199999
1768003200000,5.467,5.476,5.443,5.45,65021.89,1768006799999
1768006800000,5.45,5.487,5.443,5.482,25143.47,1768010399999
1768010400000,5.482,5.482,5.46,5.476,37691.86,1768013999999
1768014000000,5.477,5.478,5.443,5.454,78647.72,1768017599999
1768017600000,5.453,5.459,5.426,5.44,104528.51,1768021199999
1768021200000,5.441,5.476,5.434,5.47,93596.74,1768024799999
1768024800000,5.47,5.524,5.46,5.47,327905.41,1768028399999
1768028400000,5.47,5.519,5.461,5.515,105309.39,1768031999999
1768032000000,5.516,5.536,5.486,5.502,92268.37,1768035599999
1768035600000,5.502,5.509,5.488,5.496,78126.78,1768039199999
1768039200000,5.496,5.521,5.48,5.509,121916.77,1768042799999
1768042800000,5.509,5.524,5.504,5.519,49881.11,1768046399999
1768046400000,5.519,5.555,5.513,5.546,119877.68,1768049999999
1768050000000,5.547,5.552,5.525,5.531,45673.43,1768053599999
1768053600000,5.532,5.532,5.492,5.498,114267.68,1768057199999
1768057200000,5.499,5.514,5.488,5.507,79556.81,1768060799999
1768060800000,5.507,5.516,5.49,5.496,43446.97,1768064399999
1768064400000,5.496,5.52,5.495,5.497,33986.55,1768067999999
1768068000000,5.498,5.507,5.477,5.497,46202.88,1768071599999
1768071600000,5.497,5.51,5.492,5.505,30808.81,1768075199999
1768075200000,5.507,5.518,5.503,5.517,40801.36,1768078799999
1768078800000,5.516,5.516,5.492,5.492,32651.07,1768082399999
1768082400000,5.493,5.504,5.445,5.456,121636.81,1768085999999
1768086000000,5.456,5.488,5.456,5.476,32422.6,1768089599999
1768089600000,5.476,5.498,5.469,5.497,50940.77,1768093199999
1768093200000,5.496,5.514,5.49,5.51,55081.46,1768096799999
1768096800000,5.511,5.522,5.501,5.504,46396.82,1768100399999
1768100400000,5.505,5.535,5.5,5.525,91292.04,1768103999999
1768104000000,5.526,5.528,5.501,5.508,39237.75,1768107599999
1768107600000,5.508,5.525,5.503,5.521,52296.98,1768111199999
1768111200000,5.521,5.538,5.493,5.503,58284.16,1768114799999
1768114800000,5.504,5.508,5.495,5.507,31198.5,1768118399999
1768118400000,5.505,5.522,5.488,5.513,38991.34,1768121999999
1768122000000,5.512,5.528,5.499,5.503,57384.52,1768125599999
1768125600000,5.502,5.515,5.494,5.505,31678.02,1768129199999
1768129200000,5.505,5.51,5.496,5.504,36815.2,1768132799999
1768132800000,5.504,5.538,5.5,5.528,94249.41,1768136399999
1768136400000,5.528,5.534,5.499,5.503,161574.47,1768139999999
1768140000000,5.501,5.533,5.499,5.522,88124.6,1768143599999
1768143600000,5.522,5.529,5.45,5.477,208092.17,1768147199999
1768147200000,5.478,5.539,5.465,5.498,229649.8,1768150799999
1768150800000,5.499,5.508,5.47,5.506,107461.38,1768154399999
1768154400000,5.507,5.508,5.469,5.491,93254.45,1768157999999
1768158000000,5.492,5.515,5.482,5.488,74039.43,1768161599999
1768161600000,5.488,5.488,5.422,5.448,105293.81,1768165199999
1768165200000,5.448,5.476,5.42,5.47,89387.01,1768168799999
1768168800000,5.469,5.469,5.41,5.427,79287.09,1768172399999
1768172400000,5.426,5.46,5.377,5.456,149833.55,1768175999999
1768176000000,5.456,5.476,5.39,5.463,141747.92,1768179599999
1768179600000,5.463,5.516,5.458,5.493,166806.59,1768183199999
1768183200000,5.494,5.579,5.494,5.567,238557.31,1768186799999
1768186800000,5.568,5.586,5.516,5.52,195843.92,1768190399999
1768190400000,5.52,5.582,5.505,5.578,252490.47,1768193999999
1768194000000,5.578,5.612,5.526,5.541,578910.68,1768197599999
1768197600000,5.541,5.547,5.498,5.506,97986.09,1768201199999
1768201200000,5.507,5.522,5.44,5.453,136695.44,1768204799999
1768204800000,5.451,5.471,5.362,5.413,232254.36,1768208399999
1768208400000,5.413,5.424,5.385,5.391,101664.96,1768211999999
1768212000000,5.392,5.41,5.375,5.382,75901.11,1768215599999
1768215600000,5.381,5.421,5.38,5.413,58483.03,1768219199999
1768219200000,5.413,5.424,5.392,5.394,44801.18,1768222799999
1768222800000,5.394,5.405,5.334,5.345,196291.86,1768226399999
1768226400000,5.346,5.39,5.281,5.373,266069.55,1768229999999
1768230000000,5.372,5.41,5.355,5.389,158834.92,1768233599999
1768233600000,5.388,5.444,5.374,5.402,131768.13,1768237199999
1768237200000,5.403,5.417,5.31,5.358,98752.4,1768240799999
1768240800000,5.358,5.389,5.338,5.361,68005.18,1768244399999
1768244400000,5.36,5.395,5.338,5.393,39915.67,1768247999999
1768248000000,5.393,5.413,5.323,5.329,64052.51,1768251599999
1768251600000,5.33,5.336,5.293,5.316,98354.76,1768255199999
1768255200000,5.317,5.365,5.314,5.358,41674.37,1768258799999
1768258800000,5.358,5.37,5.336,5.367,37585.21,1768262399999
1768262400000,5.368,5.385,5.357,5.38,78557.88,1768265999999
1768266000000,5.379,5.402,5.349,5.366,50101.39,1768269599999
1768269600000,5.367,5.393,5.357,5.358,35208.93,1768273199999
1768273200000,5.359,5.389,5.355,5.374,98377.45,1768276799999
1768276800000,5.374,5.411,5.374,5.403,59778.58,1768280399999
1768280400000,5.404,5.458,5.403,5.413,175013.61,1768283999999
1768284000000,5.414,5.45,5.41,5.447,151230.75,1768287599999
1768287600000,5.447,5.448,5.425,5.433,51484.89,1768291199999
1768291200000,5.432,5.446,5.41,5.445,55622.33,1768294799999
1768294800000,5.445,5.467,5.414,5.421,172141.96,1768298399999
1768298400000,5.421,5.433,5.408,5.414,76897.36,1768301999999
1768302000000,5.414,5.436,5.409,5.426,92670.32,1768305599999
1768305600000,5.426,5.46,5.416,5.455,127623.01,1768309199999
1768309200000,5.455,5.512,5.455,5.495,277061.0,1768312799999
1768312800000,5.495,5.572,5.476,5.515,258157.58,1768316399999
1768316400000,5.514,5.574,5.471,5.567,367581.56,1768319999999
1768320000000,5.568,5.618,5.559,5.59,445138.91,1768323599999
1768323600000,5.591,5.626,5.538,5.564,200335.26,1768327199999
1768327200000,5.563,5.605,5.557,5.583,113102.74,1768330799999
1768330800000,5.584,5.619,5.564,5.605,134216.39,1768334399999
1768334400000,5.605,5.615,5.562,5.587,184092.9,1768337999999
1768338000000,5.587,5.642,5.585,5.622,153193.97,1768341599999
1768341600000,5.623,5.806,5.618,5.771,659844.22,1768345199999
1768345200000,5.772,5.797,5.699,5.73,240696.25,1768348799999
1768348800000,5.73,5.766,5.697,5.746,153566.85,1768352399999
1768352400000,5.745,5.776,5.733,5.753,144269.44,1768355999999
1768356000000,5.752,5.791,5.739,5.75,195736.29,1768359599999
1768359600000,5.75,5.772,5.727,5.77,104139.17,1768363199999
1768363200000,5.769,5.783,5.741,5.749,141844.03,1768366799999
1768366800000,5.749,5.752,5.712,5.742,135312.42,1768370399999
1768370400000,5.742,5.774,5.699,5.769,169958.81,1768373999999
1768374000000,5.769,5.777,5.733,5.758,118321.7,1768377599999
1768377600000,5.759,5.823,5.755,5.794,191833.33,1768381199999
1768381200000,5.794,5.837,5.776,5.789,217082.7,1768384799999
1768384800000,5.787,5.822,5.748,5.756,156146.41,1768388399999
1768388400000,5.756,5.756,5.699,5.712,166636.16,1768391999999
1768392000000,5.711,5.737,5.702,5.72,82447.65,1768395599999
1768395600000,5.719,5.737,5.678,5.689,119809.28,1768399199999
1768399200000,5.687,5.803,5.684,5.769,279407.62,1768402799999
1768402800000,5.769,5.82,5.732,5.787,336084.67,1768406399999
1768406400000,5.788,5.852,5.778,5.791,276396.43,1768409999999
1768410000000,5.791,5.825,5.734,5.745,289297.66,1768413599999
1768413600000,5.745,5.757,5.657,5.706,224735.01,1768417199999
1768417200000,5.705,5.81,5.692,5.761,247162.07,1768420799999
1768420800000,5.761,5.79,5.73,5.76,103838.25,1768424399999
1768424400000,5.759,5.772,5.734,5.759,63156.42,1768427999999
1768428000000,5.757,5.761,5.696,5.699,130722.89,1768431599999
1768431600000,5.699,5.735,5.675,5.681,117176.65,1768435199999
1768435200000,5.681,5.685,5.623,5.632,234734.51,1768438799999
1768438800000,5.633,5.666,5.608,5.621,107483.26,1768442399999
1768442400000,5.622,5.639,5.567,5.575,152414.38,1768445999999
1768446000000,5.576,5.587,5.48,5.493,276022.09,1768449599999
1768449600000,5.491,5.511,5.484,5.502,204141.99,1768453199999
1768453200000,5.501,5.514,5.492,5.505,113221.57,1768456799999
1768456800000,5.505,5.522,5.454,5.46,253990.13,1768460399999
1768460400000,5.46,5.526,5.457,5.508,130850.82,1768463999999
1768464000000,5.508,5.519,5.483,5.514,132579.63,1768467599999
1768467600000,5.514,5.584,5.5,5.562,170165.61,1768471199999
1768471200000,5.563,5.571,5.522,5.526,172429.48,1768474799999
1768474800000,5.527,5.54,5.505,5.53,312999.33,1768478399999
1768478400000,5.53,5.55,5.47,5.498,481174.63,1768481999999
1768482000000,5.498,5.507,5.479,5.493,181070.97,1768485599999
1768485600000,5.492,5.514,5.396,5.44,361351.01,1768489199999
1768489200000,5.439,5.458,5.318,5.401,434636.43,1768492799999
1768492800000,5.4,5.434,5.353,5.412,249228.13,1768496399999
1768496400000,5.411,5.438,5.369,5.381,152063.29,1768499999999
1768500000000,5.381,5.392,5.292,5.322,278267.03,1768503599999
1768503600000,5.322,5.33,5.275,5.305,245653.77,1768507199999
1768507200000,5.304,5.31,5.226,5.244,260755.03,1768510799999
1768510800000,5.243,5.295,5.239,5.287,113100.86,1768514399999
1768514400000,5.286,5.339,5.283,5.324,121839.35,1768517999999
1768518000000,5.324,5.362,5.311,5.35,104595.25,1768521599999
1768521600000,5.351,5.361,5.327,5.329,97130.93,1768525199999
1768525200000,5.329,5.336,5.303,5.309,81409.77,1768528799999
1768528800000,5.309,5.332,5.277,5.332,206177.18,1768532399999
1768532400000,5.333,5.334,5.301,5.312,83402.12,1768535999999
1768536000000,5.313,5.334,5.271,5.292,114222.65,1768539599999
1768539600000,5.291,5.337,5.285,5.32,85058.83,1768543199999
1768543200000,5.319,5.331,5.302,5.325,44469.81,1768546799999
1768546800000,5.324,5.339,5.301,5.315,129833.91,1768550399999
1768550400000,5.314,5.336,5.307,5.327,106192.98,1768553999999
1768554000000,5.328,5.34,5.326,5.327,49409.14,1768557599999
1768557600000,5.327,5.328,5.301,5.307,65786.68,1768561199999
1768561200000,5.307,5.325,5.297,5.325,99547.69,1768564799999
1768564800000,5.324,5.333,5.296,5.306,64914.2,1768568399999
1768568400000,5.306,5.306,5.25,5.272,203052.32,1768571999999
1768572000000,5.272,5.292,5.258,5.265,94978.09,1768575599999
1768575600000,5.265,5.289,5.131,5.167,494897.16,1768579199999
1768579200000,5.166,5.227,5.154,5.207,184214.81,1768582799999
1768582800000,5.205,5.237,5.19,5.236,98824.23,1768586399999
1768586400000,5.235,5.242,5.221,5.231,60494.27,1768589999999
1768590000000,5.23,5.248,5.206,5.244,61280.71,1768593599999
1768593600000,5.244,5.319,5.216,5.318,126027.61,1768597199999
1768597200000,5.32,5.349,5.308,5.328,164770.34,1768600799999
1768600800000,5.328,5.339,5.309,5.333,57621.29,1768604399999
1768604400000,5.333,5.334,5.303,5.315,89054.33,1768607999999
1768608000000,5.316,5.339,5.305,5.331,93583.3,1768611599999
1768611600000,5.33,5.345,5.324,5.328,111956.73,1768615199999
1768615200000,5.329,5.341,5.313,5.339,55894.51,1768618799999
1768618800000,5.34,5.341,5.319,5.336,66355.54,1768622399999
1768622400000,5.335,5.348,5.324,5.344,65651.26,1768625999999
1768626000000,5.344,5.37,5.344,5.353,106520.07,1768629599999
1768629600000,5.352,5.353,5.332,5.34,29902.03,1768633199999
1768633200000,5.339,5.364,5.323,5.363,41326.51,1768636799999
1768636800000,5.362,5.378,5.353,5.372,67800.83,1768640399999
1768640400000,5.373,5.393,5.368,5.388,103234.6,1768643999999
1768644000000,5.388,5.417,5.377,5.383,70694.08,1768647599999
1768647600000,5.382,5.393,5.346,5.347,82101.9,1768651199999
1768651200000,5.347,5.373,5.335,5.373,74281.64,1768654799999
1768654800000,5.373,5.417,5.372,5.393,223794.82,1768658399999
1768658400000,5.393,5.427,5.382,5.42,91624.77,1768661999999
1768662000000,5.421,5.446,5.406,5.435,92289.93,1768665599999
1768665600000,5.436,5.44,5.373,5.388,111778.76,1768669199999
1768669200000,5.387,5.402,5.369,5.38,30834.26,1768672799999
1768672800000,5.381,5.39,5.372,5.384,13216.74,1768676399999
1768676400000,5.384,5.408,5.382,5.391,72105.05,1768679999999
1768680000000,5.391,5.409,5.387,5.393,19113.65,1768683599999
1768683600000,5.392,5.397,5.381,5.397,13663.73,1768687199999
1768687200000,5.396,5.396,5.344,5.359,35397.38,1768690799999
1768690800000,5.358,5.366,5.347,5.352,49296.71,1768694399999
1768694400000,5.351,5.389,5.346,5.371,55953.59,1768697999999
1768698000000,5.371,5.373,5.284,5.305,149427.26,1768701599999
1768701600000,5.306,5.341,5.298,5.31,53369.51,1768705199999
1768705200000,5.311,5.35,5.309,5.333,51299.16,1768708799999
1768708800000,5.332,5.336,5.314,5.326,49719.74,1768712399999
1768712400000,5.325,5.329,5.311,5.327,31404.97,1768715999999
1768716000000,5.328,5.34,5.309,5.315,27376.03,1768719599999
1768719600000,5.314,5.326,5.291,5.312,50273.45,1768723199999
1768723200000,5.311,5.326,5.305,5.321,28246.93,1768726799999
1768726800000,5.32,5.334,5.312,5.329,67945.39,1768730399999
1768730400000,5.329,5.333,5.309,5.32,42444.44,1768733999999
1768734000000,5.32,5.334,5.311,5.327,27871.06,1768737599999
1768737600000,5.328,5.328,5.298,5.304,56196.04,1768741199999
1768741200000,5.304,5.306,5.263,5.288,307652.98,1768744799999
1768744800000,5.289,5.322,5.265,5.269,136024.11,1768748399999
1768748400000,5.269,5.341,5.254,5.337,185278.03,1768751999999
1768752000000,5.338,5.381,5.33,5.345,265418.36,1768755599999
1768755600000,5.345,5.364,5.335,5.359,65744.22,1768759199999
1768759200000,5.358,5.397,5.35,5.382,66884.07,1768762799999
1768762800000,5.383,5.391,5.345,5.358,30755.96,1768766399999
1768766400000,5.358,5.388,5.346,5.369,36909.88,1768769999999
1768770000000,5.369,5.374,5.358,5.366,31824.73,1768773599999
1768773600000,5.367,5.387,5.353,5.364,29028.46,1768777199999
1768777200000,5.364,5.364,5.088,5.095,750748.8,1768780799999
1768780800000,5.095,5.097,4.62,4.919,2439046.67,1768784399999
1768784400000,4.918,4.976,4.892,4.954,298442.66,1768787999999
1768788000000,4.952,5.003,4.937,4.981,190488.03,1768791599999
1768791600000,4.981,5.034,4.973,5.023,315069.74,1768795199999
1768795200000,5.023,5.04,4.982,4.993,195474.12,1768798799999
1768798800000,4.992,5.005,4.957,4.971,229306.92,1768802399999
1768802400000,4.971,4.995,4.95,4.988,500259.16,1768805999999
1768806000000,4.987,4.999,4.956,4.964,495307.19,1768809599999
1768809600000,4.965,4.996,4.936,4.98,252324.56,1768813199999
1768813200000,4.98,5.0,4.967,4.998,54312.41,1768816799999
1768816800000,4.999,4.999,4.97,4.976,143065.93,1768820399999
1768820400000,4.976,5.022,4.972,5.0,135655.6,1768823999999
1768824000000,4.999,5.07,4.973,4.983,300801.87,1768827599999
1768827600000,4.983,5.002,4.974,4.985,93354.89,1768831199999
1768831200000,4.985,5.008,4.972,4.996,108023.68,1768834799999
1768834800000,4.997,5.008,4.975,4.977,91107.76,1768838399999
1768838400000,4.977,5.022,4.974,5.016,68429.07,1768841999999
1768842000000,5.016,5.017,4.998,5.003,50025.75,1768845599999
1768845600000,5.004,5.004,4.981,5.002,84743.81,1768849199999
1768849200000,5.003,5.048,5.003,5.034,88946.88,1768852799999
1768852800000,5.035,5.05,5.026,5.03,46393.06,1768856399999
1768856400000,5.032,5.045,5.0,5.001,47471.03,1768859999999
1768860000000,5.001,5.011,4.975,4.976,116624.47,1768863599999
1768863600000,4.976,5.035,4.972,5.026,146863.19,1768867199999
1768867200000,5.026,5.027,4.99,4.996,74073.61,1768870799999
1768870800000,4.995,5.028,4.982,5.018,96866.79,1768874399999
1768874400000,5.019,5.024,4.987,5.018,99529.68,1768877999999
1768878000000,5.018,5.027,4.988,5.0,124045.3,1768881599999
1768881600000,4.999,5.007,4.979,4.981,106394.04,1768885199999
1768885200000,4.98,5.001,4.947,4.971,400412.16,1768888799999
1768888800000,4.97,4.997,4.914,4.957,335708.22,1768892399999
1768892400000,4.956,4.981,4.942,4.942,116935.17,1768895999999
1768896000000,4.943,4.951,4.875,4.911,264216.39,1768899599999
1768899600000,4.911,4.913,4.886,4.905,88080.8,1768903199999
1768903200000,4.905,4.929,4.902,4.917,66572.64,1768906799999
1768906800000,4.919,4.937,4.892,4.897,60913.99,1768910399999
1768910400000,4.898,4.925,4.891,4.916,62317.8,1768913999999
1768914000000,4.916,4.923,4.781,4.798,465635.84,1768917599999
1768917600000,4.797,4.883,4.797,4.834,489060.53,1768921199999
1768921200000,4.834,4.837,4.762,4.81,437196.96,1768924799999
1768924800000,4.81,4.839,4.736,4.765,301247.46,1768928399999
1768928400000,4.764,4.812,4.724,4.753,254623.64,1768931999999
1768932000000,4.753,4.767,4.702,4.74,233422.42,1768935599999
1768935600000,4.741,4.769,4.737,4.765,47357.38,1768939199999
1768939200000,4.764,4.808,4.752,4.796,131372.4,1768942799999
1768942800000,4.796,4.806,4.759,4.764,35337.1,1768946399999
1768946400000,4.763,4.8,4.695,4.782,370143.26,1768949999999
1768950000000,4.782,4.824,4.758,4.803,337287.25,1768953599999
1768953600000,4.803,4.87,4.795,4.864,294883.39,1768957199999
1768957200000,4.864,4.909,4.861,4.887,174719.68,1768960799999
1768960800000,4.888,4.927,4.888,4.91,151898.9,1768964399999
1768964400000,4.91,4.943,4.91,4.921,80811.86,1768967999999
1768968000000,4.922,4.934,4.915,4.92,48803.92,1768971599999
1768971600000,4.919,4.964,4.919,4.952,71283.87,1768975199999
1768975200000,4.952,4.954,4.903,4.914,66971.36,1768978799999
1768978800000,4.913,4.923,4.874,4.884,106911.99,1768982399999
1768982400000,4.885,4.894,4.85,4.872,76954.82,1768985999999
1768986000000,4.872,4.899,4.861,4.88,72843.05,1768989599999
1768989600000,4.879,4.905,4.878,4.894,52035.63,1768993199999
1768993200000,4.895,4.92,4.845,4.85,74731.3,1768996799999
1768996800000,4.849,4.86,4.788,4.856,273536.27,1769000399999
1769000400000,4.855,4.878,4.809,4.825,186714.01,1769003999999
1769004000000,4.824,4.949,4.821,4.937,367537.07,1769007599999
1769007600000,4.936,5.0,4.92,4.973,359898.41,1769011199999
1769011200000,4.974,4.977,4.801,4.807,219161.78,1769014799999
1769014800000,4.808,4.855,4.761,4.824,257038.84,1769018399999
1769018400000,4.825,4.892,4.807,4.869,109728.24,1769021999999
1769022000000,4.869,5.066,4.849,5.063,377560.7,1769025599999
1769025600000,5.062,5.067,4.971,5.019,154894.64,1769029199999
1769029200000,5.02,5.048,4.999,5.003,98221.05,1769032799999
1769032800000,5.002,5.037,4.95,4.972,132818.1,1769036399999
1769036400000,4.971,4.994,4.924,4.94,104899.52,1769039999999
1769040000000,4.94,4.986,4.94,4.971,67019.48,1769043599999
1769043600000,4.971,4.991,4.963,4.983,81880.85,1769047199999
1769047200000,4.984,4.995,4.963,4.968,72116.52,1769050799999
1769050800000,4.969,4.987,4.94,4.948,120863.15,1769054399999
1769054400000,4.947,4.966,4.945,4.957,29579.31,1769057999999
1769058000000,4.957,4.964,4.935,4.941,37994.6,1769061599999
1769061600000,4.941,4.952,4.921,4.946,36751.27,1769065199999
1769065200000,4.946,4.953,4.922,4.928,34277.92,1769068799999
1769068800000,4.93,4.952,4.922,4.952,37613.93,1769072399999
1769072400000,4.952,4.968,4.944,4.965,48010.12,1769075999999
1769076000000,4.965,4.968,4.949,4.953,30875.74,1769079599999
1769079600000,4.952,4.955,4.916,4.916,64876.4,1769083199999
1769083200000,4.916,4.933,4.911,4.92,43392.24,1769086799999
1769086800000,4.92,4.952,4.881,4.897,117489.05,1769090399999
1769090400000,4.896,4.9,4.825,4.838,343137.29,1769093999999
1769094000000,4.837,4.85,4.772,4.819,308061.37,1769097599999
1769097600000,4.818,4.867,4.81,4.856,83838.28,1769101199999
1769101200000,4.857,4.882,4.835,4.88,56118.18,1769104799999
1769104800000,4.879,4.879,4.834,4.835,105360.35,1769108399999
1769108400000,4.836,4.869,4.823,4.853,72311.61,1769111999999
1769112000000,4.852,4.864,4.813,4.823,74814.0,1769115599999
1769115600000,4.823,4.853,4.822,4.836,39382.78,1769119199999
1769119200000,4.836,4.858,4.825,4.834,61131.83,1769122799999
1769122800000,4.833,4.845,4.813,4.836,57851.07,1769126399999
1769126400000,4.837,4.847,4.82,4.822,112856.89,1769129999999
1769130000000,4.824,4.877,4.824,4.876,50195.69,1769133599999
1769133600000,4.876,4.88,4.851,4.852,67176.52,1769137199999
1769137200000,4.853,4.894,4.852,4.88,86224.84,1769140799999
1769140800000,4.878,4.909,4.874,4.895,42728.73,1769144399999
1769144400000,4.894,4.896,4.858,4.867,26642.02,1769147999999
1769148000000,4.867,4.891,4.843,4.843,82805.36,1769151599999
1769151600000,4.843,4.878,4.84,4.872,86988.79,1769155199999
1769155200000,4.872,4.885,4.83,4.841,95895.48,1769158799999
1769158800000,4.841,4.863,4.831,4.844,41563.03,1769162399999
1769162400000,4.843,4.856,4.832,4.844,23734.47,1769165999999
1769166000000,4.844,4.883,4.843,4.871,33944.88,1769169599999
1769169600000,4.87,4.883,4.858,4.877,31117.63,1769173199999
1769173200000,4.876,4.888,4.87,4.871,36451.92,1769176799999
1769176800000,4.871,4.882,4.769,4.809,215147.33,1769180399999
1769180400000,4.81,4.907,4.785,4.895,163082.59,1769183999999
1769184000000,4.895,4.933,4.857,4.899,139445.65,1769187599999
1769187600000,4.897,4.984,4.874,4.919,191378.11,1769191199999
1769191200000,4.918,4.956,4.91,4.931,73952.49,1769194799999
1769194800000,4.93,4.93,4.851,4.872,128732.37,1769198399999
1769198400000,4.871,4.88,4.819,4.837,67051.97,1769201999999
1769202000000,4.836,4.869,4.832,4.854,22325.58,1769205599999
1769205600000,4.853,4.891,4.852,4.889,36655.64,1769209199999
1769209200000,4.888,4.888,4.866,4.873,38689.43,1769212799999
1769212800000,4.872,4.886,4.855,4.855,42395.54,1769216399999
1769216400000,4.855,4.865,4.842,4.863,78314.76,1769219999999
1769220000000,4.864,4.877,4.864,4.869,18919.21,1769223599999
1769223600000,4.869,4.891,4.857,4.885,39400.17,1769227199999
1769227200000,4.886,4.896,4.874,4.884,36308.64,1769230799999
1769230800000,4.884,4.907,4.878,4.907,45340.26,1769234399999
1769234400000,4.907,4.908,4.891,4.9,16980.46,1769237999999
1769238000000,4.901,4.901,4.879,4.887,18685.11,1769241599999
1769241600000,4.887,4.915,4.882,4.909,49784.96,1769245199999
1769245200000,4.909,4.909,4.88,4.883,48940.23,1769248799999
1769248800000,4.882,4.894,4.881,4.893,39949.57,1769252399999
1769252400000,4.893,4.9,4.888,4.894,18297.0,1769255999999
1769256000000,4.893,4.912,4.893,4.904,25086.7,1769259599999
1769259600000,4.905,4.905,4.854,4.854,99830.23,1769263199999
1769263200000,4.855,4.883,4.855,4.87,72165.89,1769266799999
1769266800000,4.871,4.878,4.841,4.842,42520.26,1769270399999
1769270400000,4.843,4.854,4.828,4.85,28308.31,1769273999999
1769274000000,4.85,4.867,4.842,4.864,36784.96,1769277599999
1769277600000,4.864,4.868,4.857,4.859,12846.5,1769281199999
1769281200000,4.859,4.861,4.846,4.847,8873.89,1769284799999
1769284800000,4.846,4.864,4.845,4.862,9740.01,1769288399999
1769288400000,4.862,4.863,4.847,4.857,8677.27,1769291999999
1769292000000,4.857,4.873,4.855,4.866,17412.67,1769295599999
1769295600000,4.867,4.87,4.852,4.855,19755.06,1769299199999
1769299200000,4.854,4.875,4.853,4.873,37856.27,1769302799999
1769302800000,4.873,4.878,4.851,4.859,36869.01,1769306399999
1769306400000,4.859,4.866,4.851,4.862,27090.33,1769309999999
1769310000000,4.863,4.866,4.825,4.837,58211.9,1769313599999
1769313600000,4.836,4.857,4.83,4.846,31116.91,1769317199999
1769317200000,4.845,4.855,4.811,4.841,187071.57,1769320799999
1769320800000,4.842,4.842,4.814,4.829,61639.97,1769324399999
1769324400000,4.829,4.829,4.802,4.827,78110.75,1769327999999
1769328000000,4.827,4.847,4.802,4.814,81043.44,1769331599999
1769331600000,4.813,4.853,4.807,4.844,59131.7,1769335199999
1769335200000,4.844,4.895,4.844,4.868,133243.03,1769338799999
1769338800000,4.867,4.882,4.85,4.857,39313.26,1769342399999
1769342400000,4.857,4.857,4.834,4.85,43626.84,1769345999999
1769346000000,4.85,4.878,4.836,4.872,74113.47,1769349599999
1769349600000,4.871,4.871,4.809,4.822,97478.7,1769353199999
1769353200000,4.821,4.849,4.808,4.817,60800.04,1769356799999
1769356800000,4.816,4.816,4.662,4.727,654650.87,1769360399999
1769360400000,4.727,4.742,4.691,4.713,195512.91,1769363999999
1769364000000,4.714,4.717,4.63,4.658,334609.99,1769367599999
1769367600000,4.658,4.663,4.562,4.582,455592.61,1769371199999
1769371200000,4.582,4.617,4.572,4.607,208574.09,1769374799999
1769374800000,4.606,4.654,4.606,4.638,149094.68,1769378399999
1769378400000,4.639,4.641,4.573,4.599,109215.64,1769381999999
1769382000000,4.6,4.644,4.579,4.637,117678.54,1769385599999
1769385600000,4.636,4.669,4.487,4.562,977594.78,1769389199999
1769389200000,4.562,4.66,4.559,4.649,350617.57,1769392799999
1769392800000,4.649,4.695,4.606,4.626,374363.8,1769396399999
1769396400000,4.627,4.642,4.579,4.597,145150.85,1769399999999
1769400000000,4.597,4.634,4.59,4.605,154491.4,1769403599999
1769403600000,4.606,4.613,4.551,4.564,646599.6,1769407199999
1769407200000,4.565,4.604,4.556,4.602,170845.15,1769410799999
1769410800000,4.602,4.632,4.583,4.618,226563.1,1769414399999
1769414400000,4.619,4.69,4.618,4.663,212152.47,1769417999999
1769418000000,4.663,4.665,4.616,4.626,76668.86,1769421599999
1769421600000,4.627,4.64,4.623,4.64,69126.38,1769425199999
1769425200000,4.64,4.659,4.63,4.631,73851.35,1769428799999
1769428800000,4.632,4.667,4.632,4.645,61468.7,1769432399999
1769432400000,4.644,4.673,4.643,4.664,74197.04,1769435999999
1769436000000,4.664,4.712,4.617,4.705,279767.81,1769439599999
1769439600000,4.705,4.76,4.658,4.689,359442.09,1769443199999
1769443200000,4.689,4.745,4.669,4.709,183171.65,1769446799999
1769446800000,4.709,4.72,4.661,4.705,138274.77,1769450399999
1769450400000,4.704,4.745,4.695,4.728,197462.92,1769453999999
1769454000000,4.729,4.741,4.698,4.704,67849.4,1769457599999
1769457600000,4.704,4.718,4.678,4.686,84891.57,1769461199999
1769461200000,4.685,4.759,4.673,4.724,204467.06,1769464799999
1769464800000,4.724,4.739,4.708,4.714,95499.25,1769468399999
1769468400000,4.712,4.735,4.698,4.711,47618.18,1769471999999
1769472000000,4.712,4.713,4.69,4.706,48254.53,1769475599999
1769475600000,4.705,4.731,4.686,4.714,75377.53,1769479199999
1769479200000,4.715,4.737,4.701,4.726,130623.06,1769482799999
1769482800000,4.725,4.733,4.707,4.723,129382.24,1769486399999
1769486400000,4.724,4.752,4.719,4.733,110308.63,1769489999999
1769490000000,4.733,4.737,4.718,4.728,90911.83,1769493599999
1769493600000,4.728,4.729,4.68,4.682,252810.75,1769497199999
1769497200000,4.682,4.703,4.68,4.69,82296.13,1769500799999
1769500800000,4.691,4.706,4.679,4.681,46576.85,1769504399999
1769504400000,4.68,4.68,4.649,4.653,126851.05,1769507999999
1769508000000,4.653,4.66,4.642,4.655,102634.98,1769511599999
1769511600000,4.656,4.677,4.646,4.663,58009.44,1769515199999
1769515200000,4.662,4.668,4.647,4.653,21845.02,1769518799999
1769518800000,4.654,4.664,4.634,4.644,44720.6,1769522399999
1769522400000,4.643,4.699,4.642,4.658,103614.79,1769525999999
1769526000000,4.658,4.719,4.646,4.712,107233.96,1769529599999
1769529600000,4.711,4.77,4.704,4.756,198416.74,1769533199999
1769533200000,4.758,4.759,4.636,4.649,191795.6,1769536799999
1769536800000,4.648,4.738,4.631,4.724,125525.32,1769540399999
1769540400000,4.724,4.753,4.708,4.742,65039.78,1769543999999
1769544000000,4.742,4.815,4.734,4.803,203212.63,1769547599999
1769547600000,4.804,4.814,4.765,4.772,74341.62,1769551199999
1769551200000,4.772,4.81,4.772,4.795,113206.01,1769554799999
1769554800000,4.795,4.816,4.79,4.8,46855.52,1769558399999
1769558400000,4.801,4.815,4.782,4.811,75942.82,1769561999999
1769562000000,4.811,4.813,4.77,4.79,28367.43,1769565599999
1769565600000,4.79,4.805,4.778,4.797,80894.0,1769569199999
1769569200000,4.796,4.799,4.78,4.78,32452.12,1769572799999
1769572800000,4.78,4.785,4.753,4.767,53725.18,1769576399999
1769576400000,4.768,4.783,4.761,4.779,35531.19,1769579999999
1769580000000,4.779,4.808,4.779,4.805,45509.25,1769583599999
1769583600000,4.806,4.809,4.788,4.798,32010.22,1769587199999
1769587200000,4.798,4.827,4.785,4.789,196723.19,1769590799999
1769590800000,4.789,4.849,4.788,4.849,117904.43,1769594399999
1769594400000,4.85,4.865,4.834,4.836,63048.29,1769597999999
1769598000000,4.836,4.875,4.819,4.872,153790.29,1769601599999
1769601600000,4.872,4.878,4.835,4.847,115589.44,1769605199999
1769605200000,4.847,4.866,4.836,4.841,61392.59,1769608799999
1769608800000,4.842,4.85,4.809,4.821,51576.52,1769612399999
1769612400000,4.822,4.84,4.778,4.815,129907.1,1769615999999
1769616000000,4.816,4.828,4.786,4.798,67982.58,1769619599999
1769619600000,4.799,4.858,4.775,4.838,133454.79,1769623199999
1769623200000,4.838,4.838,4.803,4.824,85477.23,1769626799999
1769626800000,4.823,4.843,4.799,4.826,108707.68,1769630399999
1769630400000,4.825,4.872,4.819,4.826,102952.42,1769633999999
1769634000000,4.826,4.848,4.791,4.837,63011.68,1769637599999
1769637600000,4.838,4.854,4.813,4.854,46373.48,1769641199999
1769641200000,4.854,4.864,4.817,4.82,86033.22,1769644799999
1769644800000,4.821,4.834,4.785,4.806,55354.61,1769648399999
1769648400000,4.805,4.811,4.757,4.766,54561.4,1769651999999
1769652000000,4.765,4.778,4.689,4.706,187520.71,1769655599999
1769655600000,4.705,4.74,4.694,4.714,74577.68,1769659199999
1769659200000,4.713,4.74,4.686,4.729,102560.5,1769662799999
1769662800000,4.729,4.739,4.718,4.722,31788.56,1769666399999
1769666400000,4.721,4.74,4.72,4.74,20843.67,1769669999999
1769670000000,4.74,4.751,4.725,4.728,40790.62,1769673599999
1769673600000,4.729,4.74,4.699,4.707,68169.29,1769677199999
1769677200000,4.707,4.712,4.695,4.699,56172.42,1769680799999
1769680800000,4.699,4.708,4.679,4.687,84582.61,1769684399999
1769684400000,4.687,4.687,4.647,4.653,285926.1,1769687999999
1769688000000,4.652,4.67,4.639,4.655,83406.07,1769691599999
1769691600000,4.655,4.69,4.655,4.687,57519.23,1769695199999
1769695200000,4.688,4.694,4.569,4.574,223363.75,1769698799999
1769698800000,4.575,4.575,4.413,4.455,939184.36,1769702399999
1769702400000,4.455,4.467,4.4,4.436,486185.16,1769705999999
1769706000000,4.435,4.504,4.395,4.399,357746.46,1769709599999
1769709600000,4.401,4.422,4.319,4.322,501262.25,1769713199999
1769713200000,4.321,4.364,4.286,4.345,359083.89,1769716799999
1769716800000,4.345,4.389,4.319,4.38,206898.42,1769720399999
1769720400000,4.381,4.403,4.364,4.389,97864.5,1769723999999
1769724000000,4.39,4.4,4.353,4.381,151700.04,1769727599999
1769727600000,4.381,4.404,4.359,4.396,114488.68,1769731199999
1769731200000,4.395,4.418,4.377,4.391,234396.98,1769734799999
1769734800000,4.391,4.403,4.2,4.324,893548.92,1769738399999
1769738400000,4.324,4.327,4.2,4.244,835054.89,1769741999999
1769742000000,4.245,4.27,4.24,4.251,176533.55,1769745599999
1769745600000,4.251,4.314,4.251,4.289,141728.23,1769749199999
1769749200000,4.29,4.293,4.258,4.269,103245.76,1769752799999
1769752800000,4.268,4.276,4.17,4.208,308395.05,1769756399999
1769756400000,4.209,4.273,4.209,4.257,224406.32,1769759999999
1769760000000,4.257,4.268,4.197,4.202,191830.12,1769763599999
1769763600000,4.203,4.228,4.187,4.22,190590.81,1769767199999
1769767200000,4.218,4.252,4.2,4.252,131999.57,1769770799999
1769770800000,4.252,4.331,4.246,4.313,127908.85,1769774399999
1769774400000,4.313,4.318,4.278,4.295,123409.0,1769777999999
1769778000000,4.294,4.305,4.246,4.258,287718.6,1769781599999
1769781600000,4.258,4.318,4.247,4.28,297805.35,1769785199999
1769785200000,4.28,4.312,4.207,4.262,279399.71,1769788799999
1769788800000,4.261,4.308,4.229,4.268,193659.73,1769792399999
1769792400000,4.269,4.302,4.238,4.259,181286.56,1769795999999
1769796000000,4.258,4.336,4.141,4.317,576217.08,1769799599999
1769799600000,4.318,4.347,4.298,4.308,217034.86,1769803199999
1769803200000,4.308,4.308,4.223,4.235,373100.05,1769806799999
1769806800000,4.236,4.287,4.232,4.275,223723.3,1769810399999
1769810400000,4.276,4.287,4.264,4.282,57070.3,1769813999999
1769814000000,4.282,4.287,4.26,4.276,48053.75,1769817599999
1769817600000,4.277,4.298,4.27,4.286,55548.83,1769821199999
1769821200000,4.286,4.307,4.271,4.283,59488.25,1769824799999
1769824800000,4.282,4.298,4.261,4.282,105505.89,1769828399999
1769828400000,4.283,4.288,4.261,4.267,51096.47,1769831999999
1769832000000,4.266,4.286,4.255,4.26,49752.43,1769835599999
1769835600000,4.259,4.288,4.256,4.285,65685.55,1769839199999
1769839200000,4.286,4.288,4.251,4.261,65554.01,1769842799999
1769842800000,4.262,4.263,4.209,4.227,74124.14,1769846399999
1769846400000,4.228,4.236,4.119,4.175,561536.04,1769849999999
1769850000000,4.176,4.195,4.155,4.171,100115.34,1769853599999
1769853600000,4.172,4.193,4.147,4.168,115092.77,1769857199999
1769857200000,4.169,4.169,4.138,4.142,46521.52,1769860799999
1769860800000,4.142,4.15,4.115,4.12,155866.67,1769864399999
1769864400000,4.121,4.123,4.076,4.099,232875.79,1769867999999
1769868000000,4.1,4.109,3.891,3.975,1493173.93,1769871599999
1769871600000,3.976,4.025,3.97,3.995,373343.37,1769875199999
1769875200000,3.995,4.071,3.947,3.959,548211.1,1769878799999
1769878800000,3.959,3.971,3.703,3.829,1744909.79,1769882399999
1769882400000,3.829,3.843,3.6,3.795,1673323.83,1769885999999
1769886000000,3.796,3.875,3.79,3.825,545700.59,1769889599999
1769889600000,3.825,3.841,3.778,3.831,382823.97,1769893199999
1769893200000,3.83,3.906,3.805,3.894,319872.73,1769896799999
1769896800000,3.895,3.906,3.874,3.889,139249.82,1769900399999
1769900400000,3.888,3.974,3.885,3.96,228371.91,1769903999999
1769904000000,3.961,4.005,3.952,3.989,270357.79,1769907599999
1769907600000,3.989,3.994,3.941,3.982,157250.61,1769911199999
1769911200000,3.981,4.029,3.978,4.018,207265.91,1769914799999
1769914800000,4.019,4.02,3.983,3.991,99214.63,1769918399999
1769918400000,3.992,4.016,3.987,3.997,132373.62,1769921999999
1769922000000,3.998,4.011,3.962,3.967,137806.24,1769925599999
1769925600000,3.968,3.988,3.941,3.955,126270.19,1769929199999
1769929200000,3.956,3.99,3.931,3.957,257596.19,1769932799999
1769932800000,3.958,3.99,3.942,3.959,139189.79,1769936399999
1769936400000,3.958,3.98,3.936,3.971,184213.36,1769939999999
1769940000000,3.971,3.98,3.901,3.906,203794.04,1769943599999
1769943600000,3.907,3.959,3.902,3.942,118082.67,1769947199999
1769947200000,3.942,3.942,3.889,3.892,128851.14,1769950799999
1769950800000,3.893,3.929,3.863,3.877,210534.73,1769954399999
1769954400000,3.876,3.917,3.816,3.88,425863.56,1769957999999
1769958000000,3.88,3.881,3.764,3.829,567717.61,1769961599999
1769961600000,3.829,3.875,3.795,3.843,452576.79,1769965199999
1769965200000,3.843,3.86,3.816,3.857,504054.23,1769968799999
1769968800000,3.857,3.932,3.857,3.894,333931.21,1769972399999
1769972400000,3.893,3.904,3.841,3.863,162862.65,1769975999999
1769976000000,3.863,3.905,3.823,3.861,177843.74,1769979599999
1769979600000,3.861,3.866,3.826,3.844,343459.49,1769983199999
1769983200000,3.845,3.907,3.84,3.874,276149.79,1769986799999
1769986800000,3.873,3.904,3.752,3.837,639302.22,1769990399999
1769990400000,3.838,3.933,3.817,3.896,533457.08,1769993999999
1769994000000,3.897,3.963,3.853,3.924,451652.66,1769997599999
1769997600000,3.925,3.942,3.883,3.886,162941.43,1770001199999
1770001200000,3.887,3.892,3.715,3.848,636755.96,1770004799999
1770004800000,3.85,3.883,3.779,3.846,298491.4,1770008399999
1770008400000,3.845,3.854,3.727,3.759,305918.71,1770011999999
1770012000000,3.758,3.872,3.704,3.829,594282.64,1770015599999
1770015600000,3.828,3.887,3.821,3.851,218372.32,1770019199999
1770019200000,3.852,3.888,3.852,3.873,136428.96,1770022799999
1770022800000,3.873,3.927,3.856,3.908,296295.96,1770026399999
1770026400000,3.908,3.933,3.9,3.911,140790.94,1770029999999
1770030000000,3.912,3.933,3.899,3.912,319949.86,1770033599999
1770033600000,3.913,3.96,3.913,3.938,179176.61,1770037199999
1770037200000,3.937,3.948,3.919,3.935,168191.51,1770040799999
1770040800000,3.934,3.965,3.897,3.914,370099.74,1770044399999
1770044400000,3.915,3.999,3.907,3.968,261465.45,1770047999999
1770048000000,3.968,3.989,3.945,3.949,135442.97,1770051599999
1770051600000,3.949,3.975,3.926,3.941,143505.42,1770055199999
1770055200000,3.941,3.96,3.92,3.939,95693.24,1770058799999
1770058800000,3.939,3.943,3.919,3.921,31094.2,1770062399999
1770062400000,3.921,3.932,3.901,3.912,46875.43,1770065999999
1770066000000,3.912,3.938,3.912,3.927,44913.67,1770069599999
1770069600000,3.928,3.943,3.926,3.937,36352.5,1770073199999
1770073200000,3.938,3.942,3.922,3.925,66480.73,1770076799999
1770076800000,3.926,3.934,3.886,3.916,197051.5,1770080399999
1770080400000,3.915,3.92,3.893,3.911,58643.92,1770083999999
1770084000000,3.911,3.912,3.846,3.847,146457.63,1770087599999
1770087600000,3.848,3.93,3.835,3.924,167394.73,1770091199999
1770091200000,3.924,3.956,3.915,3.944,118165.55,1770094799999
1770094800000,3.946,3.948,3.911,3.913,51565.61,1770098399999
1770098400000,3.913,3.918,3.882,3.906,298827.77,1770101999999
1770102000000,3.905,3.932,3.894,3.907,127696.55,1770105599999
1770105600000,3.907,3.935,3.893,3.904,111035.1,1770109199999
1770109200000,3.905,3.912,3.848,3.88,471900.51,1770112799999
1770112800000,3.88,3.914,3.876,3.885,177872.41,1770116399999
1770116400000,3.885,3.909,3.881,3.897,156079.39,1770119999999
1770120000000,3.897,3.938,3.886,3.93,145968.41,1770123599999
1770123600000,3.929,3.942,3.92,3.936,109966.52,1770127199999
1770127200000,3.936,3.949,3.862,3.865,177742.11,1770130799999
1770130800000,3.864,3.971,3.859,3.965,378922.33,1770134399999
1770134400000,3.965,3.967,3.866,3.875,382937.02,1770137999999
1770138000000,3.876,3.884,3.803,3.803,451114.35,1770141599999
1770141600000,3.803,3.823,3.698,3.715,692013.95,1770145199999
1770145200000,3.714,3.932,3.702,3.881,594128.83,1770148799999
1770148800000,3.881,4.026,3.835,3.984,618145.88,1770152399999
1770152400000,3.984,4.02,3.914,3.922,237981.29,1770155999999
1770156000000,3.923,3.924,3.868,3.879,107668.59,1770159599999
1770159600000,3.878,3.886,3.836,3.86,134503.68,1770163199999
1770163200000,3.86,3.903,3.849,3.889,73268.77,1770166799999
1770166800000,3.89,3.944,3.888,3.913,88587.66,1770170399999
1770170400000,3.912,3.925,3.888,3.903,139964.06,1770173999999
1770174000000,3.903,3.963,3.897,3.947,116963.82,1770177599999
1770177600000,3.947,3.954,3.923,3.926,83908.12,1770181199999
1770181200000,3.925,3.932,3.89,3.905,45935.37,1770184799999
1770184800000,3.905,3.935,3.901,3.924,75782.77,1770188399999
1770188400000,3.923,3.941,3.899,3.926,81241.08,1770191999999
1770192000000,3.926,3.934,3.854,3.873,634561.38,1770195599999
1770195600000,3.874,3.894,3.844,3.87,708119.3,1770199199999
1770199200000,3.87,3.873,3.86,3.866,59963.89,1770202799999
1770202800000,3.866,3.875,3.823,3.851,209545.03,1770206399999
1770206400000,3.852,3.86,3.827,3.844,96977.64,1770209999999
1770210000000,3.843,3.848,3.782,3.783,175585.09,1770213599999
1770213600000,3.783,3.806,3.718,3.722,342960.53,1770217199999
1770217200000,3.721,3.773,3.678,3.721,506319.77,1770220799999
1770220800000,3.719,3.744,3.664,3.71,550818.92,1770224399999
1770224400000,3.71,3.741,3.675,3.73,330348.14,1770227999999
1770228000000,3.73,3.791,3.641,3.752,603241.03,1770231599999
1770231600000,3.753,3.888,3.73,3.864,601566.17,1770235199999
1770235200000,3.865,3.869,3.803,3.813,212545.51,1770238799999
1770238800000,3.814,3.828,3.748,3.784,119147.93,1770242399999
1770242400000,3.784,3.835,3.716,3.752,227791.93,1770245999999
1770246000000,3.752,3.831,3.751,3.801,198913.49,1770249599999
1770249600000,3.801,3.826,3.786,3.801,76012.59,1770253199999
1770253200000,3.801,3.838,3.762,3.792,200989.47,1770256799999
1770256800000,3.793,3.827,3.756,3.762,249151.14,1770260399999
1770260400000,3.763,3.794,3.741,3.749,203914.65,1770263999999
1770264000000,3.75,3.77,3.721,3.738,299856.59,1770267599999
1770267600000,3.737,3.794,3.7,3.746,307253.82,1770271199999
1770271200000,3.747,3.752,3.696,3.71,257065.53,1770274799999
1770274800000,3.709,3.759,3.695,3.701,244306.66,1770278399999
1770278400000,3.702,3.751,3.701,3.729,155363.09,1770281999999
1770282000000,3.73,3.775,3.727,3.738,129534.78,1770285599999
1770285600000,3.738,3.747,3.649,3.663,154290.24,1770289199999
1770289200000,3.662,3.682,3.6,3.64,356807.77,1770292799999
1770292800000,3.641,3.66,3.601,3.626,411119.7,1770296399999
1770296400000,3.624,3.651,3.587,3.614,253279.97,1770299999999
1770300000000,3.616,3.716,3.615,3.628,382043.67,1770303599999
1770303600000,3.627,3.639,3.319,3.356,3271023.12,1770307199999
1770307200000,3.357,3.48,3.346,3.441,1039634.28,1770310799999
1770310800000,3.441,3.468,3.296,3.322,1117614.47,1770314399999
1770314400000,3.322,3.352,3.26,3.338,952393.75,1770317999999
1770318000000,3.339,3.343,3.263,3.278,631226.4,1770321599999
1770321600000,3.279,3.303,3.125,3.186,1969912.71,1770325199999
1770325200000,3.186,3.274,3.154,3.177,1112646.23,1770328799999
1770328800000,3.178,3.25,3.132,3.197,581302.5,1770332399999
1770332400000,3.198,3.271,3.157,3.168,426822.79,1770335999999
1770336000000,3.168,3.196,2.845,3.145,2830851.3,1770339599999
1770339600000,3.145,3.246,3.127,3.24,872899.06,1770343199999
1770343200000,3.24,3.263,3.126,3.161,537809.72,1770346799999
1770346800000,3.162,3.164,3.064,3.08,2074693.53,1770350399999
1770350400000,3.079,3.166,3.069,3.142,483847.67,1770353999999
1770354000000,3.142,3.272,3.136,3.258,294944.74,1770357599999
1770357600000,3.258,3.274,3.21,3.215,460100.62,1770361199999
1770361200000,3.215,3.223,3.17,3.195,463491.85,1770364799999
1770364800000,3.194,3.22,3.172,3.207,471138.33,1770368399999
1770368400000,3.206,3.29,3.194,3.278,364718.68,1770371999999
1770372000000,3.278,3.325,3.267,3.321,394184.63,1770375599999
1770375600000,3.321,3.349,3.314,3.339,309308.42,1770379199999
1770379200000,3.338,3.35,3.316,3.343,224854.29,1770382799999
1770382800000,3.343,3.403,3.34,3.377,272915.76,1770386399999
1770386400000,3.376,3.444,3.338,3.433,478777.17,1770389999999
1770390000000,3.434,3.462,3.391,3.449,383269.75,1770393599999
1770393600000,3.448,3.558,3.433,3.537,588996.71,1770397199999
1770397200000,3.536,3.632,3.521,3.577,700435.64,1770400799999
1770400800000,3.577,3.586,3.496,3.534,257302.08,1770404399999
1770404400000,3.533,3.556,3.508,3.549,184991.13,1770407999999
